X = 0.734
Y = 0.25
Z = 0.016
mu = 0.601142
Radius,Density,Temp,Mass,Lum,OptD,Kff,KH,Kes,PP,CNO,3a,Deg,Gas,Rad,TotPres, dLdr, dPdT
0,0,0,0,0,0,-nan,0,0.03468,0,0,0,0,0,0,0,0,0
100,140796,8.74984e+06,589765,280.579,36511.5,0.259322,7.13387e+31,0.03468,0.000475736,1.04431e-08,3.34551e-56,3.78009e+15,1.69165e+16,1.47805e+12,2.06981e+16,8.41737e+06,2.17698e+09
100427,140796,8.74983e+06,5.97355e+20,2.84189e+17,3.66313e+09,0.259322,7.13383e+31,0.03468,0.000475735,1.0443e-08,3.34542e-56,3.78009e+15,1.69165e+16,1.47805e+12,2.06981e+16,8.48939e+12,2.17697e+09
200683,140795,8.74982e+06,4.76662e+21,2.26768e+18,7.32363e+09,0.259323,7.13372e+31,0.03468,0.00047573,1.04426e-08,3.34516e-56,3.78006e+15,1.69164e+16,1.47804e+12,2.06979e+16,3.38992e+13,2.17696e+09
301911,140795,8.7498e+06,1.62298e+22,7.72112e+18,1.10196e+10,0.259324,7.13352e+31,0.03468,0.000475722,1.0442e-08,3.34472e-56,3.78003e+15,1.69163e+16,1.47802e+12,2.06978e+16,7.67213e+13,2.17694e+09
403027,140793,8.74976e+06,3.86079e+22,1.8367e+19,1.47115e+10,0.259326,7.13325e+31,0.03468,0.000475711,1.04411e-08,3.3441e-56,3.77998e+15,1.69161e+16,1.478e+12,2.06975e+16,1.36714e+14,2.1769e+09
504279,140792,8.74972e+06,7.56282e+22,3.59781e+19,1.84084e+10,0.259329,7.13289e+31,0.03468,0.000475697,1.044e-08,3.34331e-56,3.77991e+15,1.69158e+16,1.47797e+12,2.06972e+16,2.14027e+14,2.17686e+09
606322,140790,8.74967e+06,1.31455e+23,6.25349e+19,2.21341e+10,0.259332,7.13246e+31,0.03468,0.000475679,1.04386e-08,3.34233e-56,3.77983e+15,1.69155e+16,1.47794e+12,2.06968e+16,3.09394e+14,2.17681e+09
707552,140788,8.7496e+06,2.089e+23,9.93737e+19,2.58301e+10,0.259336,7.13194e+31,0.03468,0.000475658,1.0437e-08,3.34118e-56,3.77973e+15,1.69151e+16,1.4779e+12,2.06963e+16,4.21304e+14,2.17675e+09
809396,140785,8.74953e+06,3.12711e+23,1.48752e+20,2.95486e+10,0.25934,7.13135e+31,0.03468,0.000475634,1.04351e-08,3.33984e-56,3.77962e+15,1.69146e+16,1.47785e+12,2.06957e+16,5.5128e+14,2.17668e+09
912169,140783,8.74945e+06,4.47589e+23,2.12904e+20,3.3301e+10,0.259345,7.13067e+31,0.03468,0.000475606,1.04329e-08,3.33831e-56,3.77949e+15,1.69141e+16,1.47779e+12,2.06951e+16,7.00109e+14,2.17651e+09
1.0165e+06,140779,8.74935e+06,6.19393e+23,2.94614e+20,3.71101e+10,0.25935,7.12989e+31,0.03468,0.000475574,1.04304e-08,3.33658e-56,3.77934e+15,1.69136e+16,1.47773e+12,2.06944e+16,8.69338e+14,2.17636e+09
1.1996e+06,140773,8.74916e+06,1.018e+24,4.84172e+20,4.37955e+10,0.259362,7.12833e+31,0.03468,0.000475511,1.04254e-08,3.33307e-56,3.77905e+15,1.69124e+16,1.4776e+12,2.06929e+16,1.21052e+15,2.17612e+09
1.35443e+06,140766,8.74898e+06,1.46517e+24,6.96799e+20,4.94482e+10,0.259373,7.12681e+31,0.03468,0.000475449,1.04205e-08,3.32967e-56,3.77876e+15,1.69113e+16,1.47747e+12,2.06915e+16,1.54288e+15,2.17577e+09
1.56318e+06,140756,8.74869e+06,2.25232e+24,1.07102e+21,5.70699e+10,0.259389,7.12447e+31,0.03468,0.000475353,1.0413e-08,3.32442e-56,3.77831e+15,1.69095e+16,1.47728e+12,2.06893e+16,2.05456e+15,2.17523e+09
1.83602e+06,140741,8.74826e+06,3.64932e+24,1.73499e+21,6.70317e+10,0.259415,7.1209e+31,0.03468,0.000475207,1.04016e-08,3.31645e-56,3.77763e+15,1.69069e+16,1.47699e+12,2.0686e+16,2.83321e+15,2.17442e+09
2.1851e+06,140718,8.7476e+06,6.15108e+24,2.92359e+21,7.97767e+10,0.259453,7.1155e+31,0.03468,0.000474987,1.03844e-08,3.30442e-56,3.7766e+15,1.69028e+16,1.47654e+12,2.06809e+16,4.01046e+15,2.17323e+09
2.62531e+06,140683,8.74661e+06,1.06663e+25,5.06755e+21,9.58485e+10,0.259512,7.10737e+31,0.03468,0.000474655,1.03584e-08,3.28636e-56,3.77505e+15,1.68967e+16,1.47587e+12,2.06733e+16,5.78364e+15,2.17183e+09
3.12531e+06,140636,8.74526e+06,1.79914e+25,8.54282e+21,1.14103e+11,0.259591,7.09634e+31,0.03468,0.000474204,1.03233e-08,3.26199e-56,3.77295e+15,1.68885e+16,1.47497e+12,2.06629e+16,8.18593e+15,2.1702e+09
3.62531e+06,140581,8.74368e+06,2.80749e+25,1.33219e+22,1.32357e+11,0.259683,7.08342e+31,0.03468,0.000473675,1.02822e-08,3.23362e-56,3.77048e+15,1.68788e+16,1.4739e+12,2.06508e+16,1.09981e+16,2.16835e+09
4.12531e+06,140518,8.74187e+06,4.13557e+25,1.96087e+22,1.5061e+11,0.25979,7.06862e+31,0.03468,0.000473069,1.02352e-08,3.20135e-56,3.76765e+15,1.68677e+16,1.47268e+12,2.06368e+16,1.42164e+16,2.16629e+09
4.62531e+06,140446,8.73982e+06,5.82715e+25,2.76054e+22,1.68862e+11,0.259911,7.05194e+31,0.03468,0.000472386,1.01825e-08,3.16531e-56,3.76446e+15,1.68552e+16,1.4713e+12,2.06211e+16,1.78364e+16,2.164e+09
5.12531e+06,140367,8.73754e+06,7.92587e+25,3.75116e+22,1.87114e+11,0.260045,7.03341e+31,0.03468,0.000471626,1.0124e-08,3.12563e-56,3.76091e+15,1.68413e+16,1.46976e+12,2.06036e+16,2.18536e+16,2.16149e+09
5.62531e+06,140279,8.73503e+06,1.04752e+26,4.95246e+22,2.05364e+11,0.260194,7.01303e+31,0.03468,0.00047079,1.00599e-08,3.08247e-56,3.757e+15,1.68259e+16,1.46807e+12,2.05844e+16,2.62623e+16,2.15877e+09
6.12531e+06,140184,8.73228e+06,1.35186e+26,6.38388e+22,2.23614e+11,0.260356,6.99083e+31,0.03468,0.000469878,9.99036e-09,3.03598e-56,3.75274e+15,1.68092e+16,1.46623e+12,2.05634e+16,3.10569e+16,2.15583e+09
6.62531e+06,140080,8.7293e+06,1.70991e+26,8.06455e+22,2.41863e+11,0.260532,6.96682e+31,0.03468,0.00046889,9.91543e-09,2.98632e-56,3.74812e+15,1.6791e+16,1.46423e+12,2.05406e+16,3.6231e+16,2.15267e+09
7.12531e+06,139969,8.72609e+06,2.12598e+26,1.00133e+23,2.6011e+11,0.260722,6.94103e+31,0.03468,0.000467828,9.83526e-09,2.93369e-56,3.74315e+15,1.67715e+16,1.46207e+12,2.05161e+16,4.17776e+16,2.1493e+09
7.62531e+06,139849,8.72265e+06,2.60434e+26,1.22485e+23,2.78357e+11,0.260927,6.91346e+31,0.03468,0.000466691,9.74999e-09,2.87827e-56,3.73782e+15,1.67505e+16,1.45977e+12,2.04898e+16,4.76896e+16,2.14571e+09
8.12531e+06,139722,8.71897e+06,3.14925e+26,1.47883e+23,2.96602e+11,0.261145,6.88416e+31,0.03468,0.000465481,9.65976e-09,2.82025e-56,3.73214e+15,1.67282e+16,1.45731e+12,2.04618e+16,5.39591e+16,2.14191e+09
8.62531e+06,139586,8.71507e+06,3.76495e+26,1.76504e+23,3.14845e+11,0.261377,6.85313e+31,0.03468,0.000464197,9.56474e-09,2.75984e-56,3.72612e+15,1.67045e+16,1.4547e+12,2.04321e+16,6.05778e+16,2.1379e+09
9.12531e+06,139443,8.71093e+06,4.45565e+26,2.0852e+23,3.33087e+11,0.261624,6.82041e+31,0.03468,0.00046284,9.46507e-09,2.69723e-56,3.71974e+15,1.66795e+16,1.45194e+12,2.04007e+16,6.7537e+16,2.13368e+09
9.62531e+06,139292,8.70657e+06,5.22552e+26,2.44099e+23,3.51328e+11,0.261884,6.78601e+31,0.03468,0.000461412,9.36093e-09,2.63266e-56,3.71302e+15,1.6653e+16,1.44903e+12,2.03675e+16,7.48277e+16,2.12925e+09
1.01253e+07,139133,8.70197e+06,6.07874e+26,2.83404e+23,3.69567e+11,0.262159,6.74998e+31,0.03468,0.000459913,9.25248e-09,2.56631e-56,3.70596e+15,1.66252e+16,1.44597e+12,2.03326e+16,8.24404e+16,2.12461e+09
1.06253e+07,138966,8.69714e+06,7.01942e+26,3.26594e+23,3.87804e+11,0.262448,6.71233e+31,0.03468,0.000458343,9.13991e-09,2.49842e-56,3.69855e+15,1.65961e+16,1.44277e+12,2.02961e+16,9.0365e+16,2.11976e+09
1.11253e+07,138791,8.69209e+06,8.05166e+26,3.73823e+23,4.06039e+11,0.262752,6.67309e+31,0.03468,0.000456703,9.0234e-09,2.42919e-56,3.69081e+15,1.65656e+16,1.43942e+12,2.02578e+16,9.85913e+16,2.11471e+09
1.16253e+07,138609,8.6868e+06,9.17953e+26,4.25238e+23,4.24273e+11,0.263069,6.6323e+31,0.03468,0.000454995,8.90314e-09,2.35884e-56,3.68273e+15,1.65337e+16,1.43592e+12,2.02179e+16,1.07109e+17,2.10945e+09
1.21253e+07,138419,8.68129e+06,1.04071e+27,4.80983e+23,4.42504e+11,0.263401,6.59e+31,0.03468,0.000453218,8.77932e-09,2.28758e-56,3.67431e+15,1.65006e+16,1.43228e+12,2.01763e+16,1.15906e+17,2.104e+09
1.26253e+07,138221,8.67555e+06,1.17383e+27,5.41195e+23,4.60734e+11,0.263747,6.5462e+31,0.03468,0.000451375,8.65214e-09,2.21561e-56,3.66556e+15,1.64661e+16,1.42849e+12,2.01331e+16,1.24972e+17,2.09834e+09
1.31253e+07,138015,8.66958e+06,1.31771e+27,6.06004e+23,4.78961e+11,0.264108,6.50095e+31,0.03468,0.000449465,8.5218e-09,2.14316e-56,3.65649e+15,1.64303e+16,1.42457e+12,2.00882e+16,1.34295e+17,2.09248e+09
1.36253e+07,137802,8.66339e+06,1.47275e+27,6.75537e+23,4.97186e+11,0.264483,6.45429e+31,0.03468,0.00044749,8.38849e-09,2.07041e-56,3.64708e+15,1.63932e+16,1.4205e+12,2.00417e+16,1.43863e+17,2.08643e+09
1.41253e+07,137582,8.65697e+06,1.63933e+27,7.49914e+23,5.15409e+11,0.264873,6.40623e+31,0.03468,0.000445451,8.25242e-09,1.99756e-56,3.63735e+15,1.63549e+16,1.41629e+12,1.99936e+16,1.53665e+17,2.08018e+09
1.46253e+07,137353,8.65032e+06,1.81784e+27,8.29247e+23,5.3363e+11,0.265277,6.35684e+31,0.03468,0.000443348,8.1138e-09,1.92479e-56,3.6273e+15,1.63152e+16,1.41195e+12,1.99439e+16,1.63686e+17,2.07375e+09
1.51253e+07,137118,8.64345e+06,2.00867e+27,9.13644e+23,5.51848e+11,0.265696,6.30613e+31,0.03468,0.000441183,7.97283e-09,1.8523e-56,3.61694e+15,1.62743e+16,1.40747e+12,1.98926e+16,1.73916e+17,2.06711e+09
1.56253e+07,136875,8.63636e+06,2.21218e+27,1.00321e+24,5.70063e+11,0.26613,6.25416e+31,0.03468,0.000438957,7.82973e-09,1.78026e-56,3.60625e+15,1.62321e+16,1.40286e+12,1.98397e+16,1.8434e+17,2.06029e+09
1.61253e+07,136624,8.62905e+06,2.42874e+27,1.09803e+24,5.88276e+11,0.266578,6.20095e+31,0.03468,0.00043667,7.68469e-09,1.70882e-56,3.59526e+15,1.61886e+16,1.39811e+12,1.97853e+16,1.94946e+17,2.05329e+09
1.66253e+07,136366,8.62151e+06,2.65874e+27,1.19819e+24,6.06486e+11,0.267042,6.14655e+31,0.03468,0.000434325,7.53792e-09,1.63814e-56,3.58395e+15,1.6144e+16,1.39323e+12,1.97293e+16,2.05721e+17,2.0461e+09
1.71253e+07,136101,8.61375e+06,2.90253e+27,1.30379e+24,6.24694e+11,0.26752,6.091e+31,0.03468,0.000431922,7.38963e-09,1.56838e-56,3.57234e+15,1.60981e+16,1.38822e+12,1.96718e+16,2.16651e+17,2.03872e+09
1.76253e+07,135828,8.60576e+06,3.16047e+27,1.41488e+24,6.42898e+11,0.268013,6.03434e+31,0.03468,0.000429461,7.24003e-09,1.49967e-56,3.56043e+15,1.60509e+16,1.38308e+12,1.96128e+16,2.27722e+17,2.03117e+09
1.81253e+07,135549,8.59756e+06,3.43291e+27,1.53155e+24,6.61099e+11,0.268521,5.97661e+31,0.03468,0.000426945,7.08931e-09,1.43213e-56,3.54822e+15,1.60026e+16,1.37782e+12,1.95522e+16,2.38922e+17,2.02343e+09
1.86253e+07,135262,8.58914e+06,3.7202e+27,1.65384e+24,6.79298e+11,0.269045,5.91786e+31,0.03468,0.000424375,6.93767e-09,1.36589e-56,3.53571e+15,1.59531e+16,1.37243e+12,1.94902e+16,2.50235e+17,2.01552e+09
1.91253e+07,134968,8.5805e+06,4.02269e+27,1.78182e+24,6.97493e+11,0.269583,5.85812e+31,0.03468,0.000421751,6.78532e-09,1.30105e-56,3.52291e+15,1.59024e+16,1.36691e+12,1.94267e+16,2.6165e+17,2.00744e+09
1.96253e+07,134667,8.57164e+06,4.34071e+27,1.91552e+24,7.15685e+11,0.270137,5.79743e+31,0.03468,0.000419075,6.63244e-09,1.2377e-56,3.50983e+15,1.58506e+16,1.36128e+12,1.93618e+16,2.73151e+17,1.99919e+09
2.01253e+07,134359,8.56256e+06,4.67461e+27,2.055e+24,7.33874e+11,0.270706,5.73585e+31,0.03468,0.000416349,6.47923e-09,1.17593e-56,3.49646e+15,1.57976e+16,1.35552e+12,1.92954e+16,2.84725e+17,1.99076e+09
2.06253e+07,134044,8.55327e+06,5.0247e+27,2.20028e+24,7.5206e+11,0.271291,5.67341e+31,0.03468,0.000413573,6.32587e-09,1.11583e-56,3.48281e+15,1.57434e+16,1.34964e+12,1.92276e+16,2.96358e+17,1.98217e+09
2.11253e+07,133722,8.54377e+06,5.39131e+27,2.35139e+24,7.70242e+11,0.271891,5.61016e+31,0.03468,0.000410748,6.17255e-09,1.05744e-56,3.46888e+15,1.56882e+16,1.34365e+12,1.91584e+16,3.08036e+17,1.97342e+09
2.16253e+07,133393,8.53404e+06,5.77476e+27,2.50835e+24,7.8842e+11,0.272507,5.54614e+31,0.03468,0.000407877,6.01944e-09,1.00084e-56,3.45468e+15,1.56318e+16,1.33755e+12,1.90878e+16,3.19745e+17,1.96451e+09
2.21253e+07,133058,8.52411e+06,6.17536e+27,2.67116e+24,8.06595e+11,0.273138,5.48139e+31,0.03468,0.00040496,5.86672e-09,9.46054e-57,3.44021e+15,1.55743e+16,1.33133e+12,1.90159e+16,3.31472e+17,1.95543e+09
2.26253e+07,132715,8.51396e+06,6.59342e+27,2.83985e+24,8.24766e+11,0.273785,5.41596e+31,0.03468,0.000401998,5.71455e-09,8.93135e-57,3.42548e+15,1.55158e+16,1.325e+12,1.89426e+16,3.43203e+17,1.9462e+09
2.31253e+07,132367,8.5036e+06,7.02923e+27,3.0144e+24,8.42933e+11,0.274448,5.3499e+31,0.03468,0.000398994,5.5631e-09,8.42104e-57,3.41048e+15,1.54562e+16,1.31857e+12,1.8868e+16,3.54924e+17,1.93682e+09
2.36253e+07,132011,8.49303e+06,7.48309e+27,3.1948e+24,8.61096e+11,0.275127,5.28323e+31,0.03468,0.000395947,5.41252e-09,7.9298e-57,3.39523e+15,1.53955e+16,1.31202e+12,1.8792e+16,3.66622e+17,1.92729e+09
2.41253e+07,131649,8.48225e+06,7.95529e+27,3.38105e+24,8.79256e+11,0.275822,5.21602e+31,0.03468,0.000392861,5.26297e-09,7.45775e-57,3.37973e+15,1.53338e+16,1.30537e+12,1.87148e+16,3.78284e+17,1.91761e+09
2.46253e+07,131281,8.47126e+06,8.44612e+27,3.57311e+24,8.97411e+11,0.276534,5.1483e+31,0.03468,0.000389735,5.11458e-09,7.0049e-57,3.36398e+15,1.52711e+16,1.29862e+12,1.86364e+16,3.89897e+17,1.90778e+09
2.51253e+07,130906,8.46007e+06,8.95583e+27,3.77097e+24,9.15562e+11,0.277261,5.08012e+31,0.03468,0.000386572,4.9675e-09,6.57122e-57,3.34798e+15,1.52073e+16,1.29177e+12,1.85566e+16,4.01446e+17,1.89781e+09
2.56253e+07,130525,8.44866e+06,9.48472e+27,3.97459e+24,9.33709e+11,0.278005,5.01151e+31,0.03468,0.000383372,4.82187e-09,6.15659e-57,3.33175e+15,1.51426e+16,1.28482e+12,1.84757e+16,4.12921e+17,1.8877e+09
2.61253e+07,130137,8.43706e+06,1.0033e+28,4.18392e+24,9.51852e+11,0.278765,4.94253e+31,0.03468,0.000380138,4.6778e-09,5.76082e-57,3.31528e+15,1.50769e+16,1.27777e+12,1.83935e+16,4.24307e+17,1.87745e+09
2.66253e+07,129744,8.42524e+06,1.0601e+28,4.39892e+24,9.6999e+11,0.279542,4.87321e+31,0.03468,0.00037687,4.53541e-09,5.38368e-57,3.29859e+15,1.50103e+16,1.27063e+12,1.83101e+16,4.35594e+17,1.86707e+09
2.71253e+07,129344,8.41323e+06,1.1189e+28,4.61954e+24,9.88124e+11,0.280336,4.80359e+31,0.03468,0.00037357,4.39482e-09,5.02488e-57,3.28166e+15,1.49427e+16,1.2634e+12,1.82256e+16,4.46767e+17,1.85656e+09
2.76253e+07,128938,8.40101e+06,1.17971e+28,4.84572e+24,1.00625e+12,0.281146,4.73372e+31,0.03468,0.000370239,4.25614e-09,4.68407e-57,3.26452e+15,1.48742e+16,1.25608e+12,1.81399e+16,4.57817e+17,1.84592e+09
2.81253e+07,128526,8.38859e+06,1.24257e+28,5.07739e+24,1.02438e+12,0.281974,4.66365e+31,0.03468,0.000366879,4.11946e-09,4.36088e-57,3.24716e+15,1.48047e+16,1.24866e+12,1.80531e+16,4.6873e+17,1.83516e+09
2.86253e+07,128108,8.37597e+06,1.30749e+28,5.31448e+24,1.0425e+12,0.282818,4.5934e+31,0.03468,0.000363491,3.98488e-09,4.05487e-57,3.22959e+15,1.47344e+16,1.24117e+12,1.79652e+16,4.79496e+17,1.82427e+09
2.91253e+07,127685,8.36315e+06,1.37449e+28,5.55691e+24,1.06061e+12,0.28368,4.52302e+31,0.03468,0.000360076,3.85248e-09,3.76559e-57,3.21181e+15,1.46632e+16,1.23359e+12,1.78763e+16,4.90104e+17,1.81326e+09
2.96253e+07,127255,8.35013e+06,1.44361e+28,5.80461e+24,1.07872e+12,0.284559,4.45255e+31,0.03468,0.000356636,3.72234e-09,3.49256e-57,3.19382e+15,1.45912e+16,1.22593e+12,1.77862e+16,5.00543e+17,1.80214e+09
3.01253e+07,126820,8.33692e+06,1.51486e+28,6.05749e+24,1.09683e+12,0.285455,4.38203e+31,0.03468,0.000353172,3.59453e-09,3.23525e-57,3.17564e+15,1.45183e+16,1.21818e+12,1.76951e+16,5.10802e+17,1.7909e+09
3.06253e+07,126379,8.32351e+06,1.58826e+28,6.31544e+24,1.11493e+12,0.286369,4.3115e+31,0.03468,0.000349686,3.46912e-09,2.99314e-57,3.15727e+15,1.44445e+16,1.21037e+12,1.7603e+16,5.20871e+17,1.77955e+09
3.11253e+07,125933,8.30991e+06,1.66383e+28,6.57839e+24,1.13302e+12,0.287301,4.24099e+31,0.03468,0.000346179,3.34617e-09,2.76567e-57,3.13871e+15,1.437e+16,1.20247e+12,1.75099e+16,5.30741e+17,1.7681e+09
3.16253e+07,125481,8.29612e+06,1.74159e+28,6.84622e+24,1.15111e+12,0.28825,4.17054e+31,0.03468,0.000342653,3.22573e-09,2.55229e-57,3.11997e+15,1.42947e+16,1.19451e+12,1.74158e+16,5.40402e+17,1.75654e+09
3.21253e+07,125024,8.28213e+06,1.82155e+28,7.11882e+24,1.1692e+12,0.289217,4.1002e+31,0.03468,0.000339108,3.10785e-09,2.35243e-57,3.10104e+15,1.42186e+16,1.18647e+12,1.73208e+16,5.49845e+17,1.74488e+09
3.26253e+07,124562,8.26795e+06,1.90375e+28,7.39609e+24,1.18728e+12,0.290203,4.02999e+31,0.03468,0.000335546,2.99257e-09,2.16551e-57,3.08195e+15,1.41417e+16,1.17837e+12,1.72249e+16,5.59061e+17,1.73312e+09
3.31253e+07,124094,8.25359e+06,1.98818e+28,7.67792e+24,1.20535e+12,0.291207,3.95995e+31,0.03468,0.000331969,2.87992e-09,1.99095e-57,3.06268e+15,1.40641e+16,1.1702e+12,1.7128e+16,5.68042e+17,1.72126e+09
3.36253e+07,123621,8.23903e+06,2.07487e+28,7.96417e+24,1.22342e+12,0.292229,3.89011e+31,0.03468,0.000328377,2.76993e-09,1.82818e-57,3.04325e+15,1.39858e+16,1.16197e+12,1.70303e+16,5.76781e+17,1.70931e+09
3.41253e+07,123143,8.22429e+06,2.16384e+28,8.25473e+24,1.24148e+12,0.29327,3.82051e+31,0.03468,0.000324773,2.66263e-09,1.67662e-57,3.02367e+15,1.39068e+16,1.15368e+12,1.69317e+16,5.85269e+17,1.69728e+09
3.46253e+07,122660,8.20937e+06,2.2551e+28,8.54948e+24,1.25953e+12,0.294329,3.75118e+31,0.03468,0.000321157,2.55803e-09,1.53572e-57,3.00392e+15,1.38271e+16,1.14533e+12,1.68322e+16,5.93499e+17,1.68515e+09
3.51253e+07,122172,8.19426e+06,2.34866e+28,8.84827e+24,1.27759e+12,0.295408,3.68216e+31,0.03468,0.000317531,2.45614e-09,1.40491e-57,2.98403e+15,1.37468e+16,1.13692e+12,1.6732e+16,6.01465e+17,1.67295e+09
3.56253e+07,121679,8.17897e+06,2.44453e+28,9.15098e+24,1.29563e+12,0.296505,3.61346e+31,0.03468,0.000313896,2.35697e-09,1.28364e-57,2.964e+15,1.36658e+16,1.12845e+12,1.66309e+16,6.0916e+17,1.66066e+09
3.61253e+07,121181,8.16349e+06,2.54274e+28,9.45747e+24,1.31367e+12,0.297622,3.54513e+31,0.03468,0.000310253,2.26053e-09,1.17138e-57,2.94382e+15,1.35842e+16,1.11994e+12,1.65291e+16,6.16578e+17,1.6483e+09
3.66253e+07,120679,8.14784e+06,2.64328e+28,9.7676e+24,1.3317e+12,0.298758,3.47719e+31,0.03468,0.000306604,2.1668e-09,1.06762e-57,2.92351e+15,1.35019e+16,1.11137e+12,1.64265e+16,6.23714e+17,1.63586e+09
3.71253e+07,120172,8.13201e+06,2.74618e+28,1.00812e+25,1.34973e+12,0.299913,3.40968e+31,0.03468,0.00030295,2.07579e-09,9.71845e-58,2.90307e+15,1.34191e+16,1.10276e+12,1.63232e+16,6.30563e+17,1.62335e+09
3.76253e+07,119661,8.116e+06,2.85144e+28,1.03982e+25,1.36775e+12,0.301089,3.34261e+31,0.03468,0.000299293,1.98747e-09,8.83567e-58,2.88251e+15,1.33357e+16,1.0941e+12,1.62193e+16,6.37119e+17,1.61078e+09
3.81253e+07,119145,8.09982e+06,2.95908e+28,1.07184e+25,1.38576e+12,0.302284,3.27601e+31,0.03468,0.000295633,1.90184e-09,8.02315e-58,2.86183e+15,1.32517e+16,1.0854e+12,1.61146e+16,6.43379e+17,1.59814e+09
3.86253e+07,118625,8.08346e+06,3.06909e+28,1.10416e+25,1.40377e+12,0.303499,3.20992e+31,0.03468,0.000291971,1.81887e-09,7.27636e-58,2.84103e+15,1.31672e+16,1.07666e+12,1.60093e+16,6.49338e+17,1.58543e+09
3.91253e+07,118100,8.06693e+06,3.18149e+28,1.13678e+25,1.42177e+12,0.304734,3.14434e+31,0.03468,0.00028831,1.73855e-09,6.59095e-58,2.82012e+15,1.30821e+16,1.06788e+12,1.59033e+16,6.54994e+17,1.57267e+09
3.96253e+07,117571,8.05023e+06,3.29629e+28,1.16967e+25,1.43976e+12,0.30599,3.07932e+31,0.03468,0.000284649,1.66083e-09,5.96275e-58,2.79911e+15,1.29966e+16,1.05907e+12,1.57968e+16,6.60342e+17,1.55986e+09
4.01253e+07,117038,8.03336e+06,3.4135e+28,1.20282e+25,1.45775e+12,0.307267,3.01487e+31,0.03468,0.000280991,1.5857e-09,5.38779e-58,2.778e+15,1.29106e+16,1.05022e+12,1.56896e+16,6.6538e+17,1.54699e+09
4.06253e+07,116501,8.01632e+06,3.53311e+28,1.23621e+25,1.47573e+12,0.308564,2.95101e+31,0.03468,0.000277337,1.51312e-09,4.86229e-58,2.75679e+15,1.28241e+16,1.04133e+12,1.55819e+16,6.70107e+17,1.53407e+09
4.11253e+07,115961,7.99911e+06,3.65514e+28,1.26983e+25,1.4937e+12,0.309883,2.88776e+31,0.03468,0.000273686,1.44305e-09,4.38266e-58,2.73549e+15,1.27372e+16,1.03242e+12,1.54737e+16,6.74519e+17,1.5211e+09
4.16253e+07,115416,7.98174e+06,3.77959e+28,1.30367e+25,1.51167e+12,0.311222,2.82514e+31,0.03468,0.000270042,1.37546e-09,3.94551e-58,2.71411e+15,1.26498e+16,1.02348e+12,1.53649e+16,6.78616e+17,1.50809e+09
4.21253e+07,114867,7.9642e+06,3.90646e+28,1.3377e+25,1.52963e+12,0.312583,2.76318e+31,0.03468,0.000266405,1.3103e-09,3.54761e-58,2.69265e+15,1.2562e+16,1.01452e+12,1.52557e+16,6.82397e+17,1.49504e+09
4.26253e+07,114315,7.9465e+06,4.03576e+28,1.37192e+25,1.54758e+12,0.313966,2.70189e+31,0.03468,0.000262775,1.24752e-09,3.18594e-58,2.67111e+15,1.24739e+16,1.00553e+12,1.5146e+16,6.8586e+17,1.48196e+09
4.31253e+07,113759,7.92864e+06,4.16749e+28,1.40629e+25,1.56552e+12,0.31537,2.64128e+31,0.03468,0.000259155,1.1871e-09,2.85764e-58,2.6495e+15,1.23853e+16,9.9652e+11,1.50358e+16,6.89005e+17,1.46883e+09
4.36253e+07,113200,7.91062e+06,4.30165e+28,1.44082e+25,1.58346e+12,0.316797,2.58137e+31,0.03468,0.000255544,1.12897e-09,2.56005e-58,2.62782e+15,1.22964e+16,9.87491e+11,1.49252e+16,6.91833e+17,1.45568e+09
4.41253e+07,112637,7.89245e+06,4.43824e+28,1.47549e+25,1.60139e+12,0.318246,2.52218e+31,0.03468,0.000251945,1.07309e-09,2.29066e-58,2.60609e+15,1.22072e+16,9.78446e+11,1.48142e+16,6.94344e+17,1.44249e+09
4.46253e+07,112071,7.87411e+06,4.57727e+28,1.51026e+25,1.61931e+12,0.319717,2.46373e+31,0.03468,0.000248357,1.01941e-09,2.04712e-58,2.58429e+15,1.21176e+16,9.69387e+11,1.47029e+16,6.96538e+17,1.42928e+09
4.51253e+07,111502,7.85563e+06,4.71872e+28,1.54515e+25,1.63723e+12,0.321211,2.40601e+31,0.03468,0.000244783,9.67877e-10,1.82725e-58,2.56245e+15,1.20277e+16,9.60314e+11,1.45911e+16,6.98417e+17,1.41605e+09
4.56253e+07,110929,7.83698e+06,4.86261e+28,1.58011e+25,1.65513e+12,0.322728,2.34906e+31,0.03468,0.000241222,9.1844e-10,1.62902e-58,2.54055e+15,1.19376e+16,9.51231e+11,1.44791e+16,6.99982e+17,1.4028e+09
4.61253e+07,110354,7.81819e+06,5.00893e+28,1.61515e+25,1.67303e+12,0.324268,2.29287e+31,0.03468,0.000237677,8.71046e-10,1.45053e-58,2.51862e+15,1.18471e+16,9.42139e+11,1.43667e+16,7.01235e+17,1.38953e+09
4.66253e+07,109775,7.79925e+06,5.15767e+28,1.65025e+25,1.69092e+12,0.325832,2.23746e+31,0.03468,0.000234147,8.2564e-10,1.29004e-58,2.49664e+15,1.17564e+16,9.33041e+11,1.4254e+16,7.02178e+17,1.37624e+09
4.71253e+07,109193,7.78015e+06,5.30884e+28,1.68538e+25,1.7088e+12,0.327419,2.18284e+31,0.03468,0.000230635,7.8217e-10,1.14591e-58,2.47464e+15,1.16655e+16,9.23938e+11,1.41411e+16,7.02813e+17,1.36294e+09
4.76253e+07,108609,7.76091e+06,5.46243e+28,1.72054e+25,1.72668e+12,0.329031,2.12901e+31,0.03468,0.000227139,7.4058e-10,1.01666e-58,2.4526e+15,1.15744e+16,9.14833e+11,1.40279e+16,7.03144e+17,1.34963e+09
4.81253e+07,108022,7.74153e+06,5.61843e+28,1.7557e+25,1.74455e+12,0.330666,2.07599e+31,0.03468,0.000223663,7.00815e-10,9.00904e-59,2.43054e+15,1.14831e+16,9.05727e+11,1.39145e+16,7.03172e+17,1.33632e+09
4.86253e+07,107432,7.722e+06,5.77685e+28,1.79086e+25,1.7624e+12,0.332326,2.02378e+31,0.03468,0.000220205,6.6282e-10,7.97363e-59,2.40845e+15,1.13915e+16,8.96622e+11,1.38009e+16,7.02903e+17,1.323e+09
4.91253e+07,106839,7.70233e+06,5.93767e+28,1.826e+25,1.78025e+12,0.33401,1.97239e+31,0.03468,0.000216768,6.26541e-10,7.04874e-59,2.38636e+15,1.12999e+16,8.8752e+11,1.36871e+16,7.02338e+17,1.30968e+09
4.96253e+07,106244,7.68252e+06,6.10088e+28,1.8611e+25,1.7981e+12,0.33572,1.92183e+31,0.03468,0.000213351,5.91923e-10,6.22364e-59,2.36425e+15,1.1208e+16,8.78424e+11,1.35731e+16,7.01483e+17,1.29636e+09
5.01253e+07,105647,7.66257e+06,6.26649e+28,1.89616e+25,1.81593e+12,0.337455,1.87208e+31,0.03468,0.000209956,5.58911e-10,5.48853e-59,2.34213e+15,1.11161e+16,8.69334e+11,1.34591e+16,7.00341e+17,1.28305e+09
5.06253e+07,105047,7.64248e+06,6.43448e+28,1.93115e+25,1.83375e+12,0.339215,1.82318e+31,0.03468,0.000206584,5.27451e-10,4.83446e-59,2.32001e+15,1.1024e+16,8.60254e+11,1.33448e+16,6.98917e+17,1.26974e+09
5.11253e+07,104445,7.62225e+06,6.60484e+28,1.96606e+25,1.85157e+12,0.341001,1.7751e+31,0.03468,0.000203234,4.97491e-10,4.25323e-59,2.2979e+15,1.09318e+16,8.51184e+11,1.32305e+16,6.97214e+17,1.25644e+09
5.16253e+07,103841,7.60189e+06,6.77757e+28,2.00088e+25,1.86937e+12,0.342813,1.72786e+31,0.03468,0.000199908,4.68976e-10,3.73742e-59,2.27578e+15,1.08395e+16,8.42126e+11,1.31161e+16,6.95239e+17,1.24315e+09
5.21253e+07,103234,7.5814e+06,6.95265e+28,2.03559e+25,1.88717e+12,0.344651,1.68146e+31,0.03468,0.000196607,4.41854e-10,3.28024e-59,2.25368e+15,1.07472e+16,8.33082e+11,1.30017e+16,6.92997e+17,1.22987e+09
5.26253e+07,102626,7.56078e+06,7.13008e+28,2.07019e+25,1.90496e+12,0.346517,1.6359e+31,0.03468,0.00019333,4.16075e-10,2.87555e-59,2.23159e+15,1.06548e+16,8.24055e+11,1.28872e+16,6.90491e+17,1.21662e+09
5.31253e+07,102016,7.54003e+06,7.30984e+28,2.10465e+25,1.92274e+12,0.348409,1.59118e+31,0.03468,0.00019008,3.91586e-10,2.5178e-59,2.20952e+15,1.05624e+16,8.15045e+11,1.27727e+16,6.87729e+17,1.20338e+09
5.36253e+07,101404,7.51915e+06,7.49193e+28,2.13897e+25,1.94051e+12,0.350328,1.5473e+31,0.03468,0.000186855,3.68339e-10,2.20193e-59,2.18748e+15,1.04699e+16,8.06054e+11,1.26582e+16,6.84715e+17,1.19016e+09
5.41253e+07,100790,7.49814e+06,7.67632e+28,2.17314e+25,1.95827e+12,0.352275,1.50425e+31,0.03468,0.000183657,3.46284e-10,1.9234e-59,2.16545e+15,1.03775e+16,7.97084e+11,1.25437e+16,6.81456e+17,1.17696e+09
5.46253e+07,100175,7.47701e+06,7.86301e+28,2.20713e+25,1.97602e+12,0.354249,1.46204e+31,0.03468,0.000180487,3.25374e-10,1.67811e-59,2.14346e+15,1.02851e+16,7.88137e+11,1.24293e+16,6.77957e+17,1.16379e+09
5.51253e+07,99557.7,7.45575e+06,8.05198e+28,2.24094e+25,1.99377e+12,0.356252,1.42066e+31,0.03468,0.000177344,3.05561e-10,1.46238e-59,2.1215e+15,1.01926e+16,7.79213e+11,1.23149e+16,6.74224e+17,1.15065e+09
5.56253e+07,98939.1,7.43438e+06,8.24322e+28,2.27456e+25,2.0115e+12,0.358284,1.38012e+31,0.03468,0.00017423,2.86799e-10,1.27287e-59,2.09958e+15,1.01003e+16,7.70316e+11,1.22006e+16,6.70265e+17,1.13754e+09
5.61253e+07,98319.2,7.41288e+06,8.43672e+28,2.30798e+25,2.02922e+12,0.360344,1.3404e+31,0.03468,0.000171144,2.69044e-10,1.10661e-59,2.0777e+15,1.0008e+16,7.61446e+11,1.20864e+16,6.66084e+17,1.12446e+09
5.66253e+07,97697.9,7.39127e+06,8.63246e+28,2.34118e+25,2.04693e+12,0.362434,1.3015e+31,0.03468,0.000168088,2.52253e-10,9.60932e-60,2.05586e+15,9.91573e+15,7.52604e+11,1.19723e+16,6.61689e+17,1.11142e+09
5.71253e+07,97075.3,7.36954e+06,8.83042e+28,2.37416e+25,2.06464e+12,0.364553,1.26342e+31,0.03468,0.000165062,2.36382e-10,8.3345e-60,2.03407e+15,9.82358e+15,7.43793e+11,1.18584e+16,6.57087e+17,1.09841e+09
5.76253e+07,96451.5,7.3477e+06,9.03058e+28,2.4069e+25,2.08233e+12,0.366701,1.22616e+31,0.03468,0.000162065,2.21391e-10,7.22031e-60,2.01233e+15,9.73152e+15,7.35014e+11,1.17446e+16,6.52283e+17,1.08544e+09
5.81253e+07,95826.6,7.32574e+06,9.23294e+28,2.4394e+25,2.10001e+12,0.368881,1.1897e+31,0.03468,0.000159099,2.0724e-10,6.24773e-60,1.99065e+15,9.63958e+15,7.26267e+11,1.1631e+16,6.47285e+17,1.07252e+09
5.86253e+07,95200.7,7.30367e+06,9.43747e+28,2.47164e+25,2.11768e+12,0.37109,1.15404e+31,0.03468,0.000156164,1.93889e-10,5.39982e-60,1.96903e+15,9.54777e+15,7.17555e+11,1.15175e+16,6.421e+17,1.05963e+09
5.91253e+07,94573.9,7.28149e+06,9.64415e+28,2.50362e+25,2.13535e+12,0.373331,1.11918e+31,0.03468,0.00015326,1.81301e-10,4.66151e-60,1.94747e+15,9.4561e+15,7.08879e+11,1.14043e+16,6.36733e+17,1.04679e+09
5.96253e+07,93946.2,7.25921e+06,9.85297e+28,2.53533e+25,2.153e+12,0.375603,1.08511e+31,0.03468,0.000150388,1.6944e-10,4.01945e-60,1.92597e+15,9.36459e+15,7.00241e+11,1.12913e+16,6.31194e+17,1.034e+09
6.01253e+07,93317.6,7.23682e+06,1.00639e+29,2.56675e+25,2.17064e+12,0.377906,1.05182e+31,0.03468,0.000147547,1.58271e-10,3.46178e-60,1.90455e+15,9.27325e+15,6.9164e+11,1.11785e+16,6.25487e+17,1.02125e+09
6.06253e+07,92688.4,7.21432e+06,1.02769e+29,2.59789e+25,2.18827e+12,0.380242,1.0193e+31,0.03468,0.000144738,1.47759e-10,2.97801e-60,1.88319e+15,9.18209e+15,6.8308e+11,1.1066e+16,6.19621e+17,1.00856e+09
6.11253e+07,92058.6,7.19172e+06,1.0492e+29,2.62873e+25,2.20589e+12,0.38261,9.87543e+30,0.03468,0.000141962,1.37871e-10,2.55885e-60,1.86191e+15,9.09112e+15,6.7456e+11,1.09537e+16,6.13603e+17,9.95917e+08
6.16253e+07,91428.1,7.16902e+06,1.07092e+29,2.65926e+25,2.2235e+12,0.385011,9.56546e+30,0.03468,0.000139218,1.28578e-10,2.19614e-60,1.84071e+15,9.00036e+15,6.66083e+11,1.08417e+16,6.07438e+17,9.8333e+08
6.21253e+07,90797.2,7.14621e+06,1.09284e+29,2.68949e+25,2.2411e+12,0.387445,9.26297e+30,0.03468,0.000136506,1.19847e-10,1.88265e-60,1.81959e+15,8.90982e+15,6.57649e+11,1.07301e+16,6.01135e+17,9.70798e+08
6.26253e+07,90165.9,7.12331e+06,1.11496e+29,2.71939e+25,2.25869e+12,0.389913,8.96788e+30,0.03468,0.000133828,1.11649e-10,1.61204e-60,1.79855e+15,8.81952e+15,6.4926e+11,1.06187e+16,5.94701e+17,9.58323e+08
6.31253e+07,89534.2,7.10032e+06,1.13728e+29,2.74897e+25,2.27626e+12,0.392415,8.68009e+30,0.03468,0.000131183,1.03958e-10,1.37873e-60,1.7776e+15,8.72946e+15,6.40916e+11,1.05077e+16,5.88142e+17,9.45908e+08
6.36253e+07,88902.3,7.07723e+06,1.1598e+29,2.77822e+25,2.29383e+12,0.394952,8.39951e+30,0.03468,0.00012857,9.67448e-11,1.17782e-60,1.75674e+15,8.63966e+15,6.32619e+11,1.0397e+16,5.81465e+17,9.33554e+08
6.41253e+07,88270.2,7.05404e+06,1.18251e+29,2.80713e+25,2.31138e+12,0.397524,8.12603e+30,0.03468,0.000125992,8.99849e-11,1.00503e-60,1.73597e+15,8.55012e+15,6.2437e+11,1.02867e+16,5.74678e+17,9.21262e+08
6.46253e+07,87637.9,7.03076e+06,1.20542e+29,2.8357e+25,2.32893e+12,0.40013,7.85957e+30,0.03468,0.000123446,8.36533e-11,8.56596e-61,1.71529e+15,8.46087e+15,6.1617e+11,1.01768e+16,5.67787e+17,9.09034e+08
6.51253e+07,87005.6,7.0074e+06,1.22851e+29,2.86392e+25,2.34646e+12,0.402773,7.60002e+30,0.03468,0.000120935,7.77262e-11,7.29244e-61,1.69472e+15,8.37191e+15,6.08019e+11,1.00672e+16,5.60799e+17,8.96871e+08
6.56253e+07,86373.4,6.98394e+06,1.2518e+29,2.89179e+25,2.36398e+12,0.405452,7.34727e+30,0.03468,0.000118456,7.21811e-11,6.20111e-61,1.67424e+15,8.28326e+15,5.99919e+11,9.9581e+15,5.53721e+17,8.84776e+08
6.61253e+07,85741.2,6.9604e+06,1.27526e+29,2.91931e+25,2.38149e+12,0.408168,7.10122e+30,0.03468,0.000116012,6.69965e-11,5.26705e-61,1.65387e+15,8.19491e+15,5.91871e+11,9.84937e+15,5.4656e+17,8.72748e+08
6.66253e+07,85109.2,6.93677e+06,1.29891e+29,2.94646e+25,2.39898e+12,0.410921,6.86177e+30,0.03468,0.000113601,6.21517e-11,4.46855e-61,1.6336e+15,8.1069e+15,5.83876e+11,9.74108e+15,5.39322e+17,8.60791e+08
6.71253e+07,84477.4,6.91306e+06,1.32275e+29,2.97325e+25,2.41647e+12,0.413711,6.62881e+30,0.03468,0.000111224,5.7627e-11,3.78676e-61,1.61344e+15,8.01922e+15,5.75934e+11,9.63323e+15,5.32013e+17,8.48904e+08
6.76253e+07,83846,6.88927e+06,1.34675e+29,2.99968e+25,2.43394e+12,0.41654,6.40223e+30,0.03468,0.000108881,5.34038e-11,3.20533e-61,1.59339e+15,7.93188e+15,5.68046e+11,9.52584e+15,5.24641e+17,8.3709e+08
6.81253e+07,83214.9,6.8654e+06,1.37094e+29,3.02573e+25,2.4514e+12,0.419407,6.18192e+30,0.03468,0.000106571,4.94643e-11,2.71007e-61,1.57345e+15,7.8449e+15,5.60214e+11,9.41891e+15,5.17212e+17,8.2535e+08
6.86253e+07,82584.2,6.84145e+06,1.39529e+29,3.05141e+25,2.46885e+12,0.422314,5.96776e+30,0.03468,0.000104295,4.57915e-11,2.28872e-61,1.55363e+15,7.75828e+15,5.52437e+11,9.31246e+15,5.09731e+17,8.13684e+08
6.91253e+07,81954.1,6.81742e+06,1.41982e+29,3.07672e+25,2.48629e+12,0.42526,5.75966e+30,0.03468,0.000102053,4.23694e-11,1.93067e-61,1.53392e+15,7.67205e+15,5.44717e+11,9.20651e+15,5.02206e+17,8.02095e+08
6.96253e+07,81324.5,6.79332e+06,1.44451e+29,3.10164e+25,2.50371e+12,0.428247,5.55749e+30,0.03468,9.98447e-05,3.91826e-11,1.62679e-61,1.51433e+15,7.58619e+15,5.37054e+11,9.10106e+15,4.94642e+17,7.90582e+08
7.01253e+07,80695.5,6.76914e+06,1.46936e+29,3.12619e+25,2.52112e+12,0.431274,5.36114e+30,0.03468,9.76697e-05,3.62167e-11,1.36917e-61,1.49486e+15,7.50073e+15,5.2945e+11,8.99612e+15,4.87045e+17,7.79149e+08
7.06253e+07,80067.3,6.74489e+06,1.49438e+29,3.15036e+25,2.53852e+12,0.434342,5.1705e+30,0.03468,9.55281e-05,3.34579e-11,1.15105e-61,1.47551e+15,7.41567e+15,5.21904e+11,8.89171e+15,4.79421e+17,7.67794e+08
7.11253e+07,79439.8,6.72057e+06,1.51956e+29,3.17415e+25,2.55591e+12,0.437452,4.98547e+30,0.03468,9.34199e-05,3.08933e-11,9.66573e-62,1.45629e+15,7.33103e+15,5.14417e+11,8.78783e+15,4.71776e+17,7.5652e+08
7.16253e+07,78813.1,6.69618e+06,1.54489e+29,3.19755e+25,2.57328e+12,0.440604,4.80591e+30,0.03468,9.13449e-05,2.85105e-11,8.10745e-62,1.4372e+15,7.2468e+15,5.06991e+11,8.68451e+15,4.64115e+17,7.45327e+08
7.21253e+07,78187.3,6.67173e+06,1.57037e+29,3.22057e+25,2.59064e+12,0.4438,4.63174e+30,0.03468,8.9303e-05,2.62979e-11,6.79271e-62,1.41823e+15,7.16301e+15,4.99625e+11,8.58173e+15,4.56444e+17,7.34217e+08
7.26253e+07,77562.5,6.64721e+06,1.596e+29,3.24321e+25,2.60799e+12,0.447038,4.46282e+30,0.03468,8.7294e-05,2.42445e-11,5.68473e-62,1.39939e+15,7.07965e+15,4.9232e+11,8.47953e+15,4.48769e+17,7.23191e+08
7.31253e+07,76938.7,6.62262e+06,1.62179e+29,3.26546e+25,2.62532e+12,0.450321,4.29904e+30,0.03468,8.53179e-05,2.23399e-11,4.75212e-62,1.38068e+15,6.99673e+15,4.85076e+11,8.3779e+15,4.41093e+17,7.12248e+08
7.36253e+07,76315.9,6.59797e+06,1.64771e+29,3.28733e+25,2.64264e+12,0.453649,4.14031e+30,0.03468,8.33745e-05,2.05743e-11,3.96803e-62,1.3621e+15,6.91427e+15,4.77895e+11,8.27685e+15,4.33424e+17,7.01391e+08
7.41253e+07,75694.3,6.57326e+06,1.67378e+29,3.30882e+25,2.65995e+12,0.457021,3.98649e+30,0.03468,8.14635e-05,1.89385e-11,3.30958e-62,1.34366e+15,6.83227e+15,4.70776e+11,8.1764e+15,4.25764e+17,6.90619e+08
7.46253e+07,75073.9,6.54849e+06,1.69998e+29,3.32992e+25,2.67725e+12,0.46044,3.83749e+30,0.03468,7.95849e-05,1.74239e-11,2.75729e-62,1.32536e+15,6.75073e+15,4.6372e+11,8.07655e+15,4.1812e+17,6.79934e+08
7.51253e+07,74454.6,6.52367e+06,1.72632e+29,3.35064e+25,2.69453e+12,0.463905,3.6932e+30,0.03468,7.77383e-05,1.60221e-11,2.29459e-62,1.30719e+15,6.66967e+15,4.56728e+11,7.97731e+15,4.10496e+17,6.69337e+08
7.56253e+07,73836.7,6.49878e+06,1.75279e+29,3.37098e+25,2.71179e+12,0.467417,3.55349e+30,0.03468,7.59236e-05,1.47256e-11,1.90739e-62,1.28916e+15,6.58909e+15,4.49799e+11,7.87869e+15,4.02897e+17,6.58828e+08
7.61253e+07,73220.2,6.47385e+06,1.7794e+29,3.39095e+25,2.72905e+12,0.470976,3.41827e+30,0.03468,7.41406e-05,1.3527e-11,1.58375e-62,1.27127e+15,6.50899e+15,4.42935e+11,7.7807e+15,3.95326e+17,6.48407e+08
7.66253e+07,72605.1,6.44885e+06,1.80612e+29,3.41053e+25,2.74629e+12,0.474585,3.28743e+30,0.03468,7.23891e-05,1.24197e-11,1.31356e-62,1.25352e+15,6.42939e+15,4.36135e+11,7.68335e+15,3.87788e+17,6.38077e+08
7.71253e+07,71991.4,6.42381e+06,1.83297e+29,3.42974e+25,2.76351e+12,0.478242,3.16086e+30,0.03468,7.06688e-05,1.13972e-11,1.08824e-62,1.23591e+15,6.35029e+15,4.29399e+11,7.58663e+15,3.80287e+17,6.27836e+08
7.76253e+07,71379.2,6.39872e+06,1.85994e+29,3.44857e+25,2.78073e+12,0.481949,3.03845e+30,0.03468,6.89794e-05,1.04535e-11,9.00564e-63,1.21844e+15,6.2717e+15,4.22729e+11,7.49056e+15,3.72828e+17,6.17686e+08
7.81253e+07,70768.6,6.37358e+06,1.88703e+29,3.46703e+25,2.79792e+12,0.485706,2.92011e+30,0.03468,6.73208e-05,9.5831e-12,7.44425e-63,1.20112e+15,6.19362e+15,4.16124e+11,7.39515e+15,3.65413e+17,6.07627e+08
7.86253e+07,70159.7,6.34839e+06,1.91423e+29,3.48512e+25,2.81511e+12,0.489514,2.80572e+30,0.03468,6.56926e-05,8.78069e-12,6.14671e-63,1.18394e+15,6.11605e+15,4.09585e+11,7.30041e+15,3.58046e+17,5.97659e+08
7.91253e+07,69552.4,6.32315e+06,1.94154e+29,3.50285e+25,2.83228e+12,0.493375,2.69518e+30,0.03468,6.40947e-05,8.04137e-12,5.06969e-63,1.16691e+15,6.03901e+15,4.03111e+11,7.20633e+15,3.50731e+17,5.87784e+08
7.96253e+07,68946.8,6.29787e+06,1.96896e+29,3.52021e+25,2.84943e+12,0.497287,2.5884e+30,0.03468,6.25266e-05,7.36057e-12,4.17673e-63,1.15003e+15,5.9625e+15,3.96703e+11,7.11292e+15,3.43472e+17,5.78001e+08
8.01253e+07,68343,6.27255e+06,1.99648e+29,3.53721e+25,2.86657e+12,0.501253,2.48527e+30,0.03468,6.09883e-05,6.73398e-12,3.43723e-63,1.13329e+15,5.88652e+15,3.90361e+11,7.0202e+15,3.36271e+17,5.68312e+08
8.06253e+07,67741,6.24719e+06,2.0241e+29,3.55385e+25,2.8837e+12,0.505273,2.3857e+30,0.03468,5.94792e-05,6.15762e-12,2.82553e-63,1.1167e+15,5.81108e+15,3.84086e+11,6.92816e+15,3.29131e+17,5.58716e+08
8.11253e+07,67140.9,6.22178e+06,2.05182e+29,3.57013e+25,2.90081e+12,0.509348,2.28959e+30,0.03468,5.79992e-05,5.62773e-12,2.32011e-63,1.10026e+15,5.73617e+15,3.77876e+11,6.83682e+15,3.22056e+17,5.49213e+08
8.16253e+07,66542.7,6.19634e+06,2.07964e+29,3.58607e+25,2.91791e+12,0.513478,2.19684e+30,0.03468,5.6548e-05,5.14084e-12,1.90299e-63,1.08397e+15,5.66182e+15,3.71733e+11,6.74616e+15,3.15048e+17,5.39805e+08
8.21253e+07,65946.4,6.17086e+06,2.10754e+29,3.60165e+25,2.93499e+12,0.517665,2.10736e+30,0.03468,5.51253e-05,4.6937e-12,1.55914e-63,1.06783e+15,5.58802e+15,3.65657e+11,6.65621e+15,3.0811e+17,5.30491e+08
8.26253e+07,65352.2,6.14535e+06,2.13554e+29,3.61689e+25,2.95206e+12,0.521909,2.02106e+30,0.03468,5.37307e-05,4.28329e-12,1.276e-63,1.05184e+15,5.51477e+15,3.59647e+11,6.56697e+15,3.01244e+17,5.21271e+08
8.31253e+07,64760,6.1198e+06,2.16362e+29,3.63179e+25,2.96911e+12,0.526211,1.93785e+30,0.03468,5.23639e-05,3.9068e-12,1.04313e-63,1.03601e+15,5.44207e+15,3.53704e+11,6.47843e+15,2.94452e+17,5.12147e+08
8.36253e+07,64169.8,6.09422e+06,2.19178e+29,3.64635e+25,2.98614e+12,0.530571,1.85763e+30,0.03468,5.10246e-05,3.5616e-12,8.51817e-64,1.02032e+15,5.36994e+15,3.47827e+11,6.39061e+15,2.87737e+17,5.03117e+08
8.41253e+07,63581.9,6.06861e+06,2.22002e+29,3.66057e+25,3.00316e+12,0.534991,1.78033e+30,0.03468,4.97126e-05,3.24527e-12,6.94824e-64,1.00479e+15,5.29838e+15,3.42017e+11,6.30351e+15,2.81101e+17,4.94183e+08
8.46253e+07,62996.1,6.04297e+06,2.24833e+29,3.67447e+25,3.02017e+12,0.539472,1.70585e+30,0.03468,4.84274e-05,2.95554e-12,5.66142e-64,9.89405e+14,5.22738e+15,3.36273e+11,6.21713e+15,2.74546e+17,4.85343e+08
8.51253e+07,62412.5,6.0173e+06,2.27672e+29,3.68804e+25,3.03716e+12,0.544014,1.63411e+30,0.03468,4.71687e-05,2.69033e-12,4.60785e-64,9.74176e+14,5.15696e+15,3.30595e+11,6.13147e+15,2.68073e+17,4.766e+08
8.56253e+07,61831.2,5.9916e+06,2.30517e+29,3.70128e+25,3.05413e+12,0.548618,1.56503e+30,0.03468,4.59363e-05,2.44769e-12,3.74621e-64,9.591e+14,5.08711e+15,3.24984e+11,6.04653e+15,2.61684e+17,4.67951e+08
8.61253e+07,61252.1,5.96588e+06,2.3337e+29,3.71422e+25,3.07109e+12,0.553285,1.49852e+30,0.03468,4.47297e-05,2.22581e-12,3.04236e-64,9.44177e+14,5.01784e+15,3.1944e+11,5.96233e+15,2.55381e+17,4.59399e+08
8.66253e+07,60675.4,5.94014e+06,2.36228e+29,3.72683e+25,3.08803e+12,0.558017,1.43451e+30,0.03468,4.35486e-05,2.02303e-12,2.46803e-64,9.29408e+14,4.94914e+15,3.13961e+11,5.87886e+15,2.49165e+17,4.50942e+08
8.71253e+07,60101.1,5.91437e+06,2.39092e+29,3.73914e+25,3.10496e+12,0.562813,1.37292e+30,0.03468,4.23928e-05,1.83781e-12,1.99993e-64,9.14792e+14,4.88103e+15,3.08549e+11,5.79613e+15,2.43037e+17,4.4258e+08
8.76253e+07,59529.2,5.88858e+06,2.41962e+29,3.75115e+25,3.12187e+12,0.567675,1.31368e+30,0.03468,4.12618e-05,1.6687e-12,1.61883e-64,9.00329e+14,4.8135e+15,3.03202e+11,5.71413e+15,2.36999e+17,4.34314e+08
8.81253e+07,58959.7,5.86277e+06,2.44837e+29,3.76285e+25,3.13876e+12,0.572605,1.2567e+30,0.03468,4.01552e-05,1.5144e-12,1.30892e-64,8.86021e+14,4.74656e+15,2.97921e+11,5.63287e+15,2.31051e+17,4.26144e+08
8.86253e+07,58392.7,5.83694e+06,2.47717e+29,3.77426e+25,3.15564e+12,0.577602,1.20192e+30,0.03468,3.90729e-05,1.37368e-12,1.05718e-64,8.71865e+14,4.6802e+15,2.92706e+11,5.55236e+15,2.25195e+17,4.18069e+08
8.91253e+07,57828.2,5.81109e+06,2.50601e+29,3.78538e+25,3.1725e+12,0.582668,1.14927e+30,0.03468,3.80143e-05,1.24541e-12,8.52922e-65,8.57863e+14,4.61443e+15,2.87556e+11,5.47258e+15,2.19432e+17,4.10089e+08
8.96253e+07,57266.3,5.78523e+06,2.5349e+29,3.79621e+25,3.18934e+12,0.587804,1.09867e+30,0.03468,3.69793e-05,1.12856e-12,6.87376e-65,8.44015e+14,4.54926e+15,2.82471e+11,5.39355e+15,2.13761e+17,4.02205e+08
9.01253e+07,56706.9,5.75936e+06,2.56383e+29,3.80677e+25,3.20617e+12,0.593011,1.05006e+30,0.03468,3.59673e-05,1.02216e-12,5.53357e-65,8.30319e+14,4.48467e+15,2.77451e+11,5.31527e+15,2.08184e+17,3.94416e+08
9.06253e+07,56150.2,5.73347e+06,2.59279e+29,3.81704e+25,3.22298e+12,0.598289,1.00337e+30,0.03468,3.49781e-05,9.25326e-13,4.44981e-65,8.16777e+14,4.42068e+15,2.72495e+11,5.23773e+15,2.02701e+17,3.86722e+08
9.11253e+07,55596.1,5.70756e+06,2.62179e+29,3.82705e+25,3.23977e+12,0.603641,9.58537e+29,0.03468,3.40113e-05,8.3725e-13,3.5744e-65,8.03388e+14,4.35728e+15,2.67604e+11,5.16093e+15,1.97313e+17,3.79123e+08
9.16253e+07,55044.6,5.68165e+06,2.65081e+29,3.83678e+25,3.25655e+12,0.609067,9.155e+29,0.03468,3.30666e-05,7.5718e-13,2.86808e-65,7.90151e+14,4.29447e+15,2.62778e+11,5.08489e+15,1.92019e+17,3.71618e+08
9.21253e+07,54495.9,5.65573e+06,2.67987e+29,3.84626e+25,3.27331e+12,0.614569,8.74196e+29,0.03468,3.21436e-05,6.84426e-13,2.29882e-65,7.77066e+14,4.23227e+15,2.58015e+11,5.00959e+15,1.86821e+17,3.64208e+08
9.26253e+07,53949.9,5.6298e+06,2.70894e+29,3.85547e+25,3.29005e+12,0.620147,8.34566e+29,0.03468,3.12419e-05,6.18355e-13,1.84054e-65,7.64134e+14,4.17065e+15,2.53315e+11,4.93504e+15,1.81718e+17,3.56892e+08
9.31253e+07,53406.6,5.60386e+06,2.73804e+29,3.86444e+25,3.30678e+12,0.625802,7.9655e+29,0.03468,3.03613e-05,5.58384e-13,1.47201e-65,7.51353e+14,4.10963e+15,2.48679e+11,4.86124e+15,1.7671e+17,3.49669e+08
9.36253e+07,52866.2,5.57792e+06,2.76716e+29,3.87315e+25,3.32349e+12,0.631536,7.60094e+29,0.03468,2.95014e-05,5.03978e-13,1.176e-65,7.38723e+14,4.04921e+15,2.44106e+11,4.78818e+15,1.71797e+17,3.42541e+08
9.41253e+07,52328.5,5.55197e+06,2.79628e+29,3.88162e+25,3.34018e+12,0.63735,7.25141e+29,0.03468,2.86617e-05,4.54647e-13,9.38483e-66,7.26244e+14,3.98939e+15,2.39595e+11,4.71587e+15,1.6698e+17,3.35505e+08
9.46253e+07,51793.7,5.52602e+06,2.82542e+29,3.88986e+25,3.35685e+12,0.643246,6.91638e+29,0.03468,2.78421e-05,4.09941e-13,7.48124e-66,7.13915e+14,3.93016e+15,2.35147e+11,4.64431e+15,1.62257e+17,3.28563e+08
9.51253e+07,51261.8,5.50006e+06,2.85457e+29,3.89786e+25,3.3735e+12,0.649224,6.59533e+29,0.03468,2.70421e-05,3.69447e-13,5.95729e-66,7.01737e+14,3.87152e+15,2.3076e+11,4.57349e+15,1.57629e+17,3.21713e+08
9.56253e+07,50732.7,5.47411e+06,2.88372e+29,3.90563e+25,3.39014e+12,0.655285,6.28775e+29,0.03468,2.62614e-05,3.32788e-13,4.7386e-66,6.89707e+14,3.81348e+15,2.26435e+11,4.50342e+15,1.53095e+17,3.14956e+08
9.61253e+07,50206.5,5.44816e+06,2.91288e+29,3.91317e+25,3.40676e+12,0.661431,5.99316e+29,0.03468,2.54996e-05,2.99617e-13,3.76513e-66,6.77827e+14,3.75604e+15,2.22171e+11,4.43409e+15,1.48655e+17,3.0829e+08
9.66253e+07,49683.3,5.4222e+06,2.94203e+29,3.9205e+25,3.42336e+12,0.667664,5.71107e+29,0.03468,2.47565e-05,2.69618e-13,2.98838e-66,6.66094e+14,3.69919e+15,2.17968e+11,4.3655e+15,1.44308e+17,3.01716e+08
9.71253e+07,49163,5.39625e+06,2.97118e+29,3.92761e+25,3.43994e+12,0.673984,5.44102e+29,0.03468,2.40317e-05,2.42503e-13,2.3693e-66,6.5451e+14,3.64294e+15,2.13826e+11,4.29766e+15,1.40055e+17,2.95233e+08
9.76253e+07,48645.7,5.37031e+06,3.00032e+29,3.93451e+25,3.4565e+12,0.680393,5.18256e+29,0.03468,2.33248e-05,2.18006e-13,1.87643e-66,6.43072e+14,3.58727e+15,2.09743e+11,4.23055e+15,1.35893e+17,2.88841e+08
9.81253e+07,48131.4,5.34437e+06,3.02945e+29,3.94121e+25,3.47305e+12,0.686893,4.93526e+29,0.03468,2.26355e-05,1.95886e-13,1.48447e-66,6.3178e+14,3.5322e+15,2.05719e+11,4.16419e+15,1.31823e+17,2.82539e+08
9.86253e+07,47620.1,5.31843e+06,3.05857e+29,3.9477e+25,3.48958e+12,0.693484,4.6987e+29,0.03468,2.19635e-05,1.75924e-13,1.17311e-66,6.20634e+14,3.47772e+15,2.01755e+11,4.09856e+15,1.27843e+17,2.76327e+08
9.91253e+07,47111.8,5.2925e+06,3.08767e+29,3.954e+25,3.50608e+12,0.700169,4.47245e+29,0.03468,2.13084e-05,1.57917e-13,9.26047e-67,6.09633e+14,3.42383e+15,1.97849e+11,4.03366e+15,1.23954e+17,2.70204e+08
9.96253e+07,46606.6,5.26658e+06,3.11675e+29,3.9601e+25,3.52257e+12,0.706948,4.25613e+29,0.03468,2.067e-05,1.41683e-13,7.30222e-67,5.98776e+14,3.37052e+15,1.94002e+11,3.96949e+15,1.20154e+17,2.64171e+08
1.00125e+08,46104.5,5.24067e+06,3.14581e+29,3.96602e+25,3.53904e+12,0.713824,4.04936e+29,0.03468,2.00479e-05,1.27054e-13,5.7518e-67,5.88063e+14,3.31781e+15,1.90212e+11,3.90606e+15,1.16442e+17,2.58225e+08
1.00625e+08,45605.4,5.21478e+06,3.17484e+29,3.97175e+25,3.5555e+12,0.720797,3.85176e+29,0.03468,1.94417e-05,1.1388e-13,4.52564e-67,5.77492e+14,3.26567e+15,1.8648e+11,3.84335e+15,1.12817e+17,2.52368e+08
1.01125e+08,45109.4,5.18889e+06,3.20385e+29,3.97731e+25,3.57193e+12,0.727869,3.66296e+29,0.03468,1.88513e-05,1.0202e-13,3.557e-67,5.67062e+14,3.21412e+15,1.82805e+11,3.78137e+15,1.09279e+17,2.46598e+08
1.01625e+08,44616.6,5.16301e+06,3.23282e+29,3.98269e+25,3.58834e+12,0.735042,3.48263e+29,0.03468,1.82762e-05,9.13505e-14,2.79264e-67,5.56774e+14,3.16315e+15,1.79186e+11,3.72011e+15,1.05827e+17,2.40915e+08
1.02125e+08,44126.9,5.13715e+06,3.26176e+29,3.9879e+25,3.60473e+12,0.742317,3.31042e+29,0.03468,1.77161e-05,8.1756e-14,2.19015e-67,5.46626e+14,3.11276e+15,1.75622e+11,3.65956e+15,1.02459e+17,2.35318e+08
1.02625e+08,43640.3,5.11131e+06,3.29067e+29,3.99294e+25,3.62111e+12,0.749697,3.14601e+29,0.03468,1.71708e-05,7.31328e-14,1.71577e-67,5.36617e+14,3.06295e+15,1.72115e+11,3.59974e+15,9.91739e+16,2.29807e+08
1.03125e+08,43156.9,5.08548e+06,3.31953e+29,3.99782e+25,3.63746e+12,0.757182,2.98909e+29,0.03468,1.66399e-05,6.53866e-14,1.34267e-67,5.26746e+14,3.01371e+15,1.68662e+11,3.54063e+15,9.59715e+16,2.24382e+08
1.03625e+08,42676.6,5.05966e+06,3.34835e+29,4.00254e+25,3.6538e+12,0.764775,2.83935e+29,0.03468,1.61232e-05,5.84317e-14,1.04956e-67,5.17013e+14,2.96505e+15,1.65263e+11,3.48223e+15,9.28503e+16,2.19041e+08
1.04125e+08,42199.5,5.03387e+06,3.37713e+29,4.00711e+25,3.67011e+12,0.772476,2.69649e+29,0.03468,1.56203e-05,5.21906e-14,8.19542e-68,5.07416e+14,2.91696e+15,1.61919e+11,3.42453e+15,8.98091e+16,2.13784e+08
1.04625e+08,41725.6,5.00809e+06,3.40586e+29,4.01153e+25,3.68641e+12,0.780289,2.56024e+29,0.03468,1.5131e-05,4.65929e-14,6.39236e-68,4.97955e+14,2.86943e+15,1.58628e+11,3.36754e+15,8.68468e+16,2.08611e+08
1.05125e+08,41255,4.98233e+06,3.43454e+29,4.0158e+25,3.70268e+12,0.788214,2.43032e+29,0.03468,1.46549e-05,4.15748e-14,4.98055e-68,4.88628e+14,2.82247e+15,1.55389e+11,3.31125e+15,8.39622e+16,2.0352e+08
1.05625e+08,40787.5,4.9566e+06,3.46316e+29,4.01993e+25,3.71894e+12,0.796254,2.30647e+29,0.03468,1.41918e-05,3.70786e-14,3.87631e-68,4.79435e+14,2.77607e+15,1.52204e+11,3.25566e+15,8.11541e+16,1.98512e+08
1.06125e+08,40323.2,4.93088e+06,3.49173e+29,4.02392e+25,3.73517e+12,0.80441,2.18842e+29,0.03468,1.37414e-05,3.30522e-14,3.01359e-68,4.70374e+14,2.73024e+15,1.4907e+11,3.20076e+15,7.84212e+16,1.93586e+08
1.06625e+08,39862.2,4.90519e+06,3.52025e+29,4.02778e+25,3.75138e+12,0.812685,2.07595e+29,0.03468,1.33034e-05,2.94483e-14,2.34032e-68,4.61445e+14,2.68496e+15,1.45987e+11,3.14655e+15,7.57624e+16,1.88741e+08
1.07125e+08,39404.4,4.87953e+06,3.5487e+29,4.0315e+25,3.76758e+12,0.821079,1.9688e+29,0.03468,1.28775e-05,2.62242e-14,1.81548e-68,4.52647e+14,2.64024e+15,1.42956e+11,3.09303e+15,7.31763e+16,1.83976e+08
1.07625e+08,38949.9,4.85389e+06,3.57708e+29,4.0351e+25,3.78375e+12,0.829596,1.86676e+29,0.03468,1.24635e-05,2.33414e-14,1.40679e-68,4.43978e+14,2.59607e+15,1.39974e+11,3.04019e+15,7.06618e+16,1.79291e+08
1.08125e+08,38498.6,4.82827e+06,3.6054e+29,4.03857e+25,3.7999e+12,0.838238,1.7696e+29,0.03468,1.20611e-05,2.07651e-14,1.08891e-68,4.35438e+14,2.55245e+15,1.37043e+11,2.98802e+15,6.82175e+16,1.74685e+08
1.08625e+08,38050.5,4.80268e+06,3.63365e+29,4.04192e+25,3.81603e+12,0.847005,1.67711e+29,0.03468,1.167e-05,1.84639e-14,8.41937e-69,4.27025e+14,2.50937e+15,1.3416e+11,2.93653e+15,6.58421e+16,1.70158e+08
1.09125e+08,37605.8,4.77712e+06,3.66183e+29,4.04516e+25,3.83214e+12,0.855901,1.5891e+29,0.03468,1.129e-05,1.64095e-14,6.50262e-69,4.18738e+14,2.46684e+15,1.31327e+11,2.88571e+15,6.35345e+16,1.65709e+08
1.09625e+08,37164.3,4.75158e+06,3.68994e+29,4.04828e+25,3.84823e+12,0.864927,1.50535e+29,0.03468,1.09208e-05,1.45764e-14,5.01672e-69,4.10577e+14,2.42485e+15,1.28542e+11,2.83555e+15,6.12932e+16,1.61337e+08
1.10125e+08,36726,4.72608e+06,3.71797e+29,4.05129e+25,3.8643e+12,0.874086,1.42569e+29,0.03468,1.05622e-05,1.29415e-14,3.86609e-69,4.0254e+14,2.38339e+15,1.25804e+11,2.78606e+15,5.9117e+16,1.57042e+08
1.10625e+08,36291.1,4.7006e+06,3.74592e+29,4.0542e+25,3.88035e+12,0.88338,1.34994e+29,0.03468,1.02139e-05,1.14842e-14,2.97609e-69,3.94625e+14,2.34247e+15,1.23113e+11,2.73722e+15,5.70046e+16,1.52822e+08
1.11125e+08,35859.4,4.67516e+06,3.77379e+29,4.057e+25,3.89637e+12,0.892812,1.27791e+29,0.03468,9.87565e-06,1.01859e-14,2.28845e-69,3.86833e+14,2.30208e+15,1.20469e+11,2.68903e+15,5.49547e+16,1.48678e+08
1.11625e+08,35431,4.64975e+06,3.80158e+29,4.0597e+25,3.91237e+12,0.902382,1.20945e+29,0.03468,9.54725e-06,9.02974e-15,1.75774e-69,3.79162e+14,2.26222e+15,1.17872e+11,2.64149e+15,5.2966e+16,1.44609e+08
1.12125e+08,35005.9,4.62437e+06,3.82928e+29,4.0623e+25,3.92836e+12,0.912095,1.1444e+29,0.03468,9.22845e-06,8.0008e-15,1.34862e-69,3.7161e+14,2.22287e+15,1.15319e+11,2.5946e+15,5.10373e+16,1.40613e+08
1.12625e+08,34584.1,4.59903e+06,3.8569e+29,4.0648e+25,3.94432e+12,0.921952,1.08259e+29,0.03468,8.91901e-06,7.08552e-15,1.03357e-69,3.64177e+14,2.18405e+15,1.12812e+11,2.54834e+15,4.91671e+16,1.36691e+08
1.13125e+08,34165.6,4.57372e+06,3.88442e+29,4.06722e+25,3.96025e+12,0.931955,1.02388e+29,0.03468,8.6187e-06,6.27177e-15,7.91245e-70,3.56861e+14,2.14575e+15,1.10349e+11,2.50272e+15,4.73544e+16,1.32841e+08
1.13625e+08,33750.3,4.54844e+06,3.91185e+29,4.06954e+25,3.97617e+12,0.942108,9.6813e+28,0.03468,8.32731e-06,5.54865e-15,6.0506e-70,3.49662e+14,2.10795e+15,1.0793e+11,2.45772e+15,4.55977e+16,1.29063e+08
1.14125e+08,33338.4,4.5232e+06,3.93919e+29,4.07178e+25,3.99206e+12,0.952413,9.15204e+28,0.03468,8.04461e-06,4.90641e-15,4.6217e-70,3.42577e+14,2.07067e+15,1.05554e+11,2.41335e+15,4.38958e+16,1.25357e+08
1.14625e+08,32929.7,4.498e+06,3.96643e+29,4.07393e+25,4.00793e+12,0.962871,8.6497e+28,0.03468,7.77038e-06,4.3363e-15,3.52632e-70,3.35607e+14,2.03389e+15,1.03221e+11,2.3696e+15,4.22475e+16,1.2172e+08
1.15125e+08,32524.3,4.47284e+06,3.99357e+29,4.07601e+25,4.02378e+12,0.973487,8.17302e+28,0.03468,7.50441e-06,3.83048e-15,2.68755e-70,3.28749e+14,1.99761e+15,1.00931e+11,2.32646e+15,4.06514e+16,1.18154e+08
1.15625e+08,32122.2,4.44771e+06,4.02061e+29,4.078e+25,4.03961e+12,0.984263,7.72081e+28,0.03468,7.24649e-06,3.38194e-15,2.046e-70,3.22003e+14,1.96184e+15,9.86817e+10,2.28394e+15,3.91065e+16,1.14656e+08
1.16125e+08,31723.4,4.42263e+06,4.04755e+29,4.07992e+25,4.05541e+12,0.995202,7.29191e+28,0.03468,6.99642e-06,2.98439e-15,1.55584e-70,3.15368e+14,1.92655e+15,9.64741e+10,2.24201e+15,3.76114e+16,1.11227e+08
1.16625e+08,31327.9,4.39758e+06,4.07438e+29,4.08177e+25,4.07119e+12,1.00631,6.88522e+28,0.03468,6.754e-06,2.63222e-15,1.18179e-70,3.08842e+14,1.89175e+15,9.43071e+10,2.20069e+15,3.61649e+16,1.07866e+08
1.17125e+08,30935.6,4.37257e+06,4.10111e+29,4.08354e+25,4.08695e+12,1.01758,6.49968e+28,0.03468,6.51902e-06,2.32041e-15,0,3.02424e+14,1.85745e+15,9.21803e+10,2.15996e+15,3.47658e+16,1.04572e+08
1.17625e+08,30546.6,4.34761e+06,4.12772e+29,4.08524e+25,4.10268e+12,1.02902,6.13429e+28,0.03468,6.2913e-06,2.04449e-15,0,2.96113e+14,1.82362e+15,9.00931e+10,2.11982e+15,3.3413e+16,1.01344e+08
1.18125e+08,30160.9,4.32268e+06,4.15423e+29,4.08688e+25,4.11839e+12,1.04064,5.78807e+28,0.03468,6.07064e-06,1.80045e-15,0,2.89907e+14,1.79027e+15,8.80449e+10,2.08027e+15,3.21052e+16,9.81817e+07
1.18625e+08,29778.5,4.2978e+06,4.18062e+29,4.08846e+25,4.13408e+12,1.05243,5.46011e+28,0.03468,5.85686e-06,1.58472e-15,0,2.83806e+14,1.7574e+15,8.60353e+10,2.04129e+15,3.08412e+16,9.50842e+07
1.19125e+08,29399.3,4.27297e+06,4.2069e+29,4.08997e+25,4.14975e+12,1.06441,5.1495e+28,0.03468,5.64978e-06,1.39411e-15,0,2.77809e+14,1.72499e+15,8.40638e+10,2.00288e+15,2.96201e+16,9.2051e+07
1.19625e+08,29023.4,4.24818e+06,4.23306e+29,4.09142e+25,4.16539e+12,1.07657,4.85541e+28,0.03468,5.44921e-06,1.22579e-15,0,2.71914e+14,1.69305e+15,8.21297e+10,1.96505e+15,2.84405e+16,8.90813e+07
1.20125e+08,28650.7,4.22343e+06,4.2591e+29,4.09282e+25,4.18101e+12,1.08891,4.57703e+28,0.03468,5.25499e-06,1.07724e-15,0,2.6612e+14,1.66158e+15,8.02326e+10,1.92778e+15,2.73014e+16,8.61744e+07
1.20625e+08,28281.3,4.19873e+06,4.28503e+29,4.09415e+25,4.1966e+12,1.10145,4.31358e+28,0.03468,5.06693e-06,9.46192e-16,0,2.60425e+14,1.63056e+15,7.83719e+10,1.89106e+15,2.62018e+16,8.33296e+07
1.21125e+08,27915.1,4.17407e+06,4.31083e+29,4.09544e+25,4.21217e+12,1.11418,4.06432e+28,0.03468,4.88488e-06,8.30652e-16,0,2.5483e+14,1.6e+15,7.65472e+10,1.8549e+15,2.51404e+16,8.05462e+07
1.21625e+08,27552.1,4.14946e+06,4.3365e+29,4.09667e+25,4.22771e+12,1.1271,3.82854e+28,0.03468,4.70867e-06,7.28838e-16,0,2.49331e+14,1.56988e+15,7.47579e+10,1.81929e+15,2.41163e+16,7.78235e+07
1.22125e+08,27192.4,4.1249e+06,4.36206e+29,4.09785e+25,4.24324e+12,1.14023,3.60557e+28,0.03468,4.53813e-06,6.39168e-16,0,2.4393e+14,1.54022e+15,7.30035e+10,1.78422e+15,2.31284e+16,7.51608e+07
1.22625e+08,26835.9,4.10039e+06,4.38748e+29,4.09898e+25,4.25873e+12,1.15356,3.39477e+28,0.03468,4.37312e-06,5.60234e-16,0,2.38623e+14,1.51099e+15,7.12835e+10,1.74968e+15,2.21757e+16,7.25575e+07
1.23125e+08,26482.6,4.07592e+06,4.41278e+29,4.10007e+25,4.27421e+12,1.1671,3.19553e+28,0.03468,4.21347e-06,4.90789e-16,0,2.3341e+14,1.4822e+15,6.95974e+10,1.71568e+15,2.12572e+16,7.00128e+07
1.23625e+08,26132.5,4.05151e+06,4.43794e+29,4.10111e+25,4.28965e+12,1.18085,3.00724e+28,0.03468,4.05904e-06,4.29723e-16,0,2.2829e+14,1.45385e+15,6.79447e+10,1.6822e+15,2.03718e+16,6.7526e+07
1.24125e+08,25785.6,4.02714e+06,4.46298e+29,4.10211e+25,4.30508e+12,1.19482,2.82937e+28,0.03468,3.90967e-06,3.76056e-16,0,2.23262e+14,1.42592e+15,6.63249e+10,1.64925e+15,1.95186e+16,6.50966e+07
1.24625e+08,25441.9,4.00282e+06,4.48788e+29,4.10306e+25,4.32048e+12,1.209,2.66136e+28,0.03468,3.76523e-06,3.28915e-16,0,2.18324e+14,1.39842e+15,6.47375e+10,1.61681e+15,1.86967e+16,6.27237e+07
1.25125e+08,25101.4,3.97856e+06,4.51265e+29,4.10398e+25,4.33585e+12,1.22341,2.50272e+28,0.03468,3.62558e-06,2.8753e-16,0,2.13475e+14,1.37134e+15,6.3182e+10,1.58488e+15,1.7905e+16,6.04066e+07
1.25625e+08,24764,3.95435e+06,4.53728e+29,4.10486e+25,4.3512e+12,1.23805,2.35295e+28,0.03468,3.49057e-06,2.51217e-16,0,2.08715e+14,1.34467e+15,6.1658e+10,1.55345e+15,1.71428e+16,5.81449e+07
1.26125e+08,24429.8,3.93019e+06,4.56177e+29,4.1057e+25,4.36652e+12,1.25292,2.21161e+28,0.03468,3.36007e-06,2.19372e-16,0,2.04042e+14,1.31842e+15,6.01648e+10,1.52252e+15,1.6409e+16,5.59376e+07
1.26625e+08,24098.8,3.90608e+06,4.58612e+29,4.1065e+25,4.38182e+12,1.26803,2.07824e+28,0.03468,3.23396e-06,1.9146e-16,0,1.99454e+14,1.29258e+15,5.87021e+10,1.49209e+15,1.57029e+16,5.37842e+07
1.27125e+08,23770.8,3.88202e+06,4.61034e+29,4.10727e+25,4.39709e+12,1.28338,1.95243e+28,0.03468,3.11209e-06,1.67009e-16,0,1.94951e+14,1.26714e+15,5.72694e+10,1.46214e+15,1.50235e+16,5.1684e+07
1.27625e+08,23446,3.85802e+06,4.63441e+29,4.108e+25,4.41234e+12,1.29897,1.83378e+28,0.03468,2.99436e-06,1.45602e-16,0,1.90532e+14,1.24209e+15,5.58661e+10,1.43268e+15,1.437e+16,4.96363e+07
1.28125e+08,23124.4,3.83407e+06,4.65834e+29,4.10871e+25,4.42756e+12,1.31481,1.72191e+28,0.03468,2.88063e-06,1.26869e-16,0,1.86195e+14,1.21745e+15,5.44919e+10,1.4037e+15,1.37416e+16,4.76405e+07
1.28625e+08,22805.8,3.81018e+06,4.68213e+29,4.10938e+25,4.44276e+12,1.33091,1.61646e+28,0.03468,2.77079e-06,1.10485e-16,0,1.81939e+14,1.19319e+15,5.31463e+10,1.37519e+15,1.31375e+16,4.56959e+07
1.29125e+08,22490.3,3.78634e+06,4.70577e+29,4.11002e+25,4.45793e+12,1.34726,1.51708e+28,0.03468,2.66472e-06,9.61649e-17,0,1.77764e+14,1.16933e+15,5.18287e+10,1.34714e+15,1.25568e+16,4.38019e+07
1.29625e+08,22177.9,3.76256e+06,4.72926e+29,4.11063e+25,4.47307e+12,1.36388,1.42346e+28,0.03468,2.56231e-06,8.36543e-17,0,1.73668e+14,1.14584e+15,5.05388e+10,1.31956e+15,1.19989e+16,4.19577e+07
1.30125e+08,21868.6,3.73884e+06,4.75261e+29,4.11122e+25,4.48819e+12,1.38077,1.33527e+28,0.03468,2.46344e-06,7.27309e-17,0,1.69649e+14,1.12273e+15,4.92761e+10,1.29243e+15,1.14629e+16,4.01628e+07
1.30625e+08,21562.3,3.71517e+06,4.77581e+29,4.11178e+25,4.50328e+12,1.39794,1.25223e+28,0.03468,2.36802e-06,6.31987e-17,0,1.65708e+14,1.1e+15,4.80401e+10,1.26576e+15,1.09482e+16,3.84165e+07
1.31125e+08,21259,3.69156e+06,4.79885e+29,4.11232e+25,4.51835e+12,1.41538,1.17405e+28,0.03468,2.27592e-06,5.48851e-17,0,1.61842e+14,1.07764e+15,4.68305e+10,1.23953e+15,1.0454e+16,3.67181e+07
1.31625e+08,20958.8,3.668e+06,4.82175e+29,4.11283e+25,4.53339e+12,1.43311,1.10047e+28,0.03468,2.18706e-06,4.76384e-17,0,1.58051e+14,1.05564e+15,4.56466e+10,1.21374e+15,9.97969e+15,3.50671e+07
1.32125e+08,20661.6,3.64451e+06,4.8445e+29,4.11332e+25,4.5484e+12,1.45113,1.03124e+28,0.03468,2.10134e-06,4.13252e-17,0,1.54333e+14,1.03401e+15,4.44882e+10,1.18839e+15,9.5245e+15,3.34627e+07
1.32625e+08,20367.5,3.62107e+06,4.86709e+29,4.11378e+25,4.56338e+12,1.46944,9.66114e+27,0.03468,2.01864e-06,3.58284e-17,0,1.50688e+14,1.01273e+15,4.33548e+10,1.16346e+15,9.0878e+15,3.19044e+07
1.33125e+08,20076.3,3.59769e+06,4.88953e+29,4.11423e+25,4.57834e+12,1.48806,9.04865e+27,0.03468,1.93889e-06,3.10451e-17,0,1.47115e+14,9.91806e+14,4.22459e+10,1.13896e+15,8.66895e+15,3.03916e+07
1.33625e+08,19788,3.57437e+06,4.91181e+29,4.11465e+25,4.59327e+12,1.50699,8.47277e+27,0.03468,1.86198e-06,2.6885e-17,0,1.43612e+14,9.71231e+14,4.11611e+10,1.11488e+15,8.26734e+15,2.89235e+07
1.34125e+08,19502.8,3.55111e+06,4.93394e+29,4.11505e+25,4.60818e+12,1.52623,7.93146e+27,0.03468,1.78784e-06,2.3269e-17,0,1.40178e+14,9.51001e+14,4.01001e+10,1.09122e+15,7.88235e+15,2.74997e+07
1.34625e+08,19220.5,3.52791e+06,4.95591e+29,4.11544e+25,4.62305e+12,1.54579,7.42278e+27,0.03468,1.71636e-06,2.01278e-17,0,1.36812e+14,9.31111e+14,3.90624e+10,1.06796e+15,7.51338e+15,2.61195e+07
1.35125e+08,18941.1,3.50477e+06,4.97773e+29,4.11581e+25,4.6379e+12,1.56568,6.94488e+27,0.03468,1.64747e-06,1.74005e-17,0,1.33514e+14,9.11558e+14,3.80476e+10,1.04511e+15,7.15987e+15,2.47822e+07
1.35625e+08,18664.6,3.48169e+06,4.99938e+29,4.11615e+25,4.65272e+12,1.5859,6.49602e+27,0.03468,1.58108e-06,1.50341e-17,0,1.30282e+14,8.92338e+14,3.70552e+10,1.02266e+15,6.82126e+15,2.34873e+07
1.36125e+08,18391.1,3.45867e+06,5.02088e+29,4.11649e+25,4.66751e+12,1.60646,6.07455e+27,0.03468,1.51712e-06,1.29818e-17,0,1.27115e+14,8.73447e+14,3.60849e+10,1.0006e+15,6.49701e+15,2.22342e+07
1.36625e+08,18120.4,3.43571e+06,5.04222e+29,4.11681e+25,4.68228e+12,1.62736,5.6789e+27,0.03468,1.45549e-06,1.12032e-17,0,1.24012e+14,8.5488e+14,3.51364e+10,9.78927e+14,6.18658e+15,2.10223e+07
1.37125e+08,17852.6,3.41282e+06,5.0634e+29,4.11711e+25,4.69702e+12,1.64863,5.30759e+27,0.03468,1.39614e-06,9.66249e-18,0,1.20973e+14,8.36633e+14,3.42091e+10,9.5764e+14,5.88947e+15,1.9851e+07
1.37625e+08,17587.7,3.38998e+06,5.08442e+29,4.11739e+25,4.71173e+12,1.67025,4.9592e+27,0.03468,1.33898e-06,8.32875e-18,0,1.17996e+14,8.18703e+14,3.33028e+10,9.36732e+14,5.60518e+15,1.87198e+07
1.38125e+08,17325.6,3.36721e+06,5.10527e+29,4.11767e+25,4.72641e+12,1.69224,4.63242e+27,0.03468,1.28394e-06,7.17482e-18,0,1.1508e+14,8.01086e+14,3.24169e+10,9.16197e+14,5.33323e+15,1.7628e+07
1.38625e+08,17066.3,3.3445e+06,5.12597e+29,4.11793e+25,4.74106e+12,1.7146,4.32599e+27,0.03468,1.23096e-06,6.17706e-18,0,1.12224e+14,7.83776e+14,3.15513e+10,8.96032e+14,5.07315e+15,1.6575e+07
1.39125e+08,16809.9,3.32186e+06,5.1465e+29,4.11818e+25,4.75568e+12,1.73735,4.03871e+27,0.03468,1.17995e-06,5.31484e-18,0,1.09427e+14,7.66771e+14,3.07054e+10,8.76229e+14,4.82449e+15,1.55604e+07
1.39625e+08,16556.2,3.29928e+06,5.16687e+29,4.11841e+25,4.77028e+12,1.76049,3.76946e+27,0.03468,1.13087e-06,4.5702e-18,0,1.06689e+14,7.50067e+14,2.98789e+10,8.56786e+14,4.58681e+15,1.45835e+07
1.40125e+08,16305.3,3.27676e+06,5.18707e+29,4.11864e+25,4.78485e+12,1.78402,3.51718e+27,0.03468,1.08364e-06,3.92749e-18,0,1.04008e+14,7.33659e+14,2.90715e+10,8.37697e+14,4.35969e+15,1.36438e+07
1.40625e+08,16057.2,3.2543e+06,5.20711e+29,4.11885e+25,4.79938e+12,1.80797,3.28087e+27,0.03468,1.03819e-06,3.3731e-18,0,1.01384e+14,7.17545e+14,2.82828e+10,8.18957e+14,4.14272e+15,1.27408e+07
1.41125e+08,15811.8,3.23191e+06,5.22698e+29,4.11905e+25,4.81389e+12,1.83233,3.05957e+27,0.03468,9.94484e-07,2.89517e-18,0,9.88149e+13,7.01718e+14,2.75125e+10,8.00561e+14,3.9355e+15,1.18738e+07
1.41625e+08,15569.2,3.20959e+06,5.24669e+29,4.11924e+25,4.82837e+12,1.85712,2.85238e+27,0.03468,9.52445e-07,2.48342e-18,0,9.63006e+13,6.86177e+14,2.67601e+10,7.82504e+14,3.73764e+15,1.10424e+07
1.42125e+08,15329.3,3.18733e+06,5.26624e+29,4.11942e+25,4.84282e+12,1.88234,2.65847e+27,0.03468,9.1202e-07,2.1289e-18,0,9.38399e+13,6.70917e+14,2.60254e+10,7.64783e+14,3.54878e+15,1.02459e+07
1.42625e+08,15092,3.16513e+06,5.28562e+29,4.1196e+25,4.85724e+12,1.908,2.47703e+27,0.03468,8.73155e-07,1.82384e-18,0,9.1432e+13,6.55934e+14,2.5308e+10,7.47392e+14,3.36855e+15,9.48398e+06
1.43125e+08,14857.5,3.143e+06,5.30483e+29,4.11976e+25,4.87163e+12,1.93411,2.3073e+27,0.03468,8.35795e-07,1.56151e-18,0,8.9076e+13,6.41225e+14,2.46076e+10,7.30326e+14,3.1966e+15,8.75595e+06
1.43625e+08,14625.6,3.12094e+06,5.32388e+29,4.11992e+25,4.88599e+12,1.96069,2.14858e+27,0.03468,7.99888e-07,1.33606e-18,0,8.6771e+13,6.26786e+14,2.39238e+10,7.13581e+14,3.0326e+15,8.06133e+06
1.44125e+08,14396.4,3.09894e+06,5.34275e+29,4.12006e+25,4.90032e+12,1.98773,2.00019e+27,0.03468,7.65384e-07,1.14242e-18,0,8.45161e+13,6.12613e+14,2.32563e+10,6.97152e+14,2.87622e+15,7.39958e+06
1.44625e+08,14169.7,3.077e+06,5.36147e+29,4.1202e+25,4.91462e+12,2.01526,1.8615e+27,0.03468,7.32234e-07,9.76223e-19,0,8.23104e+13,5.98702e+14,2.26049e+10,6.81035e+14,2.72716e+15,6.7702e+06
1.45125e+08,13945.7,3.05514e+06,5.38001e+29,4.12034e+25,4.92889e+12,2.04328,1.73191e+27,0.03468,7.00389e-07,8.33661e-19,0,8.01532e+13,5.85049e+14,2.19691e+10,6.65225e+14,2.5851e+15,6.17266e+06
1.45625e+08,13724.3,3.03333e+06,5.39839e+29,4.12046e+25,4.94313e+12,2.0718,1.61086e+27,0.03468,6.69805e-07,7.11453e-19,0,7.80435e+13,5.71652e+14,2.13487e+10,6.49717e+14,2.44976e+15,5.60644e+06
1.46125e+08,13505.5,3.0116e+06,5.4166e+29,4.12058e+25,4.95734e+12,2.10084,1.49782e+27,0.03468,6.40436e-07,6.0676e-19,0,7.59806e+13,5.58507e+14,2.07434e+10,6.34508e+14,2.32085e+15,5.07105e+06
1.46625e+08,13289.2,2.98993e+06,5.43464e+29,4.1207e+25,4.97152e+12,2.1304,1.3923e+27,0.03468,6.12239e-07,5.17131e-19,0,7.39635e+13,5.45609e+14,2.01528e+10,6.19592e+14,2.1981e+15,4.56596e+06
1.47125e+08,13075.5,2.96833e+06,5.45251e+29,4.1208e+25,4.98567e+12,2.1605,1.29381e+27,0.03468,5.85171e-07,4.40447e-19,0,7.19915e+13,5.32955e+14,1.95767e+10,6.04966e+14,2.08126e+15,4.09067e+06
1.47625e+08,12864.3,2.9468e+06,5.47021e+29,4.1209e+25,4.99978e+12,2.19114,1.20192e+27,0.03468,5.59194e-07,3.74883e-19,0,7.00639e+13,5.20542e+14,1.90148e+10,5.90625e+14,1.97006e+15,3.64467e+06
1.48125e+08,12655.6,2.92533e+06,5.48775e+29,4.121e+25,5.01387e+12,2.22234,1.11621e+27,0.03468,5.34266e-07,3.18862e-19,0,6.81796e+13,5.08367e+14,1.84667e+10,5.76565e+14,1.86426e+15,3.22745e+06
1.48625e+08,12449.4,2.90393e+06,5.50512e+29,4.12109e+25,5.02792e+12,2.25412,1.03629e+27,0.03468,5.1035e-07,2.71028e-19,0,6.63381e+13,4.96425e+14,1.79323e+10,5.62781e+14,1.76364e+15,2.83851e+06
1.49125e+08,12245.6,2.8826e+06,5.52232e+29,4.12118e+25,5.04195e+12,2.28648,9.61786e+26,0.03468,4.87409e-07,2.30212e-19,0,6.45386e+13,4.84714e+14,1.74111e+10,5.4927e+14,1.66796e+15,2.47734e+06
1.49625e+08,12044.3,2.86133e+06,5.53935e+29,4.12126e+25,5.05594e+12,2.31944,8.92359e+26,0.03468,4.65407e-07,1.95407e-19,0,6.27801e+13,4.73229e+14,1.6903e+10,5.36026e+14,1.57701e+15,2.14342e+06
1.50125e+08,11845.5,2.84014e+06,5.55621e+29,4.12133e+25,5.0699e+12,2.35301,8.27679e+26,0.03468,4.4431e-07,1.65749e-19,0,6.10621e+13,4.61968e+14,1.64077e+10,5.23047e+14,1.49058e+15,1.83623e+06
1.50625e+08,11649,2.81901e+06,5.57291e+29,4.12141e+25,5.08383e+12,2.38721,7.67441e+26,0.03468,4.24084e-07,1.40493e-19,0,5.93837e+13,4.50927e+14,1.59249e+10,5.10327e+14,1.40847e+15,1.55525e+06
1.51125e+08,11455,2.79795e+06,5.58944e+29,4.12148e+25,5.09772e+12,2.42204,7.11356e+26,0.03468,4.04697e-07,1.19001e-19,0,5.77443e+13,4.40104e+14,1.54543e+10,4.97863e+14,1.33048e+15,1.29995e+06
1.51625e+08,11263.3,2.77696e+06,5.6058e+29,4.12154e+25,5.11159e+12,2.45753,6.59155e+26,0.03468,3.86118e-07,1.00725e-19,0,5.6143e+13,4.29493e+14,1.49957e+10,4.85651e+14,1.25643e+15,1.06977e+06
1.52125e+08,11074,2.75603e+06,5.62199e+29,4.1216e+25,5.12542e+12,2.49369,6.10583e+26,0.03468,3.68315e-07,8.51944e-20,0,5.45792e+13,4.19093e+14,1.45489e+10,4.73687e+14,1.18615e+15,864162
1.52625e+08,10887.1,2.73518e+06,5.63801e+29,4.12166e+25,5.13922e+12,2.53054,5.65403e+26,0.03468,3.51261e-07,7.20062e-20,0,5.30522e+13,4.089e+14,1.41135e+10,4.61966e+14,1.11945e+15,682534
1.53125e+08,10702.4,2.71439e+06,5.65387e+29,4.12171e+25,5.15298e+12,2.56808,5.23391e+26,0.03468,3.34927e-07,6.0815e-20,0,5.15612e+13,3.98911e+14,1.36893e+10,4.50486e+14,1.05618e+15,524274
1.53625e+08,10520.1,2.69368e+06,5.66956e+29,4.12176e+25,5.16672e+12,2.60635,4.84336e+26,0.03468,3.19284e-07,5.13252e-20,0,5.01056e+13,3.89123e+14,1.32761e+10,4.39242e+14,9.9617e+14,388728
1.54125e+08,10340.1,2.67303e+06,5.68508e+29,4.12181e+25,5.18042e+12,2.64534,4.48044e+26,0.03468,3.04308e-07,4.3284e-20,0,4.86847e+13,3.79532e+14,1.28737e+10,4.28229e+14,9.3928e+14,275192
1.54625e+08,10162.3,2.65245e+06,5.70043e+29,4.12186e+25,5.19409e+12,2.68509,4.14329e+26,0.03468,2.89972e-07,3.64753e-20,0,4.72978e+13,3.70135e+14,1.24818e+10,4.17446e+14,8.8536e+14,182887
1.55125e+08,9986.84,2.63193e+06,5.71562e+29,4.1219e+25,5.20772e+12,2.72561,3.83018e+26,0.03468,2.76251e-07,3.07143e-20,0,4.59443e+13,3.6093e+14,1.21001e+10,4.06887e+14,8.34271e+14,110931
1.55625e+08,9813.57,2.61149e+06,5.73064e+29,4.12194e+25,5.22132e+12,2.76691,3.53949e+26,0.03468,2.63122e-07,2.58435e-20,0,4.46235e+13,3.51914e+14,1.17286e+10,3.96549e+14,7.85878e+14,58279.1
1.56125e+08,9642.53,2.59112e+06,5.7455e+29,4.12198e+25,5.23489e+12,2.80902,3.26971e+26,0.03468,2.50562e-07,2.17283e-20,0,4.33348e+13,3.43083e+14,1.13668e+10,3.86429e+14,7.40053e+14,23619.9
1.56625e+08,9473.68,2.57081e+06,5.76019e+29,4.12202e+25,5.24842e+12,2.85195,3.01942e+26,0.03468,2.38549e-07,1.82542e-20,0,4.20775e+13,3.34434e+14,1.10147e+10,3.76522e+14,6.96674e+14,7430.42
1.57125e+08,9307.02,2.55058e+06,5.77471e+29,4.12205e+25,5.26192e+12,2.89573,2.78729e+26,0.03468,2.2706e-07,1.53235e-20,0,4.0851e+13,3.25964e+14,1.0672e+10,3.66826e+14,6.55622e+14,2792.41
1.57625e+08,9142.52,2.53041e+06,5.78907e+29,4.12208e+25,5.27539e+12,2.94038,2.57208e+26,0.03468,2.16076e-07,1.28532e-20,0,3.96547e+13,3.17671e+14,1.03384e+10,3.57336e+14,6.16786e+14,971.204
1.58125e+08,8980.16,2.51031e+06,5.80327e+29,4.12211e+25,5.28882e+12,2.98591,2.37261e+26,0.03468,2.05576e-07,1.07725e-20,0,3.8488e+13,3.09552e+14,1.00139e+10,3.4805e+14,5.80056e+14,309.722
1.58625e+08,8819.94,2.49029e+06,5.8173e+29,4.12214e+25,5.30222e+12,3.03235,2.1878e+26,0.03468,1.95542e-07,9.02131e-21,0,3.73503e+13,3.01603e+14,9.69813e+09,3.38963e+14,5.4533e+14,57.6969
1.59125e+08,8661.82,2.47033e+06,5.83117e+29,4.12217e+25,5.31558e+12,3.07972,2.01664e+26,0.03468,1.85953e-07,7.54865e-21,0,3.6241e+13,2.93822e+14,9.39094e+09,3.30073e+14,5.12509e+14,7.33614
1.59625e+08,8505.8,2.45044e+06,5.84487e+29,4.12219e+25,5.32891e+12,3.12804,1.85816e+26,0.03468,1.76794e-07,6.31119e-21,0,3.51596e+13,2.86207e+14,9.09214e+09,3.21375e+14,4.81499e+14,0.918221
1.60125e+08,8351.85,2.43062e+06,5.85841e+29,4.12221e+25,5.34221e+12,3.17734,1.71149e+26,0.03468,1.68045e-07,5.2722e-21,0,3.41053e+13,2.78753e+14,8.80153e+09,3.12867e+14,4.52209e+14,0.114951
1.60625e+08,8199.95,2.41087e+06,5.87179e+29,4.12224e+25,5.35546e+12,3.22765,1.57579e+26,0.03468,1.59692e-07,4.40056e-21,0,3.30778e+13,2.7146e+14,8.51893e+09,3.04546e+14,4.24552e+14,0.0144045
1.61125e+08,8050.1,2.39119e+06,5.88501e+29,4.12226e+25,5.36869e+12,3.27898,1.45029e+26,0.03468,1.51716e-07,3.66991e-21,0,3.20765e+13,2.64323e+14,8.24414e+09,2.96408e+14,3.98447e+14,0.00181852
1.61625e+08,7902.26,2.37158e+06,5.89806e+29,4.12228e+25,5.38188e+12,3.33136,1.33426e+26,0.03468,1.44104e-07,3.05795e-21,0,3.11007e+13,2.57341e+14,7.97698e+09,2.8845e+14,3.73814e+14,0.000114909
1.62125e+08,7756.42,2.35203e+06,5.91096e+29,4.12229e+25,5.39503e+12,3.38483,1.22702e+26,0.03468,1.3684e-07,2.54583e-21,0,3.015e+13,2.5051e+14,7.71728e+09,2.80668e+14,3.50578e+14,0
1.62625e+08,7612.57,2.33256e+06,5.92369e+29,4.12231e+25,5.40815e+12,3.4394,1.12796e+26,0.03468,1.29909e-07,2.11762e-21,0,2.92239e+13,2.43829e+14,7.46487e+09,2.7306e+14,3.28668e+14,0
1.63125e+08,7470.69,2.31316e+06,5.93627e+29,4.12233e+25,5.42123e+12,3.49511,1.03647e+26,0.03468,1.23298e-07,1.75988e-21,0,2.83217e+13,2.37294e+14,7.21956e+09,2.65623e+14,3.08014e+14,0
1.63625e+08,7330.76,2.29382e+06,5.94868e+29,4.12234e+25,5.43428e+12,3.55198,9.52012e+25,0.03468,1.16994e-07,1.46127e-21,0,2.74431e+13,2.30903e+14,6.98119e+09,2.58353e+14,2.88552e+14,0
1.64125e+08,7192.75,2.27456e+06,5.96094e+29,4.12236e+25,5.44728e+12,3.61005,8.74076e+25,0.03468,1.10984e-07,1.21223e-21,0,2.65875e+13,2.24653e+14,6.74959e+09,2.51247e+14,2.70218e+14,0
1.64625e+08,7056.67,2.25536e+06,5.97304e+29,4.12237e+25,5.46026e+12,3.66935,8.02185e+25,0.03468,1.05254e-07,1.00471e-21,0,2.57544e+13,2.18543e+14,6.52461e+09,2.44304e+14,2.52955e+14,0
1.65125e+08,6922.47,2.23623e+06,5.98498e+29,4.12238e+25,5.47319e+12,3.72991,7.35896e+25,0.03468,9.97944e-08,8.31948e-22,0,2.49433e+13,2.12569e+14,6.30608e+09,2.37518e+14,2.36704e+14,0
1.65625e+08,6790.16,2.21718e+06,5.99677e+29,4.12239e+25,5.48609e+12,3.79176,6.74796e+25,0.03468,9.45926e-08,6.8825e-22,0,2.41538e+13,2.06729e+14,6.09384e+09,2.30889e+14,2.21411e+14,0
1.66125e+08,6659.71,2.19819e+06,6.0084e+29,4.1224e+25,5.49896e+12,3.85494,6.18502e+25,0.03468,8.96376e-08,5.68835e-22,0,2.33853e+13,2.01021e+14,5.88775e+09,2.24412e+14,2.07027e+14,0
1.66625e+08,6531.1,2.17927e+06,6.01987e+29,4.12241e+25,5.51178e+12,3.91948,5.66657e+25,0.03468,8.4919e-08,4.6969e-22,0,2.26375e+13,1.95442e+14,5.68765e+09,2.18085e+14,1.93501e+14,0
1.67125e+08,6404.31,2.16042e+06,6.03119e+29,4.12242e+25,5.52457e+12,3.98542,5.18927e+25,0.03468,8.04266e-08,3.8745e-22,0,2.19098e+13,1.8999e+14,5.4934e+09,2.11905e+14,1.80787e+14,0
1.67625e+08,6279.34,2.14164e+06,6.04236e+29,4.12243e+25,5.53732e+12,4.0528,4.75006e+25,0.03468,7.61505e-08,3.19298e-22,0,2.12019e+13,1.84663e+14,5.30485e+09,2.0587e+14,1.6884e+14,0
1.68125e+08,6156.16,2.12292e+06,6.05338e+29,4.12244e+25,5.55004e+12,4.12166,4.34605e+25,0.03468,7.20814e-08,2.62873e-22,0,2.05133e+13,1.79459e+14,5.12186e+09,1.99977e+14,1.57619e+14,0
1.68625e+08,6034.75,2.10428e+06,6.06424e+29,4.12245e+25,5.56272e+12,4.19203,3.97459e+25,0.03468,6.82102e-08,2.16203e-22,0,1.98434e+13,1.74375e+14,4.9443e+09,1.94223e+14,1.47084e+14,0
1.69125e+08,5915.1,2.08571e+06,6.07495e+29,4.12246e+25,5.57535e+12,4.26397,3.63318e+25,0.03468,6.45282e-08,1.77638e-22,0,1.91921e+13,1.69409e+14,4.77202e+09,1.88606e+14,1.37195e+14,0
1.69625e+08,5797.19,2.0672e+06,6.08551e+29,4.12246e+25,5.58795e+12,4.33751,3.31955e+25,0.03468,6.10271e-08,1.45803e-22,0,1.85587e+13,1.64559e+14,4.60489e+09,1.83122e+14,1.27918e+14,0
1.70125e+08,5681.01,2.04876e+06,6.09592e+29,4.12247e+25,5.60052e+12,4.4127,3.03155e+25,0.03468,5.76988e-08,1.19548e-22,0,1.7943e+13,1.59822e+14,4.44279e+09,1.7777e+14,1.19217e+14,0
1.70625e+08,5566.53,2.03039e+06,6.10618e+29,4.12247e+25,5.61304e+12,4.48958,2.7672e+25,0.03468,5.45356e-08,9.79185e-23,0,1.73444e+13,1.55198e+14,4.28558e+09,1.72546e+14,1.11061e+14,0
1.71125e+08,5453.74,2.01209e+06,6.11629e+29,4.12248e+25,5.62552e+12,4.5682,2.52468e+25,0.03468,5.15301e-08,8.01167e-23,0,1.67626e+13,1.50682e+14,4.13315e+09,1.67449e+14,1.03417e+14,0
1.71625e+08,5342.63,1.99386e+06,6.12626e+29,4.12248e+25,5.63797e+12,4.64862,2.30227e+25,0.03468,4.86752e-08,6.54807e-23,0,1.61973e+13,1.46275e+14,3.98536e+09,1.62476e+14,9.62577e+13,0
1.72125e+08,5233.17,1.97569e+06,6.13607e+29,4.12249e+25,5.65038e+12,4.73088,2.09841e+25,0.03468,4.59642e-08,5.346e-23,0,1.5648e+13,1.41973e+14,3.84211e+09,1.57625e+14,8.95537e+13,0
1.72625e+08,5125.35,1.9576e+06,6.14575e+29,4.12249e+25,5.66275e+12,4.81504,1.91163e+25,0.03468,4.33904e-08,4.35977e-23,0,1.51144e+13,1.37774e+14,3.70326e+09,1.52892e+14,8.32791e+13,0
1.73125e+08,5019.15,1.93957e+06,6.15528e+29,4.1225e+25,5.67507e+12,4.90115,1.74058e+25,0.03468,4.09476e-08,3.5515e-23,0,1.45961e+13,1.33677e+14,3.56872e+09,1.48277e+14,7.74088e+13,0
1.73625e+08,4914.57,1.92161e+06,6.16466e+29,4.1225e+25,5.68736e+12,4.98927,1.58402e+25,0.03468,3.86298e-08,2.88978e-23,0,1.40927e+13,1.29679e+14,3.43836e+09,1.43776e+14,7.1919e+13,0
1.74125e+08,4811.57,1.90372e+06,6.1739e+29,4.1225e+25,5.69961e+12,5.07946,1.44078e+25,0.03468,3.64312e-08,2.34865e-23,0,1.36039e+13,1.2578e+14,3.31208e+09,1.39387e+14,6.67872e+13,0
1.74625e+08,4710.15,1.88589e+06,6.183e+29,4.12251e+25,5.71182e+12,5.17178,1.30979e+25,0.03468,3.43462e-08,1.90663e-23,0,1.31293e+13,1.21975e+14,3.18976e+09,1.35108e+14,6.19923e+13,0
1.75125e+08,4610.28,1.86814e+06,6.19196e+29,4.12251e+25,5.72399e+12,5.2663,1.19007e+25,0.03468,3.23696e-08,1.54596e-23,0,1.26687e+13,1.18265e+14,3.07132e+09,1.30937e+14,5.75139e+13,0
1.75625e+08,4511.96,1.85045e+06,6.20078e+29,4.12251e+25,5.73612e+12,5.36307,1.08069e+25,0.03468,3.04963e-08,1.25202e-23,0,1.22216e+13,1.14647e+14,2.95663e+09,1.26871e+14,5.33331e+13,0
1.76125e+08,4415.17,1.83282e+06,6.20945e+29,4.12252e+25,5.7482e+12,5.46218,9.80825e+24,0.03468,2.87215e-08,1.01273e-23,0,1.17877e+13,1.11119e+14,2.8456e+09,1.2291e+14,4.94319e+13,0
1.76625e+08,4319.88,1.81527e+06,6.218e+29,4.12252e+25,5.76025e+12,5.56368,8.89684e+24,0.03468,2.70403e-08,8.18164e-24,0,1.13668e+13,1.0768e+14,2.73813e+09,1.19049e+14,4.57931e+13,0
1.77125e+08,4226.09,1.79778e+06,6.2264e+29,4.12252e+25,5.77226e+12,5.66766,8.06551e+24,0.03468,2.54485e-08,6.60152e-24,0,1.09585e+13,1.04327e+14,2.63413e+09,1.15288e+14,4.24006e+13,0
1.77625e+08,4133.78,1.78036e+06,6.23466e+29,4.12252e+25,5.78422e+12,5.77419,7.30761e+24,0.03468,2.39417e-08,5.31981e-24,0,1.05624e+13,1.01059e+14,2.53351e+09,1.11624e+14,3.92393e+13,0
1.78125e+08,4042.93,1.76301e+06,6.24279e+29,4.12252e+25,5.79614e+12,5.88335,6.61703e+24,0.03468,2.25158e-08,4.28143e-24,0,1.01784e+13,9.78747e+13,2.43616e+09,1.08056e+14,3.62948e+13,0
1.78625e+08,3953.53,1.74572e+06,6.25079e+29,4.12253e+25,5.80802e+12,5.99522,5.98813e+24,0.03468,2.11669e-08,3.44123e-24,0,9.80602e+12,9.47719e+13,2.342e+09,1.0458e+14,3.35535e+13,0
1.79125e+08,3865.56,1.7285e+06,6.25865e+29,4.12253e+25,5.81986e+12,6.10989,5.41571e+24,0.03468,1.98913e-08,2.76224e-24,0,9.44507e+12,9.1749e+13,2.25095e+09,1.01196e+14,3.10027e+13,0
1.79625e+08,3779.01,1.71134e+06,6.26638e+29,4.12253e+25,5.83166e+12,6.22745,4.895e+24,0.03468,1.86854e-08,2.21424e-24,0,9.09524e+12,8.88045e+13,2.16291e+09,9.79019e+13,2.86302e+13,0
1.80125e+08,3693.85,1.69425e+06,6.27398e+29,4.12253e+25,5.84342e+12,6.34799,4.42158e+24,0.03468,1.75457e-08,1.77254e-24,0,8.75624e+12,8.59367e+13,2.0778e+09,9.46951e+13,2.64246e+13,0
1.80625e+08,3610.09,1.67723e+06,6.28145e+29,4.12253e+25,5.85513e+12,6.47161,3.99142e+24,0.03468,1.6469e-08,1.41697e-24,0,8.42781e+12,8.31441e+13,1.99555e+09,9.15739e+13,2.43754e+13,0
1.81125e+08,3527.69,1.66028e+06,6.28879e+29,4.12253e+25,5.8668e+12,6.59841,3.60078e+24,0.03468,1.54521e-08,1.13114e-24,0,8.10967e+12,8.04251e+13,1.91607e+09,8.85367e+13,2.24722e+13,0
1.81625e+08,3446.66,1.64338e+06,6.296e+29,4.12253e+25,5.87842e+12,6.72849,3.24625e+24,0.03468,1.44921e-08,9.01672e-25,0,7.80156e+12,7.77782e+13,1.83928e+09,8.55816e+13,2.07058e+13,0
1.82125e+08,3366.96,1.62656e+06,6.30309e+29,4.12254e+25,5.89001e+12,6.86196,2.92468e+24,0.03468,1.35861e-08,7.1771e-25,0,7.50323e+12,7.52018e+13,1.7651e+09,8.27068e+13,1.9067e+13,0
1.82625e+08,3288.59,1.6098e+06,6.31004e+29,4.12254e+25,5.90155e+12,6.99893,2.63318e+24,0.03468,1.27313e-08,5.70437e-25,0,7.21441e+12,7.26946e+13,1.69347e+09,7.99107e+13,1.75474e+13,0
1.83125e+08,3211.53,1.5931e+06,6.31688e+29,4.12254e+25,5.91304e+12,7.13953,2.36911e+24,0.03468,1.19252e-08,4.52703e-25,0,6.93487e+12,7.02549e+13,1.6243e+09,7.71914e+13,1.61393e+13,0
1.83625e+08,3135.77,1.57647e+06,6.32358e+29,4.12254e+25,5.92449e+12,7.28387,2.13003e+24,0.03468,1.11652e-08,3.58721e-25,0,6.66436e+12,6.78815e+13,1.55754e+09,7.45475e+13,1.4835e+13,0
1.84125e+08,3061.29,1.55991e+06,6.33017e+29,4.12254e+25,5.9359e+12,7.43208,1.91372e+24,0.03468,1.04491e-08,2.83809e-25,0,6.40264e+12,6.55729e+13,1.4931e+09,7.19771e+13,1.36276e+13,0
1.84625e+08,2988.08,1.54341e+06,6.33663e+29,4.12254e+25,5.94726e+12,7.58431,1.71814e+24,0.03468,9.77447e-09,2.24187e-25,0,6.14948e+12,6.33277e+13,1.43092e+09,6.94786e+13,1.25106e+13,0
1.85125e+08,2916.12,1.52697e+06,6.34298e+29,4.12254e+25,5.95858e+12,7.74067,1.54141e+24,0.03468,9.13921e-09,1.76806e-25,0,5.90465e+12,6.11446e+13,1.37094e+09,6.70506e+13,1.14777e+13,0
1.85625e+08,2845.4,1.5106e+06,6.3492e+29,4.12254e+25,5.96985e+12,7.90133,1.38183e+24,0.03468,8.54124e-09,1.39212e-25,0,5.66793e+12,5.90221e+13,1.31308e+09,6.46914e+13,1.05232e+13,0
1.86125e+08,2775.91,1.4943e+06,6.3553e+29,4.12254e+25,5.98108e+12,8.06644,1.23783e+24,0.03468,7.97862e-09,1.09429e-25,0,5.43911e+12,5.69591e+13,1.25729e+09,6.23994e+13,9.64171e+12,0
1.86625e+08,2707.63,1.47805e+06,6.36129e+29,4.12254e+25,5.99227e+12,8.23614,1.10798e+24,0.03468,7.44946e-09,8.58734e-26,0,5.21796e+12,5.49541e+13,1.20351e+09,6.01732e+13,8.82806e+12,0
1.87125e+08,2640.55,1.46187e+06,6.36716e+29,4.12254e+25,6.0034e+12,8.41062,9.90978e+23,0.03468,6.95198e-09,6.72724e-26,0,5.00428e+12,5.30059e+13,1.15167e+09,5.80113e+13,8.07751e+12,0
1.87625e+08,2574.65,1.44576e+06,6.37291e+29,4.12254e+25,6.01449e+12,8.59003,8.85619e+23,0.03468,6.48448e-09,5.26085e-26,0,4.79786e+12,5.11133e+13,1.10172e+09,5.59122e+13,7.3856e+12,0
1.88125e+08,2509.92,1.4297e+06,6.37856e+29,4.12254e+25,6.02554e+12,8.77456,7.90818e+23,0.03468,6.04534e-09,4.10678e-26,0,4.59851e+12,4.9275e+13,1.0536e+09,5.38745e+13,6.74814e+12,0
1.88625e+08,2446.34,1.41372e+06,6.38408e+29,4.12254e+25,6.03654e+12,8.9644,7.0558e+23,0.03468,5.63302e-09,3.20008e-26,0,4.40603e+12,4.74898e+13,1.00725e+09,5.18968e+13,6.16124e+12,0
1.89125e+08,2383.91,1.39779e+06,6.3895e+29,4.12254e+25,6.04749e+12,9.15975,6.28997e+23,0.03468,5.24605e-09,2.48896e-26,0,4.22022e+12,4.57565e+13,9.62623e+08,4.99776e+13,5.62124e+12,0
1.89625e+08,2322.61,1.38192e+06,6.3948e+29,4.12254e+25,6.05839e+12,9.36082,5.60246e+23,0.03468,4.88304e-09,1.93223e-26,0,4.04091e+12,4.40739e+13,9.19662e+08,4.81157e+13,5.12471e+12,0
1.90125e+08,2262.43,1.36612e+06,6.4e+29,4.12254e+25,6.06925e+12,9.56781,4.98572e+23,0.03468,4.54266e-09,1.49716e-26,0,3.8679e+12,4.24409e+13,8.78315e+08,4.63097e+13,4.66847e+12,0
1.90625e+08,2203.34,1.35038e+06,6.40509e+29,4.12254e+25,6.08006e+12,9.78096,4.43292e+23,0.03468,4.22365e-09,1.15779e-26,0,3.70102e+12,4.08564e+13,8.38534e+08,4.45583e+13,4.24953e+12,0
1.91125e+08,2145.35,1.33471e+06,6.41007e+29,4.12254e+25,6.09082e+12,10.0005,3.93782e+23,0.03468,3.92482e-09,8.93567e-27,0,3.5401e+12,3.93192e+13,8.00268e+08,4.28601e+13,3.86513e+12,0
1.91625e+08,2088.43,1.31909e+06,6.41494e+29,4.12254e+25,6.10153e+12,10.2267,3.49478e+23,0.03468,3.64501e-09,6.88248e-27,0,3.38495e+12,3.78283e+13,7.63471e+08,4.1214e+13,3.51265e+12,0
1.92125e+08,2032.58,1.30354e+06,6.41971e+29,4.12254e+25,6.1122e+12,10.4598,3.09866e+23,0.03468,3.38315e-09,5.29012e-27,0,3.23542e+12,3.63825e+13,7.28095e+08,3.96187e+13,3.18969e+12,0
1.92625e+08,1977.78,1.28805e+06,6.42437e+29,4.12254e+25,6.12281e+12,10.7001,2.74479e+23,0.03468,3.13821e-09,4.05762e-27,0,3.09134e+12,3.49808e+13,6.94096e+08,3.80729e+13,2.89399e+12,0
1.93125e+08,1924.01,1.27262e+06,6.42894e+29,4.12254e+25,6.13338e+12,10.9478,2.42895e+23,0.03468,2.90922e-09,3.10558e-27,0,2.95256e+12,3.36222e+13,6.61429e+08,3.65755e+13,2.62345e+12,0
1.93625e+08,1871.27,1.25725e+06,6.4334e+29,4.12254e+25,6.1439e+12,11.2033,2.14729e+23,0.03468,2.69525e-09,2.37172e-27,0,2.81891e+12,3.23057e+13,6.30051e+08,3.51253e+13,2.37613e+12,0
1.94125e+08,1819.55,1.24194e+06,6.43776e+29,4.12254e+25,6.15436e+12,11.4669,1.89635e+23,0.03468,2.49542e-09,1.80722e-27,0,2.69024e+12,3.10302e+13,5.9992e+08,3.37211e+13,2.15021e+12,0
1.94625e+08,1768.82,1.22669e+06,6.44202e+29,4.12254e+25,6.16478e+12,11.739,1.67299e+23,0.03468,2.30889e-09,1.37394e-27,0,2.56641e+12,2.97948e+13,5.70996e+08,3.23618e+13,1.944e+12,0
1.95125e+08,1719.09,1.21151e+06,6.44618e+29,4.12254e+25,6.17515e+12,12.0198,1.47437e+23,0.03468,2.13489e-09,1.0421e-27,0,2.44727e+12,2.85985e+13,5.43239e+08,3.10463e+13,1.75594e+12,0
1.95625e+08,1670.33,1.19638e+06,6.45025e+29,4.12254e+25,6.18546e+12,12.3097,1.29791e+23,0.03468,1.97265e-09,7.88535e-28,0,2.33267e+12,2.74404e+13,5.16611e+08,2.97736e+13,1.58457e+12,0
1.96125e+08,1622.53,1.18131e+06,6.45422e+29,4.12255e+25,6.19573e+12,12.6092,1.1413e+23,0.03468,1.82148e-09,5.95217e-28,0,2.22248e+12,2.63194e+13,4.91073e+08,2.85424e+13,1.42854e+12,0
1.96625e+08,1575.68,1.1663e+06,6.4581e+29,4.12255e+25,6.20594e+12,12.9186,1.00245e+23,0.03468,1.6807e-09,4.48179e-28,0,2.11657e+12,2.52348e+13,4.66589e+08,2.73519e+13,1.28661e+12,0
1.97125e+08,1529.78,1.15135e+06,6.46188e+29,4.12255e+25,6.2161e+12,13.2384,8.79475e+22,0.03468,1.54967e-09,3.36608e-28,0,2.0148e+12,2.41856e+13,4.43124e+08,2.62009e+13,1.15761e+12,0
1.97625e+08,1484.8,1.13646e+06,6.46557e+29,4.12255e+25,6.22622e+12,13.569,7.70668e+22,0.03468,1.4278e-09,2.52158e-28,0,1.91704e+12,2.3171e+13,4.20643e+08,2.50884e+13,1.04047e+12,0
1.98125e+08,1440.74,1.12163e+06,6.46917e+29,4.12255e+25,6.23627e+12,13.9109,6.74504e+22,0.03468,1.31452e-09,1.88394e-28,0,1.82317e+12,2.219e+13,3.99113e+08,2.40135e+13,9.34203e+11,0
1.98625e+08,1397.58,1.10686e+06,6.47268e+29,4.12255e+25,6.24628e+12,14.2647,5.89608e+22,0.03468,1.20928e-09,1.40374e-28,0,1.73306e+12,2.12418e+13,3.785e+08,2.29752e+13,8.37885e+11,0
1.99125e+08,1355.32,1.09215e+06,6.47611e+29,4.12255e+25,6.25623e+12,14.6308,5.14743e+22,0.03468,1.11159e-09,1.04303e-28,0,1.64659e+12,2.03256e+13,3.58773e+08,2.19726e+13,7.50671e+11,0
1.99625e+08,1313.94,1.0775e+06,6.47944e+29,4.12255e+25,6.26613e+12,15.0098,4.48802e+22,0.03468,1.02097e-09,7.72822e-29,0,1.56366e+12,1.94406e+13,3.399e+08,2.10046e+13,6.71779e+11,0
2.00125e+08,1273.42,1.0629e+06,6.48269e+29,4.12255e+25,6.27597e+12,15.4023,3.90789e+22,0.03468,9.36949e-10,5.70951e-29,0,1.48413e+12,1.8586e+13,3.21853e+08,2.00704e+13,6.00486e+11,0
2.00625e+08,1233.77,1.04836e+06,6.48586e+29,4.12255e+25,6.28576e+12,15.809,3.39812e+22,0.03468,8.59115e-10,4.20559e-29,0,1.40791e+12,1.77609e+13,3.04601e+08,1.91691e+13,5.36126e+11,0
2.01125e+08,1194.97,1.03388e+06,6.48894e+29,4.12255e+25,6.2955e+12,16.2305,2.95074e+22,0.03468,7.87061e-10,3.08839e-29,0,1.33489e+12,1.69647e+13,2.88116e+08,1.82998e+13,4.78088e+11,0
2.01625e+08,1157,1.01945e+06,6.49193e+29,4.12255e+25,6.30518e+12,16.6676,2.5586e+22,0.03468,7.20408e-10,2.26091e-29,0,1.26495e+12,1.61965e+13,2.7237e+08,1.74617e+13,4.25805e+11,0
2.02125e+08,1119.86,1.00509e+06,6.49485e+29,4.12255e+25,6.31481e+12,17.121,2.21534e+22,0.03468,6.58797e-10,1.64986e-29,0,1.198e+12,1.54556e+13,2.57338e+08,1.66539e+13,3.78761e+11,0
2.02625e+08,1083.53,990776,6.49769e+29,4.12255e+25,6.32437e+12,17.5914,1.91526e+22,0.03468,6.01891e-10,1.20002e-29,0,1.13393e+12,1.47413e+13,2.42992e+08,1.58755e+13,3.36477e+11,0
2.03125e+08,1048.01,976521,6.50045e+29,4.12255e+25,6.33389e+12,18.0798,1.65329e+22,0.03468,5.49373e-10,8.69906e-30,0,1.07265e+12,1.40529e+13,2.29307e+08,1.51258e+13,2.98517e+11,0
2.03625e+08,1013.28,962324,6.50313e+29,4.12255e+25,6.34334e+12,18.5871,1.4249e+22,0.03468,5.00944e-10,6.28434e-30,0,1.01407e+12,1.33897e+13,2.16259e+08,1.4404e+13,2.64479e+11,0
2.04125e+08,979.331,948182,6.50573e+29,4.12255e+25,6.35274e+12,19.1142,1.22608e+22,0.03468,4.56323e-10,4.5239e-30,0,9.58079e+11,1.27509e+13,2.03825e+08,1.37092e+13,2.33994e+11,0
2.04625e+08,946.157,934096,6.50826e+29,4.12255e+25,6.36209e+12,19.6621,1.05326e+22,0.03468,4.15245e-10,3.24483e-30,0,9.04602e+11,1.2136e+13,1.9198e+08,1.30408e+13,2.06727e+11,0
2.05125e+08,913.746,920065,6.51071e+29,4.12255e+25,6.37137e+12,20.232,9.03253e+21,0.03468,3.77464e-10,2.31875e-30,0,8.53546e+11,1.15442e+13,1.80703e+08,1.23979e+13,1.82368e+11,0
2.05625e+08,882.085,906090,6.51309e+29,4.12255e+25,6.3806e+12,20.825,7.7326e+21,0.03468,3.42745e-10,1.65066e-30,0,8.04827e+11,1.09749e+13,1.69971e+08,1.17799e+13,1.60637e+11,0
2.06125e+08,851.167,892169,6.5154e+29,4.12255e+25,6.38976e+12,21.4423,6.60788e+21,0.03468,3.1087e-10,1.17045e-30,0,7.58361e+11,1.04276e+13,1.59764e+08,1.11861e+13,1.41275e+11,0
2.06625e+08,820.979,878303,6.51764e+29,4.12255e+25,6.39887e+12,22.0853,5.63633e+21,0.03468,2.81635e-10,8.26606e-31,0,7.14066e+11,9.90141e+12,1.50061e+08,1.06156e+13,1.2405e+11,0
2.07125e+08,791.513,864492,6.51981e+29,4.12255e+25,6.40792e+12,22.7553,4.79852e+21,0.03468,2.54846e-10,5.81355e-31,0,6.71865e+11,9.39592e+12,1.40843e+08,1.00679e+13,1.08746e+11,0
2.07625e+08,762.758,850735,6.52191e+29,4.12255e+25,6.4169e+12,23.454,4.07728e+21,0.03468,2.30324e-10,4.07128e-31,0,6.31679e+11,8.91049e+12,1.32089e+08,9.5423e+12,9.51692e+10,0
2.08125e+08,734.705,837031,6.52395e+29,4.12255e+25,6.42583e+12,24.1829,3.4575e+21,0.03468,2.079e-10,2.83866e-31,0,5.93435e+11,8.44452e+12,1.23782e+08,9.03808e+12,8.31434e+10,0
2.08625e+08,707.343,823382,6.52591e+29,4.12255e+25,6.43469e+12,24.9438,2.92587e+21,0.03468,1.87418e-10,1.9703e-31,0,5.5706e+11,7.99745e+12,1.15903e+08,8.55463e+12,7.25077e+10,0
2.09125e+08,680.663,809785,6.52782e+29,4.12255e+25,6.4435e+12,25.7386,2.47072e+21,0.03468,1.68728e-10,1.36123e-31,0,5.22483e+11,7.56872e+12,1.08435e+08,8.09131e+12,6.31164e+10,0
2.09625e+08,654.655,796242,6.52966e+29,4.12255e+25,6.45224e+12,26.5691,2.08181e+21,0.03468,1.51694e-10,9.35941e-32,0,4.89636e+11,7.15778e+12,1.01361e+08,7.64752e+12,5.48376e+10,0
2.10125e+08,629.311,782751,6.53144e+29,4.12255e+25,6.46091e+12,27.4377,1.75016e+21,0.03468,1.36187e-10,6.40352e-32,0,4.58452e+11,6.76409e+12,9.46641e+07,7.22264e+12,4.75519e+10,0
2.10625e+08,604.619,769313,6.53315e+29,4.12255e+25,6.46953e+12,28.3467,1.46791e+21,0.03468,1.22087e-10,4.3589e-32,0,4.28866e+11,6.38713e+12,8.8329e+07,6.81608e+12,4.11513e+10,0
2.11125e+08,580.572,755928,6.53481e+29,4.12255e+25,6.47808e+12,29.2984,1.22823e+21,0.03468,1.09283e-10,2.95156e-32,0,4.00816e+11,6.02638e+12,8.234e+07,6.42728e+12,3.55385e+10,0
2.11625e+08,557.159,742594,6.53641e+29,4.12255e+25,6.48656e+12,30.2957,1.02514e+21,0.03468,9.76698e-11,1.98779e-32,0,3.7424e+11,5.68134e+12,7.66823e+07,6.05566e+12,3.06256e+10,0
2.12125e+08,534.372,729312,6.53795e+29,4.12255e+25,6.49498e+12,31.3415,8.53435e+20,0.03468,8.71509e-11,1.33124e-32,0,3.49079e+11,5.35152e+12,7.13416e+07,5.70067e+12,2.63336e+10,0
2.12625e+08,512.2,716081,6.53943e+29,4.12255e+25,6.50333e+12,32.4389,7.08614e+20,0.03468,7.76363e-11,8.86396e-33,0,3.25276e+11,5.03643e+12,6.63039e+07,5.36177e+12,2.25915e+10,0
2.13125e+08,490.637,702902,6.54086e+29,4.12255e+25,6.51162e+12,33.5913,5.8676e+20,0.03468,6.90421e-11,5.86679e-33,0,3.02774e+11,4.7356e+12,6.15557e+07,5.03844e+12,1.93354e+10,0
2.13625e+08,469.671,689773,6.54224e+29,4.12255e+25,6.51984e+12,34.8025,4.84487e+20,0.03468,6.12907e-11,3.8591e-33,0,2.81519e+11,4.44857e+12,5.7084e+07,4.73015e+12,1.65083e+10,0
2.14125e+08,449.295,676695,6.54356e+29,4.12255e+25,6.52799e+12,36.0764,3.9887e+20,0.03468,5.43099e-11,2.52226e-33,0,2.6146e+11,4.17489e+12,5.28763e+07,4.4364e+12,1.40591e+10,0
2.14625e+08,429.5,663667,6.54483e+29,4.12255e+25,6.53607e+12,37.4174,3.27388e+20,0.03468,4.8033e-11,1.63762e-33,0,2.42544e+11,3.91412e+12,4.89205e+07,4.15671e+12,1.19419e+10,0
2.15125e+08,410.276,650689,6.54605e+29,4.12255e+25,6.54409e+12,38.8304,2.67874e+20,0.03468,4.23981e-11,1.05597e-33,0,2.24722e+11,3.66581e+12,4.52048e+07,3.89058e+12,1.01162e+10,0
2.15625e+08,391.616,637761,6.54722e+29,4.12255e+25,6.55203e+12,40.3204,2.18465e+20,0.03468,3.73481e-11,6.76076e-34,0,2.07947e+11,3.42956e+12,4.17179e+07,3.63755e+12,8.5455e+09,0
2.16125e+08,373.51,624882,6.54834e+29,4.12255e+25,6.5599e+12,41.8932,1.77568e+20,0.03468,3.283e-11,4.29664e-34,0,1.92171e+11,3.20495e+12,3.84489e+07,3.39716e+12,7.19771e+09,0
2.16625e+08,355.95,612053,6.54941e+29,4.12255e+25,6.56771e+12,43.5549,1.43822e+20,0.03468,2.87952e-11,2.70976e-34,0,1.77351e+11,2.99156e+12,3.53872e+07,3.16895e+12,6.04419e+09,0
2.17125e+08,338.928,599272,6.55044e+29,4.12255e+25,6.57543e+12,45.3123,1.16065e+20,0.03468,2.51988e-11,1.69539e-34,0,1.63442e+11,2.78902e+12,3.25227e+07,2.95249e+12,5.05961e+09,0
2.17625e+08,322.435,586540,6.55142e+29,4.12255e+25,6.58309e+12,47.1729,9.33105e+19,0.03468,2.19993e-11,1.05198e-34,0,1.50402e+11,2.59693e+12,2.98457e+07,2.74736e+12,4.22162e+09,0
2.18125e+08,306.462,573856,6.55236e+29,4.12255e+25,6.59067e+12,49.1449,7.47217e+19,0.03468,1.91587e-11,6.47143e-35,0,1.38191e+11,2.41491e+12,2.73466e+07,2.55313e+12,3.51047e+09,0
2.18625e+08,291.003,561220,6.55326e+29,4.12255e+25,6.59818e+12,51.2374,5.95908e+19,0.03468,1.6642e-11,3.94542e-35,0,1.26769e+11,2.2426e+12,2.50163e+07,2.36939e+12,2.90881e+09,0
2.19125e+08,276.048,548632,6.55411e+29,4.12255e+25,6.60561e+12,53.4602,4.73209e+19,0.03468,1.44173e-11,2.38299e-35,0,1.16098e+11,2.07963e+12,2.28463e+07,2.19575e+12,2.4014e+09,0
2.19625e+08,261.589,536091,6.55492e+29,4.12255e+25,6.61296e+12,55.8243,3.741e+19,0.03468,1.24552e-11,1.42531e-35,0,1.06141e+11,1.92565e+12,2.08279e+07,2.03182e+12,1.97489e+09,0
2.20125e+08,247.618,523597,6.5557e+29,4.12255e+25,6.62024e+12,58.3421,2.94374e+19,0.03468,1.07287e-11,8.43867e-36,0,9.68625e+10,1.78033e+12,1.89531e+07,1.87721e+12,1.61764e+09,0
2.20625e+08,234.128,511150,6.55643e+29,4.12255e+25,6.62744e+12,61.027,2.30513e+19,0.03468,9.21348e-12,4.94325e-36,0,8.82279e+10,1.64332e+12,1.72141e+07,1.73156e+12,1.31946e+09,0
2.21125e+08,221.109,498750,6.55713e+29,4.12255e+25,6.63456e+12,63.8942,1.79588e+19,0.03468,7.88704e-12,2.86362e-36,0,8.02042e+10,1.5143e+12,1.56035e+07,1.59452e+12,1.07154e+09,0
2.21625e+08,208.556,486395,6.5578e+29,4.12255e+25,6.64159e+12,66.9604,1.3917e+19,0.03468,6.72908e-12,1.63965e-36,0,7.27593e+10,1.39294e+12,1.41139e+07,1.46571e+12,8.66216e+08,0
2.22125e+08,196.458,474087,6.55842e+29,4.12255e+25,6.64855e+12,70.2446,1.07247e+19,0.03468,5.72108e-12,9.27431e-37,0,6.58621e+10,1.27894e+12,1.27386e+07,1.34481e+12,6.96874e+08,0
2.22625e+08,184.81,461824,6.55902e+29,4.12255e+25,6.65542e+12,73.7678,8.21633e+18,0.03468,4.84625e-12,5.17895e-37,0,5.94831e+10,1.17198e+12,1.14708e+07,1.23148e+12,5.57814e+08,0
2.23125e+08,173.602,449606,6.55958e+29,4.12255e+25,6.66221e+12,77.5538,6.25597e+18,0.03468,4.08939e-12,2.85332e-37,0,5.35933e+10,1.07179e+12,1.03043e+07,1.12539e+12,4.44142e+08,0
2.23625e+08,162.828,437433,6.5601e+29,4.12255e+25,6.66892e+12,81.6294,4.73256e+18,0.03468,3.43677e-12,1.54991e-37,0,4.81652e+10,9.7805e+11,9.23284e+06,1.02622e+12,3.51667e+08,0
2.24125e+08,152.479,425304,6.5606e+29,4.12255e+25,6.67553e+12,86.0249,3.55577e+18,0.03468,2.87598e-12,8.29428e-38,0,4.31722e+10,8.90495e+11,8.25068e+06,9.33676e+11,2.76815e+08,0
2.24625e+08,142.549,413220,6.56107e+29,4.12255e+25,6.68206e+12,90.7748,2.65244e+18,0.03468,2.39589e-12,4.36936e-38,0,3.85885e+10,8.08847e+11,7.35218e+06,8.47442e+11,2.1655e+08,0
2.25125e+08,133.029,401180,6.56151e+29,4.12255e+25,6.68851e+12,95.9182,1.96361e+18,0.03468,1.98646e-12,2.2638e-38,0,3.43897e+10,7.32835e+11,6.53201e+06,7.67231e+11,1.683e+08,0
2.25625e+08,123.912,389183,6.56192e+29,4.12255e+25,6.69486e+12,101.5,1.44203e+18,0.03468,1.63873e-12,1.15245e-38,0,3.05521e+10,6.62199e+11,5.78505e+06,6.92756e+11,1.29899e+08,0
2.26125e+08,115.191,377230,6.5623e+29,4.12255e+25,6.70111e+12,107.571,1.05001e+18,0.03468,1.34468e-12,5.75864e-39,0,2.70529e+10,5.96683e+11,5.1064e+06,6.23741e+11,9.95274e+07,0
2.26625e+08,106.857,365319,6.56266e+29,4.12255e+25,6.70728e+12,114.191,7.57683e+17,0.03468,1.09716e-12,2.8212e-39,0,2.38703e+10,5.3604e+11,4.4914e+06,5.59915e+11,7.56662e+07,0
2.27125e+08,98.9046,353452,6.56299e+29,4.12255e+25,6.71335e+12,121.429,5.41512e+17,0.03468,8.8984e-13,1.35339e-39,0,2.09835e+10,4.80028e+11,3.93559e+06,5.01016e+11,5.70518e+07,0
2.27625e+08,91.3251,341626,6.5633e+29,4.12255e+25,6.71932e+12,129.363,3.83075e+17,0.03468,7.17084e-13,6.34884e-40,0,1.83725e+10,4.28412e+11,3.43474e+06,4.46788e+11,4.26394e+07,0
2.28125e+08,84.1116,329842,6.56359e+29,4.12255e+25,6.7252e+12,138.087,2.68049e+17,0.03468,5.73928e-13,2.90799e-40,0,1.60181e+10,3.80963e+11,2.9848e+06,3.96984e+11,3.15697e+07,0
2.28625e+08,77.2567,318100,6.56385e+29,4.12255e+25,6.73097e+12,147.709,1.85384e+17,0.03468,4.56002e-13,1.29836e-40,0,1.3902e+10,3.37458e+11,2.58194e+06,3.51363e+11,2.31399e+07,0
2.29125e+08,70.7529,306399,6.5641e+29,4.12255e+25,6.73664e+12,158.358,1.26616e+17,0.03468,3.59476e-13,5.64035e-41,0,1.20068e+10,2.97682e+11,2.22249e+06,3.09691e+11,1.67792e+07,0
2.29625e+08,64.5931,294739,6.56432e+29,4.12255e+25,6.74221e+12,170.186,8.53219e+16,0.03468,2.81004e-13,2.37921e-41,0,1.03156e+10,2.61423e+11,1.90301e+06,2.71741e+11,1.20267e+07,0
2.30125e+08,58.7698,283119,6.56452e+29,4.12255e+25,6.74767e+12,183.375,5.66671e+16,0.03468,2.17675e-13,9.72266e-42,0,8.8127e+09,2.28478e+11,1.6202e+06,2.37292e+11,8.51335e+06,0
2.30625e+08,53.2758,271540,6.56471e+29,4.12255e+25,6.75303e+12,198.144,3.70504e+16,0.03468,1.6697e-13,3.83928e-42,0,7.48288e+09,1.98648e+11,1.37095e+06,2.06132e+11,5.94556e+06,0
2.31125e+08,48.1038,260000,6.56488e+29,4.12255e+25,6.75827e+12,214.757,2.38163e+16,0.03468,1.2672e-13,1.46075e-42,0,6.31176e+09,1.7174e+11,1.15234e+06,1.78053e+11,4.09195e+06,0
2.31625e+08,43.2464,248499,6.56504e+29,4.12255e+25,6.76339e+12,233.537,1.50288e+16,0.03468,9.50656e-14,5.33762e-43,0,5.28568e+09,1.47569e+11,961586,1.52855e+11,2.77175e+06,0
2.32125e+08,38.6962,237037,6.56517e+29,4.12255e+25,6.76841e+12,254.88,9.29418e+15,0.03468,7.04221e-14,1.86618e-43,0,4.39169e+09,1.25952e+11,796078,1.30344e+11,1.84515e+06,0
2.32625e+08,34.4458,225614,6.5653e+29,4.12255e+25,6.7733e+12,279.281,5.62197e+15,0.03468,5.14488e-14,6.2166e-44,0,3.61754e+09,1.06714e+11,653360,1.10333e+11,1.20513e+06,0
2.33125e+08,30.4879,214228,6.56541e+29,4.12255e+25,6.77807e+12,307.359,3.31886e+15,0.03468,3.7018e-14,1.96347e-44,0,2.95165e+09,8.96862e+10,531128,9.26384e+10,770778,0
2.33625e+08,26.815,202881,6.56551e+29,4.12255e+25,6.78271e+12,339.897,1.90716e+15,0.03468,2.61889e-14,5.84672e-45,0,2.38313e+09,7.47032e+10,427222,7.70868e+10,481665,0
2.34125e+08,23.4195,191570,6.56559e+29,4.12255e+25,6.78722e+12,377.905,1.06358e+15,0.03468,1.8183e-14,1.63059e-45,0,1.90173e+09,6.16065e+10,339627,6.35085e+10,293326,0
2.34625e+08,20.2938,180296,6.56567e+29,4.12255e+25,6.7916e+12,422.694,5.7358e+14,0.03468,1.2362e-14,4.22613e-46,0,1.49781e+09,5.02425e+10,266463,5.17406e+10,173544,0
2.35125e+08,17.4303,169059,6.56574e+29,4.12255e+25,6.79585e+12,476.001,2.97863e+14,0.03468,8.20783e-15,1.00852e-46,0,1.16241e+09,4.04633e+10,205987,4.16259e+10,99389.6,0
2.35625e+08,14.821,157857,6.56579e+29,4.12255e+25,6.79995e+12,540.159,1.48194e+14,0.03468,5.30522e-15,2.1915e-47,0,8.87116e+08,3.21263e+10,156581,3.30135e+10,54857.3,0
2.36125e+08,12.4581,146690,6.56584e+29,4.12255e+25,6.8039e+12,618.366,7.02017e+13,0.03468,3.32525e-15,4.27793e-48,0,6.64158e+08,2.50941e+10,116758,2.57584e+10,29024.9,0
2.36625e+08,10.3335,135557,6.56588e+29,4.12255e+25,6.8077e+12,715.107,3.14233e+13,0.03468,2.01146e-15,7.37762e-49,0,4.86328e+08,1.92349e+10,85148.8,1.97213e+10,14624.8,0
2.37125e+08,8.43883,124458,6.56591e+29,4.12255e+25,6.81134e+12,836.831,1.31641e+13,0.03468,1.16723e-15,1.1008e-49,0,3.46994e+08,1.44221e+10,60504.5,1.47691e+10,6959.91,0
2.37625e+08,6.76565,113393,6.56594e+29,4.12255e+25,6.81481e+12,993.091,5.09876e+12,0.03468,6.4481e-16,1.38364e-50,0,2.40086e+08,1.05346e+10,41690.5,1.07747e+10,3095.54,0
2.38125e+08,5.30514,102360,6.56596e+29,4.12255e+25,6.81811e+12,1198.54,1.79705e+12,0.03468,3.35736e-16,1.41498e-51,0,1.60083e+08,7.45673e+09,27683.1,7.61684e+09,1269.16,0
2.38625e+08,4.04817,91359.1,6.56598e+29,4.12255e+25,6.82123e+12,1476.65,5.64188e+11,0.03468,1.6257e-16,1.12372e-52,0,1.02004e+08,5.07845e+09,17567,5.18047e+09,470.916,0
2.39125e+08,2.98521,80388.7,6.56599e+29,4.12255e+25,6.82415e+12,1866.92,1.53204e+11,0.03468,7.1867e-17,6.49818e-54,0,6.13963e+07,3.29526e+09,10531,3.35667e+09,154.158,0
2.39625e+08,2.10617,69448,6.566e+29,4.12255e+25,6.82686e+12,2440.41,3.44918e+10,0.03468,2.82429e-17,2.4944e-55,0,3.43301e+07,2.00851e+09,5865.83,2.04285e+09,42.9218,0
2.40125e+08,1.40033,58535.9,6.56601e+29,4.12255e+25,6.82935e+12,3335.86,6.03875e+09,0.03468,9.47754e-18,5.52558e-57,0,1.73874e+07,1.12557e+09,2960.6,1.14296e+09,9.61637,0
2.40625e+08,0.856053,47650.9,6.56601e+29,4.12255e+25,6.8316e+12,4856.54,7.41177e+08,0.03468,2.54426e-18,5.63066e-59,0,7.65631e+06,5.60135e+08,1300.1,5.67792e+08,1.58473,0
2.41125e+08,0.460502,36791.1,6.56601e+29,4.12255e+25,6.83358e+12,7780.13,5.30072e+07,0.03468,4.86385e-19,1.76182e-61,0,2.72419e+06,2.32646e+08,462.022,2.35371e+08,0.163647,0
2.41625e+08,0.199009,25954.1,6.56601e+29,4.12255e+25,6.83526e+12,14666.3,1.50769e+06,0.03468,5.20559e-20,7.34507e-65,0,672936,7.09249e+07,114.422,7.1598e+07,0.00760042,0
2.42125e+08,0.0665885,15128.4,6.56601e+29,4.12255e+25,6.83626e+12,45074,6774.49,0.03468,2.01072e-21,5.31794e-70,0,108522,1.38329e+07,13.2089,1.39415e+07,9.86373e-05,0
2.42384e+08,0.0244093,9544.63,6.56601e+29,4.12255e+25,6.83628e+12,111933,64.9588,0.03468,1.1678e-22,0,0,20375.6,3.19915e+06,2.09279,3.21953e+06,2.10445e-06,0
2.42566e+08,0.00821671,5599.84,6.56601e+29,4.12255e+25,6.83628e+12,337676,0.310427,0.03468,4.65775e-24,0,0,3319.06,631821,0.247966,635141,2.82973e-08,0
