X = 0.734
Y = 0.25
Z = 0.016
mu = 0.601142
Radius,Density,Temp,Mass,Lum,OptD,Kff,KH,Kes,PP,CNO,3a,Deg,Gas,Rad,TotPres, dLdr, dPdT
0,0,0,0,0,0,-nan,0,0.03468,0,0,0,0,0,0,0,0,0
100,153024,9.50605e+06,640984,461.76,31471.3,0.205663,1.56823e+32,0.03468,0.000720334,5.90743e-08,1.51634e-54,4.34292e+15,1.99746e+16,2.05916e+12,2.43196e+16,1.38528e+07,2.17698e+09
100427,153023,9.50604e+06,6.49232e+20,4.67702e+17,3.15746e+09,0.205663,1.56822e+32,0.03468,0.000720332,5.90736e-08,1.5163e-54,4.34291e+15,1.99746e+16,2.05916e+12,2.43196e+16,1.39713e+13,2.17697e+09
200683,153023,9.50603e+06,5.18057e+21,3.73202e+18,6.31264e+09,0.205664,1.56819e+32,0.03468,0.000720325,5.90715e-08,1.51618e-54,4.34289e+15,1.99745e+16,2.05914e+12,2.43194e+16,5.57894e+13,2.17696e+09
301911,153022,9.506e+06,1.76392e+22,1.2707e+19,9.49841e+09,0.205665,1.56815e+32,0.03468,0.000720313,5.90679e-08,1.51598e-54,4.34285e+15,1.99743e+16,2.05912e+12,2.43192e+16,1.26263e+14,2.17694e+09
403027,153021,9.50596e+06,4.19609e+22,3.02274e+19,1.26807e+10,0.205667,1.56809e+32,0.03468,0.000720296,5.90629e-08,1.5157e-54,4.34279e+15,1.99741e+16,2.05909e+12,2.43189e+16,2.24996e+14,2.1769e+09
504279,153019,9.50592e+06,8.21962e+22,5.92106e+19,1.58672e+10,0.205669,1.56801e+32,0.03468,0.000720274,5.90565e-08,1.51534e-54,4.34271e+15,1.99738e+16,2.05905e+12,2.43185e+16,3.52233e+14,2.17686e+09
606322,153017,9.50586e+06,1.42872e+23,1.02916e+20,1.90786e+10,0.205671,1.56791e+32,0.03468,0.000720247,5.90485e-08,1.51489e-54,4.34261e+15,1.99734e+16,2.059e+12,2.43181e+16,5.09182e+14,2.17681e+09
707552,153015,9.50579e+06,2.27042e+23,1.63543e+20,2.22644e+10,0.205674,1.5678e+32,0.03468,0.000720215,5.90392e-08,1.51437e-54,4.3425e+15,1.99729e+16,2.05894e+12,2.43175e+16,6.93357e+14,2.17675e+09
809396,153012,9.50571e+06,3.39868e+23,2.44807e+20,2.54696e+10,0.205678,1.56767e+32,0.03468,0.000720178,5.90284e-08,1.51376e-54,4.34237e+15,1.99724e+16,2.05887e+12,2.43168e+16,9.07262e+14,2.17668e+09
912169,153009,9.50562e+06,4.8646e+23,3.50385e+20,2.8704e+10,0.205682,1.56752e+32,0.03468,0.000720136,5.9016e-08,1.51306e-54,4.34222e+15,1.99718e+16,2.05879e+12,2.43161e+16,1.1522e+15,2.17651e+09
1.0165e+06,153005,9.50552e+06,6.73184e+23,4.84858e+20,3.19873e+10,0.205686,1.56735e+32,0.03468,0.000720088,5.90019e-08,1.51227e-54,4.34205e+15,1.99711e+16,2.0587e+12,2.43152e+16,1.4307e+15,2.17636e+09
1.1996e+06,152998,9.50531e+06,1.10641e+24,7.96821e+20,3.77498e+10,0.205695,1.567e+32,0.03468,0.00071999,5.89735e-08,1.51068e-54,4.34171e+15,1.99697e+16,2.05852e+12,2.43135e+16,1.9922e+15,2.17612e+09
1.35443e+06,152991,9.50511e+06,1.59242e+24,1.14675e+21,4.26222e+10,0.205704,1.56667e+32,0.03468,0.000719896,5.89458e-08,1.50912e-54,4.34137e+15,1.99684e+16,2.05835e+12,2.43118e+16,2.53916e+15,2.17577e+09
1.56318e+06,152980,9.5048e+06,2.44792e+24,1.76261e+21,4.91917e+10,0.205717,1.56615e+32,0.03468,0.00071975,5.89031e-08,1.50673e-54,4.34086e+15,1.99663e+16,2.05808e+12,2.43092e+16,3.38125e+15,2.17523e+09
1.83602e+06,152963,9.50432e+06,3.96624e+24,2.85534e+21,5.77783e+10,0.205737,1.56536e+32,0.03468,0.000719528,5.88382e-08,1.5031e-54,4.34007e+15,1.99631e+16,2.05767e+12,2.43053e+16,4.66269e+15,2.17442e+09
2.1851e+06,152938,9.50361e+06,6.68526e+24,4.81144e+21,6.8764e+10,0.205768,1.56417e+32,0.03468,0.000719192,5.87402e-08,1.49762e-54,4.33888e+15,1.99583e+16,2.05704e+12,2.42993e+16,6.6001e+15,2.17323e+09
2.62531e+06,152900,9.50252e+06,1.15926e+25,8.33978e+21,8.26171e+10,0.205814,1.56237e+32,0.03468,0.000718686,5.85925e-08,1.48939e-54,4.33709e+15,1.99511e+16,2.05611e+12,2.42903e+16,9.51819e+15,2.17183e+09
3.12531e+06,152849,9.50105e+06,1.95538e+25,1.4059e+22,9.83515e+10,0.205877,1.55993e+32,0.03468,0.000717999,5.83927e-08,1.47828e-54,4.33465e+15,1.99413e+16,2.05483e+12,2.4278e+16,1.34715e+16,2.1702e+09
3.62531e+06,152788,9.49933e+06,3.05129e+25,2.19239e+22,1.14085e+11,0.205951,1.55708e+32,0.03468,0.000717194,5.81589e-08,1.46535e-54,4.33179e+15,1.99298e+16,2.05334e+12,2.42636e+16,1.80993e+16,2.16835e+09
4.12531e+06,152719,9.49734e+06,4.49469e+25,3.22699e+22,1.29819e+11,0.206036,1.5538e+32,0.03468,0.000716271,5.78918e-08,1.45065e-54,4.32851e+15,1.99166e+16,2.05163e+12,2.42472e+16,2.33953e+16,2.16629e+09
4.62531e+06,152641,9.49511e+06,6.33315e+25,4.54297e+22,1.45551e+11,0.206132,1.55012e+32,0.03468,0.00071523,5.75917e-08,1.43423e-54,4.32482e+15,1.99017e+16,2.0497e+12,2.42286e+16,2.93523e+16,2.164e+09
5.12531e+06,152554,9.49262e+06,8.61408e+25,6.17316e+22,1.61283e+11,0.206239,1.54602e+32,0.03468,0.000714072,5.72591e-08,1.41615e-54,4.32071e+15,1.98852e+16,2.04755e+12,2.42079e+16,3.59625e+16,2.16149e+09
5.62531e+06,152458,9.48987e+06,1.13848e+26,8.15002e+22,1.77014e+11,0.206357,1.54152e+32,0.03468,0.000712799,5.68947e-08,1.39649e-54,4.31619e+15,1.98669e+16,2.04518e+12,2.41851e+16,4.3217e+16,2.15877e+09
6.12531e+06,152353,9.48687e+06,1.46923e+26,1.05055e+23,1.92744e+11,0.206486,1.53661e+32,0.03468,0.000711409,5.64991e-08,1.37531e-54,4.31126e+15,1.9847e+16,2.0426e+12,2.41603e+16,5.1106e+16,2.15583e+09
6.62531e+06,152240,9.48362e+06,1.85837e+26,1.32711e+23,2.08474e+11,0.206626,1.5313e+32,0.03468,0.000709905,5.6073e-08,1.35269e-54,4.30591e+15,1.98254e+16,2.0398e+12,2.41334e+16,5.96191e+16,2.15267e+09
7.12531e+06,152118,9.48011e+06,2.31055e+26,1.64778e+23,2.24202e+11,0.206778,1.5256e+32,0.03468,0.000708287,5.56172e-08,1.32872e-54,4.30015e+15,1.98022e+16,2.03678e+12,2.41044e+16,6.87449e+16,2.1493e+09
7.62531e+06,151987,9.47635e+06,2.83043e+26,2.01558e+23,2.39929e+11,0.20694,1.51951e+32,0.03468,0.000706555,5.51323e-08,1.30348e-54,4.29399e+15,1.97773e+16,2.03355e+12,2.40733e+16,7.84713e+16,2.14571e+09
8.12531e+06,151847,9.47234e+06,3.42263e+26,2.43349e+23,2.55655e+11,0.207114,1.51303e+32,0.03468,0.000704711,5.46193e-08,1.27706e-54,4.28742e+15,1.97508e+16,2.03011e+12,2.40402e+16,8.87853e+16,2.14191e+09
8.62531e+06,151699,9.46807e+06,4.09176e+26,2.90442e+23,2.71379e+11,0.207299,1.50618e+32,0.03468,0.000702756,5.40791e-08,1.24956e-54,4.28044e+15,1.97226e+16,2.02645e+12,2.40051e+16,9.96734e+16,2.1379e+09
9.12531e+06,151542,9.46356e+06,4.84239e+26,3.43119e+23,2.87103e+11,0.207495,1.49894e+32,0.03468,0.00070069,5.35124e-08,1.22106e-54,4.27306e+15,1.96928e+16,2.02259e+12,2.39679e+16,1.11121e+17,2.13368e+09
9.62531e+06,151376,9.45879e+06,5.67906e+26,4.01658e+23,3.02824e+11,0.207703,1.49134e+32,0.03468,0.000698514,5.29204e-08,1.19167e-54,4.26528e+15,1.96614e+16,2.01851e+12,2.39287e+16,1.23113e+17,2.12925e+09
1.01253e+07,151202,9.45377e+06,6.60629e+26,4.66325e+23,3.18545e+11,0.207922,1.48338e+32,0.03468,0.00069623,5.2304e-08,1.16147e-54,4.25711e+15,1.96283e+16,2.01423e+12,2.38874e+16,1.35634e+17,2.12461e+09
1.06253e+07,151019,9.44849e+06,7.62857e+26,5.37383e+23,3.34264e+11,0.208152,1.47506e+32,0.03468,0.000693839,5.16641e-08,1.13058e-54,4.24854e+15,1.95937e+16,2.00974e+12,2.38442e+16,1.48668e+17,2.11976e+09
1.11253e+07,150828,9.44297e+06,8.75034e+26,6.15082e+23,3.49981e+11,0.208393,1.46639e+32,0.03468,0.000691342,5.10019e-08,1.09908e-54,4.23957e+15,1.95574e+16,2.00505e+12,2.3799e+16,1.62197e+17,2.11471e+09
1.16253e+07,150628,9.4372e+06,9.97602e+26,6.99666e+23,3.65696e+11,0.208646,1.45738e+32,0.03468,0.00068874,5.03185e-08,1.06708e-54,4.23022e+15,1.95196e+16,2.00015e+12,2.37518e+16,1.76203e+17,2.10945e+09
1.21253e+07,150420,9.43118e+06,1.131e+27,7.9137e+23,3.8141e+11,0.20891,1.44803e+32,0.03468,0.000686035,4.96148e-08,1.03467e-54,4.22048e+15,1.94802e+16,1.99505e+12,2.37026e+16,1.90669e+17,2.104e+09
1.26253e+07,150204,9.42491e+06,1.27566e+27,8.90418e+23,3.97122e+11,0.209185,1.43835e+32,0.03468,0.000683228,4.88922e-08,1.00194e-54,4.21036e+15,1.94392e+16,1.98975e+12,2.36515e+16,2.05575e+17,2.09834e+09
1.31253e+07,149979,9.4184e+06,1.43202e+27,9.97025e+23,4.12832e+11,0.209473,1.42836e+32,0.03468,0.000680319,4.81516e-08,9.68999e-55,4.19985e+15,1.93967e+16,1.98426e+12,2.35985e+16,2.20903e+17,2.09248e+09
1.36253e+07,149745,9.41163e+06,1.60049e+27,1.1114e+24,4.2854e+11,0.209771,1.41805e+32,0.03468,0.000677312,4.73942e-08,9.35929e-55,4.18897e+15,1.93526e+16,1.97856e+12,2.35435e+16,2.36633e+17,2.08643e+09
1.41253e+07,149504,9.40462e+06,1.78151e+27,1.23373e+24,4.44245e+11,0.210081,1.40743e+32,0.03468,0.000674206,4.66213e-08,9.02819e-55,4.17771e+15,1.9307e+16,1.97267e+12,2.34866e+16,2.52744e+17,2.08018e+09
1.46253e+07,149254,9.39736e+06,1.97549e+27,1.36422e+24,4.59949e+11,0.210403,1.39652e+32,0.03468,0.000671005,4.58339e-08,8.69757e-55,4.16608e+15,1.92598e+16,1.96659e+12,2.34279e+16,2.69216e+17,2.07375e+09
1.51253e+07,148996,9.38986e+06,2.18285e+27,1.50302e+24,4.7565e+11,0.210737,1.38532e+32,0.03468,0.000667708,4.50332e-08,8.36825e-55,4.15408e+15,1.92112e+16,1.96032e+12,2.33672e+16,2.86028e+17,2.06711e+09
1.56253e+07,148730,9.38212e+06,2.40399e+27,1.65032e+24,4.9135e+11,0.211082,1.37384e+32,0.03468,0.000664319,4.42205e-08,8.04101e-55,4.14172e+15,1.9161e+16,1.95386e+12,2.33047e+16,3.03159e+17,2.06029e+09
1.61253e+07,148455,9.37413e+06,2.63931e+27,1.80625e+24,5.07046e+11,0.211439,1.36209e+32,0.03468,0.000660837,4.33969e-08,7.71661e-55,4.12899e+15,1.91094e+16,1.94721e+12,2.32403e+16,3.20586e+17,2.05329e+09
1.66253e+07,148173,9.36589e+06,2.88922e+27,1.97097e+24,5.2274e+11,0.211808,1.35007e+32,0.03468,0.000657266,4.25636e-08,7.39576e-55,4.11591e+15,1.90563e+16,1.94038e+12,2.31742e+16,3.38289e+17,2.0461e+09
1.71253e+07,147883,9.35742e+06,3.15412e+27,2.1446e+24,5.38432e+11,0.212188,1.3378e+32,0.03468,0.000653607,4.17217e-08,7.07913e-55,4.10248e+15,1.90017e+16,1.93337e+12,2.31062e+16,3.56245e+17,2.03872e+09
1.76253e+07,147584,9.3487e+06,3.43438e+27,2.32728e+24,5.54121e+11,0.212581,1.32529e+32,0.03468,0.000649862,4.08725e-08,6.76733e-55,4.0887e+15,1.89458e+16,1.92617e+12,2.30364e+16,3.74431e+17,2.03117e+09
1.81253e+07,147278,9.33974e+06,3.7304e+27,2.5191e+24,5.69808e+11,0.212986,1.31254e+32,0.03468,0.000646032,4.0017e-08,6.46095e-55,4.07457e+15,1.88883e+16,1.9188e+12,2.29648e+16,3.92826e+17,2.02343e+09
1.86253e+07,146964,9.33055e+06,4.04255e+27,2.72016e+24,5.85491e+11,0.213402,1.29957e+32,0.03468,0.000642119,3.91565e-08,6.16051e-55,4.0601e+15,1.88295e+16,1.91126e+12,2.28915e+16,4.11405e+17,2.01552e+09
1.91253e+07,146642,9.32111e+06,4.37121e+27,2.93056e+24,6.01172e+11,0.213831,1.28638e+32,0.03468,0.000638125,3.8292e-08,5.8665e-55,4.04529e+15,1.87693e+16,1.90354e+12,2.28165e+16,4.30148e+17,2.00744e+09
1.96253e+07,146313,9.31144e+06,4.71674e+27,3.15037e+24,6.1685e+11,0.214272,1.27298e+32,0.03468,0.000634052,3.74246e-08,5.57935e-55,4.03016e+15,1.87077e+16,1.89565e+12,2.27397e+16,4.4903e+17,1.99919e+09
2.01253e+07,145976,9.30153e+06,5.0795e+27,3.37964e+24,6.32525e+11,0.214725,1.25939e+32,0.03468,0.000629902,3.65554e-08,5.29945e-55,4.01469e+15,1.86447e+16,1.88759e+12,2.26613e+16,4.6803e+17,1.99076e+09
2.06253e+07,145631,9.29138e+06,5.45986e+27,3.61845e+24,6.48197e+11,0.21519,1.2456e+32,0.03468,0.000625677,3.56855e-08,5.02714e-55,3.9989e+15,1.85804e+16,1.87937e+12,2.25811e+16,4.87123e+17,1.98217e+09
2.11253e+07,145278,9.281e+06,5.85816e+27,3.86682e+24,6.63865e+11,0.215668,1.23164e+32,0.03468,0.000621379,3.4816e-08,4.76271e-55,3.98279e+15,1.85147e+16,1.87098e+12,2.24993e+16,5.06288e+17,1.97342e+09
2.16253e+07,144919,9.27039e+06,6.27475e+27,4.12479e+24,6.79531e+11,0.216158,1.21751e+32,0.03468,0.000617009,3.39477e-08,4.50642e-55,3.96636e+15,1.84477e+16,1.86244e+12,2.24159e+16,5.25502e+17,1.96451e+09
2.21253e+07,144551,9.25954e+06,6.70995e+27,4.39237e+24,6.95193e+11,0.21666,1.20322e+32,0.03468,0.00061257,3.30818e-08,4.25847e-55,3.94962e+15,1.83794e+16,1.85373e+12,2.23309e+16,5.44741e+17,1.95543e+09
2.26253e+07,144177,9.24846e+06,7.16412e+27,4.66958e+24,7.10852e+11,0.217175,1.18878e+32,0.03468,0.000608063,3.22192e-08,4.01901e-55,3.93258e+15,1.83099e+16,1.84488e+12,2.22443e+16,5.63983e+17,1.9462e+09
2.31253e+07,143795,9.23714e+06,7.63756e+27,4.9564e+24,7.26507e+11,0.217703,1.1742e+32,0.03468,0.000603491,3.13607e-08,3.78818e-55,3.91524e+15,1.82391e+16,1.83587e+12,2.21561e+16,5.83207e+17,1.93682e+09
2.36253e+07,143406,9.2256e+06,8.13061e+27,5.25283e+24,7.42159e+11,0.218244,1.15949e+32,0.03468,0.000598856,3.05073e-08,3.56604e-55,3.8976e+15,1.8167e+16,1.82671e+12,2.20664e+16,6.02389e+17,1.92729e+09
2.41253e+07,143010,9.21383e+06,8.64356e+27,5.55884e+24,7.57807e+11,0.218797,1.14466e+32,0.03468,0.00059416,2.96599e-08,3.35265e-55,3.87967e+15,1.80937e+16,1.8174e+12,2.19752e+16,6.21509e+17,1.91761e+09
2.46253e+07,142607,9.20184e+06,9.17674e+27,5.87439e+24,7.73451e+11,0.219363,1.12972e+32,0.03468,0.000589405,2.88192e-08,3.14802e-55,3.86146e+15,1.80192e+16,1.80796e+12,2.18824e+16,6.40543e+17,1.90778e+09
2.51253e+07,142196,9.18961e+06,9.73042e+27,6.19943e+24,7.89092e+11,0.219942,1.11468e+32,0.03468,0.000584593,2.79861e-08,2.95211e-55,3.84296e+15,1.79435e+16,1.79837e+12,2.17882e+16,6.59471e+17,1.89781e+09
2.56253e+07,141779,9.17716e+06,1.03049e+28,6.53391e+24,8.04729e+11,0.220534,1.09954e+32,0.03468,0.000579725,2.71613e-08,2.76487e-55,3.82419e+15,1.78666e+16,1.78864e+12,2.16926e+16,6.78272e+17,1.8877e+09
2.61253e+07,141355,9.16449e+06,1.09005e+28,6.87775e+24,8.20362e+11,0.221139,1.08433e+32,0.03468,0.000574805,2.63454e-08,2.58621e-55,3.80515e+15,1.77886e+16,1.77878e+12,2.15955e+16,6.96925e+17,1.87745e+09
2.66253e+07,140925,9.15159e+06,1.15175e+28,7.23088e+24,8.35991e+11,0.221758,1.06904e+32,0.03468,0.000569835,2.55393e-08,2.41603e-55,3.78585e+15,1.77094e+16,1.76879e+12,2.1497e+16,7.15409e+17,1.86707e+09
2.71253e+07,140487,9.13847e+06,1.21561e+28,7.5932e+24,8.51616e+11,0.222389,1.05368e+32,0.03468,0.000564815,2.47435e-08,2.25418e-55,3.76628e+15,1.76291e+16,1.75867e+12,2.13972e+16,7.33705e+17,1.85656e+09
2.76253e+07,140043,9.12513e+06,1.28166e+28,7.96463e+24,8.67237e+11,0.223035,1.03828e+32,0.03468,0.00055975,2.39585e-08,2.10051e-55,3.74646e+15,1.75477e+16,1.74842e+12,2.1296e+16,7.51793e+17,1.84592e+09
2.81253e+07,139592,9.11157e+06,1.34993e+28,8.34504e+24,8.82853e+11,0.223693,1.02282e+32,0.03468,0.00055464,2.31851e-08,1.95484e-55,3.72639e+15,1.74653e+16,1.73805e+12,2.11934e+16,7.69654e+17,1.83516e+09
2.86253e+07,139135,9.09779e+06,1.42044e+28,8.73433e+24,8.98466e+11,0.224365,1.00733e+32,0.03468,0.000549488,2.24237e-08,1.81696e-55,3.70607e+15,1.73818e+16,1.72757e+12,2.10896e+16,7.8727e+17,1.82427e+09
2.91253e+07,138672,9.0838e+06,1.49321e+28,9.13236e+24,9.14074e+11,0.225051,9.91819e+31,0.03468,0.000544295,2.16747e-08,1.68667e-55,3.68552e+15,1.72972e+16,1.71696e+12,2.09845e+16,8.04621e+17,1.81326e+09
2.96253e+07,138202,9.06959e+06,1.56827e+28,9.539e+24,9.29677e+11,0.225751,9.76285e+31,0.03468,0.000539065,2.09387e-08,1.56375e-55,3.66474e+15,1.72117e+16,1.70624e+12,2.08781e+16,8.21691e+17,1.80214e+09
3.01253e+07,137726,9.05517e+06,1.64565e+28,9.9541e+24,9.45276e+11,0.226464,9.60741e+31,0.03468,0.000533799,2.0216e-08,1.44796e-55,3.64372e+15,1.71251e+16,1.69541e+12,2.07705e+16,8.38462e+17,1.7909e+09
3.06253e+07,137244,9.04053e+06,1.72536e+28,1.03775e+25,9.6087e+11,0.227192,9.45195e+31,0.03468,0.000528499,1.95071e-08,1.33905e-55,3.62249e+15,1.70376e+16,1.68448e+12,2.06617e+16,8.54918e+17,1.77955e+09
3.11253e+07,136756,9.02568e+06,1.80742e+28,1.08091e+25,9.7646e+11,0.227933,9.29657e+31,0.03468,0.000523168,1.88121e-08,1.23678e-55,3.60104e+15,1.69491e+16,1.67344e+12,2.05518e+16,8.71043e+17,1.7681e+09
3.16253e+07,136262,9.01062e+06,1.89187e+28,1.12486e+25,9.92045e+11,0.228689,9.14133e+31,0.03468,0.000517807,1.81315e-08,1.14087e-55,3.57937e+15,1.68596e+16,1.6623e+12,2.04407e+16,8.86821e+17,1.75654e+09
3.21253e+07,135761,8.99535e+06,1.9787e+28,1.16959e+25,1.00762e+12,0.229459,8.98634e+31,0.03468,0.000512419,1.74655e-08,1.05108e-55,3.55751e+15,1.67693e+16,1.65106e+12,2.03285e+16,9.02238e+17,1.74488e+09
3.26253e+07,135256,8.97988e+06,2.06795e+28,1.21509e+25,1.0232e+12,0.230244,8.83165e+31,0.03468,0.000507006,1.68143e-08,9.67147e-56,3.53544e+15,1.66781e+16,1.63973e+12,2.02152e+16,9.17279e+17,1.73312e+09
3.31253e+07,134744,8.9642e+06,2.15963e+28,1.26133e+25,1.03877e+12,0.231043,8.67736e+31,0.03468,0.000501569,1.61781e-08,8.88796e-56,3.51318e+15,1.6586e+16,1.62831e+12,2.01008e+16,9.31931e+17,1.72126e+09
3.36253e+07,134227,8.94831e+06,2.25377e+28,1.30829e+25,1.05434e+12,0.231856,8.52353e+31,0.03468,0.000496111,1.55571e-08,8.15768e-56,3.49073e+15,1.6493e+16,1.61679e+12,1.99854e+16,9.4618e+17,1.70931e+09
3.41253e+07,133704,8.93222e+06,2.35037e+28,1.35595e+25,1.0699e+12,0.232685,8.37024e+31,0.03468,0.000490634,1.49513e-08,7.47804e-56,3.4681e+15,1.63992e+16,1.6052e+12,1.9869e+16,9.60015e+17,1.69728e+09
3.46253e+07,133176,8.91593e+06,2.44945e+28,1.4043e+25,1.08545e+12,0.233528,8.21756e+31,0.03468,0.00048514,1.43609e-08,6.84645e-56,3.44529e+15,1.63047e+16,1.59352e+12,1.97515e+16,9.73424e+17,1.68515e+09
3.51253e+07,132642,8.89944e+06,2.55103e+28,1.4533e+25,1.101e+12,0.234387,8.06556e+31,0.03468,0.000479631,1.3786e-08,6.26037e-56,3.42231e+15,1.62093e+16,1.58176e+12,1.96332e+16,9.86395e+17,1.67295e+09
3.56253e+07,132103,8.88275e+06,2.65512e+28,1.50294e+25,1.11654e+12,0.23526,7.91431e+31,0.03468,0.000474109,1.32266e-08,5.71732e-56,3.39917e+15,1.61132e+16,1.56993e+12,1.95139e+16,9.98918e+17,1.66066e+09
3.61253e+07,131559,8.86586e+06,2.76173e+28,1.5532e+25,1.13208e+12,0.236149,7.76388e+31,0.03468,0.000468576,1.26826e-08,5.21486e-56,3.37586e+15,1.60163e+16,1.55802e+12,1.93937e+16,1.01098e+18,1.6483e+09
3.66253e+07,131010,8.84878e+06,2.87089e+28,1.60405e+25,1.14761e+12,0.237053,7.61432e+31,0.03468,0.000463033,1.21541e-08,4.75065e-56,3.35241e+15,1.59187e+16,1.54605e+12,1.92726e+16,1.02258e+18,1.63586e+09
3.71253e+07,130455,8.8315e+06,2.98259e+28,1.65547e+25,1.16314e+12,0.237973,7.46571e+31,0.03468,0.000457484,1.1641e-08,4.32237e-56,3.3288e+15,1.58204e+16,1.53401e+12,1.91507e+16,1.03371e+18,1.62335e+09
3.76253e+07,129896,8.81403e+06,3.09686e+28,1.70743e+25,1.17866e+12,0.238909,7.31811e+31,0.03468,0.000451929,1.11432e-08,3.92782e-56,3.30505e+15,1.57214e+16,1.52191e+12,1.9028e+16,1.04435e+18,1.61078e+09
3.81253e+07,129332,8.79637e+06,3.2137e+28,1.75991e+25,1.19418e+12,0.23986,7.17156e+31,0.03468,0.00044637,1.06607e-08,3.56486e-56,3.28117e+15,1.56218e+16,1.50975e+12,1.89044e+16,1.0545e+18,1.59814e+09
3.86253e+07,128763,8.77852e+06,3.33311e+28,1.81289e+25,1.20969e+12,0.240828,7.02613e+31,0.03468,0.000440811,1.01932e-08,3.23142e-56,3.25715e+15,1.55215e+16,1.49753e+12,1.87801e+16,1.06416e+18,1.58543e+09
3.91253e+07,128190,8.76048e+06,3.45512e+28,1.86633e+25,1.22519e+12,0.241811,6.88187e+31,0.03468,0.000435251,9.74082e-09,2.92555e-56,3.23301e+15,1.54206e+16,1.48526e+12,1.86551e+16,1.07332e+18,1.57267e+09
3.96253e+07,127612,8.74225e+06,3.57973e+28,1.92023e+25,1.24069e+12,0.242811,6.73883e+31,0.03468,0.000429694,9.30322e-09,2.64535e-56,3.20875e+15,1.53191e+16,1.47293e+12,1.85294e+16,1.08197e+18,1.55986e+09
4.01253e+07,127029,8.72384e+06,3.70694e+28,1.97454e+25,1.25618e+12,0.243827,6.59706e+31,0.03468,0.000424141,8.88027e-09,2.38904e-56,3.18438e+15,1.52171e+16,1.46056e+12,1.84029e+16,1.09011e+18,1.54699e+09
4.06253e+07,126442,8.70524e+06,3.83676e+28,2.02925e+25,1.27167e+12,0.24486,6.45661e+31,0.03468,0.000418593,8.47176e-09,2.1549e-56,3.15989e+15,1.51145e+16,1.44815e+12,1.82758e+16,1.09773e+18,1.53407e+09
4.11253e+07,125851,8.68647e+06,3.9692e+28,2.08432e+25,1.28715e+12,0.245909,6.31753e+31,0.03468,0.000413053,8.07751e-09,1.94131e-56,3.13531e+15,1.50114e+16,1.4357e+12,1.81481e+16,1.10484e+18,1.5211e+09
4.16253e+07,125256,8.66751e+06,4.10426e+28,2.13974e+25,1.30262e+12,0.246976,6.17986e+31,0.03468,0.000407522,7.69727e-09,1.74674e-56,3.11063e+15,1.49078e+16,1.42321e+12,1.80198e+16,1.11143e+18,1.50809e+09
4.21253e+07,124656,8.64838e+06,4.24195e+28,2.19548e+25,1.31809e+12,0.248059,6.04363e+31,0.03468,0.000402002,7.33081e-09,1.56974e-56,3.08585e+15,1.48037e+16,1.41068e+12,1.78909e+16,1.1175e+18,1.49504e+09
4.26253e+07,124053,8.62906e+06,4.38227e+28,2.2515e+25,1.33355e+12,0.24916,5.90889e+31,0.03468,0.000396494,6.97789e-09,1.40895e-56,3.06099e+15,1.46991e+16,1.39812e+12,1.77615e+16,1.12304e+18,1.48196e+09
4.31253e+07,123445,8.60958e+06,4.52521e+28,2.30779e+25,1.349e+12,0.250278,5.77568e+31,0.03468,0.000391001,6.63824e-09,1.26307e-56,3.03606e+15,1.45941e+16,1.38553e+12,1.76315e+16,1.12807e+18,1.46883e+09
4.36253e+07,122834,8.58992e+06,4.67079e+28,2.36432e+25,1.36445e+12,0.251413,5.64403e+31,0.03468,0.000385523,6.31159e-09,1.13091e-56,3.01104e+15,1.44887e+16,1.37292e+12,1.75011e+16,1.13257e+18,1.45568e+09
4.41253e+07,122219,8.57008e+06,4.81901e+28,2.42106e+25,1.37989e+12,0.252567,5.51397e+31,0.03468,0.000380063,5.99766e-09,1.01135e-56,2.98596e+15,1.43828e+16,1.36029e+12,1.73702e+16,1.13655e+18,1.44249e+09
4.46253e+07,121601,8.55008e+06,4.96986e+28,2.47798e+25,1.39532e+12,0.253738,5.38554e+31,0.03468,0.000374621,5.69616e-09,9.03314e-57,2.96081e+15,1.42767e+16,1.34763e+12,1.72388e+16,1.14001e+18,1.42928e+09
4.51253e+07,120978,8.52991e+06,5.12334e+28,2.53507e+25,1.41075e+12,0.254927,5.25876e+31,0.03468,0.0003692,5.40681e-09,8.05838e-57,2.93561e+15,1.41701e+16,1.33496e+12,1.7107e+16,1.14295e+18,1.41605e+09
4.56253e+07,120353,8.50957e+06,5.27945e+28,2.59229e+25,1.42617e+12,0.256135,5.13365e+31,0.03468,0.0003638,5.1293e-09,7.18005e-57,2.91035e+15,1.40632e+16,1.32227e+12,1.69749e+16,1.14537e+18,1.4028e+09
4.61253e+07,119724,8.48907e+06,5.4382e+28,2.64962e+25,1.44158e+12,0.257361,5.01025e+31,0.03468,0.000358423,4.86333e-09,6.38967e-57,2.88505e+15,1.3956e+16,1.30957e+12,1.68424e+16,1.14729e+18,1.38953e+09
4.66253e+07,119092,8.4684e+06,5.59957e+28,2.70703e+25,1.45698e+12,0.258606,4.88858e+31,0.03468,0.000353071,4.60859e-09,5.67939e-57,2.8597e+15,1.38485e+16,1.29687e+12,1.67095e+16,1.14869e+18,1.37624e+09
4.71253e+07,118456,8.44757e+06,5.76357e+28,2.7645e+25,1.47238e+12,0.259869,4.76865e+31,0.03468,0.000347745,4.36478e-09,5.04194e-57,2.83432e+15,1.37407e+16,1.28416e+12,1.65764e+16,1.14959e+18,1.36294e+09
4.76253e+07,117818,8.42658e+06,5.93018e+28,2.82201e+25,1.48777e+12,0.261152,4.65049e+31,0.03468,0.000342446,4.13157e-09,4.47061e-57,2.8089e+15,1.36327e+16,1.27144e+12,1.64429e+16,1.14999e+18,1.34963e+09
4.81253e+07,117176,8.40544e+06,6.09941e+28,2.87952e+25,1.50315e+12,0.262454,4.53411e+31,0.03468,0.000337176,3.90867e-09,3.95922e-57,2.78346e+15,1.35245e+16,1.25873e+12,1.63092e+16,1.1499e+18,1.33632e+09
4.86253e+07,116532,8.38413e+06,6.27125e+28,2.93701e+25,1.51853e+12,0.263775,4.41953e+31,0.03468,0.000331935,3.69575e-09,3.5021e-57,2.758e+15,1.3416e+16,1.24601e+12,1.61753e+16,1.14931e+18,1.323e+09
4.91253e+07,115885,8.36267e+06,6.44568e+28,2.99446e+25,1.5339e+12,0.265116,4.30675e+31,0.03468,0.000326726,3.4925e-09,3.09401e-57,2.73252e+15,1.33074e+16,1.23331e+12,1.60411e+16,1.14825e+18,1.30968e+09
4.96253e+07,115235,8.34106e+06,6.62272e+28,3.05185e+25,1.54926e+12,0.266477,4.1958e+31,0.03468,0.000321548,3.29861e-09,2.73018e-57,2.70703e+15,1.31986e+16,1.22061e+12,1.59068e+16,1.1467e+18,1.29636e+09
5.01253e+07,114583,8.3193e+06,6.80233e+28,3.10915e+25,1.56461e+12,0.267858,4.08668e+31,0.03468,0.000316404,3.11377e-09,2.40623e-57,2.68153e+15,1.30896e+16,1.20792e+12,1.57723e+16,1.14469e+18,1.28305e+09
5.06253e+07,113928,8.29739e+06,6.98453e+28,3.16634e+25,1.57996e+12,0.26926,3.9794e+31,0.03468,0.000311294,2.93768e-09,2.11818e-57,2.65603e+15,1.29805e+16,1.19524e+12,1.56377e+16,1.14222e+18,1.26974e+09
5.11253e+07,113270,8.27533e+06,7.16929e+28,3.22339e+25,1.59529e+12,0.270681,3.87396e+31,0.03468,0.000306219,2.77002e-09,1.86237e-57,2.63054e+15,1.28713e+16,1.18258e+12,1.5503e+16,1.13929e+18,1.25644e+09
5.16253e+07,112610,8.25312e+06,7.35661e+28,3.28028e+25,1.61062e+12,0.272124,3.77038e+31,0.03468,0.000301181,2.61051e-09,1.63548e-57,2.60505e+15,1.2762e+16,1.16994e+12,1.53682e+16,1.13592e+18,1.24315e+09
5.21253e+07,111949,8.23077e+06,7.54648e+28,3.337e+25,1.62594e+12,0.273588,3.66864e+31,0.03468,0.000296181,2.45883e-09,1.43452e-57,2.57958e+15,1.26526e+16,1.15732e+12,1.52333e+16,1.1321e+18,1.22987e+09
5.26253e+07,111284,8.20828e+06,7.73888e+28,3.39351e+25,1.64125e+12,0.275072,3.56876e+31,0.03468,0.000291219,2.3147e-09,1.25675e-57,2.55413e+15,1.25432e+16,1.14472e+12,1.50984e+16,1.12786e+18,1.21662e+09
5.31253e+07,110618,8.18565e+06,7.9338e+28,3.4498e+25,1.65656e+12,0.276579,3.47074e+31,0.03468,0.000286296,2.17784e-09,1.0997e-57,2.52869e+15,1.24337e+16,1.13215e+12,1.49635e+16,1.1232e+18,1.20338e+09
5.36253e+07,109950,8.16288e+06,8.13124e+28,3.50585e+25,1.67185e+12,0.278107,3.37456e+31,0.03468,0.000281413,2.04794e-09,9.6112e-58,2.50329e+15,1.23242e+16,1.1196e+12,1.48286e+16,1.11813e+18,1.19016e+09
5.41253e+07,109280,8.13997e+06,8.33117e+28,3.56163e+25,1.68714e+12,0.279656,3.28024e+31,0.03468,0.000276572,1.92475e-09,8.39007e-58,2.47792e+15,1.22147e+16,1.10709e+12,1.46938e+16,1.11266e+18,1.17696e+09
5.46253e+07,108608,8.11693e+06,8.53358e+28,3.61713e+25,1.70242e+12,0.281228,3.18776e+31,0.03468,0.000271772,1.80799e-09,7.31537e-58,2.45258e+15,1.21053e+16,1.0946e+12,1.4559e+16,1.1068e+18,1.16379e+09
5.51253e+07,107935,8.09375e+06,8.73846e+28,3.67233e+25,1.71769e+12,0.282823,3.09712e+31,0.03468,0.000267015,1.69739e-09,6.37076e-58,2.42728e+15,1.19959e+16,1.08215e+12,1.44242e+16,1.10056e+18,1.15065e+09
5.56253e+07,107260,8.07044e+06,8.94579e+28,3.7272e+25,1.73295e+12,0.28444,3.00831e+31,0.03468,0.000262302,1.59269e-09,5.54155e-58,2.40203e+15,1.18865e+16,1.06974e+12,1.42896e+16,1.09394e+18,1.13754e+09
5.61253e+07,106583,8.047e+06,9.15555e+28,3.78174e+25,1.74821e+12,0.28608,2.92133e+31,0.03468,0.000257632,1.49364e-09,4.81456e-58,2.37683e+15,1.17772e+16,1.05737e+12,1.41551e+16,1.08697e+18,1.12446e+09
5.66253e+07,105905,8.02343e+06,9.36773e+28,3.83592e+25,1.76345e+12,0.287744,2.83616e+31,0.03468,0.000253008,1.4e-09,4.178e-58,2.35168e+15,1.1668e+16,1.04504e+12,1.40207e+16,1.07965e+18,1.11142e+09
5.71253e+07,105226,7.99974e+06,9.58232e+28,3.88973e+25,1.77869e+12,0.289431,2.7528e+31,0.03468,0.000248428,1.31152e-09,3.62132e-58,2.32659e+15,1.15589e+16,1.03275e+12,1.38866e+16,1.07199e+18,1.09841e+09
5.76253e+07,104545,7.97592e+06,9.79929e+28,3.94314e+25,1.79391e+12,0.291142,2.67123e+31,0.03468,0.000243895,1.22797e-09,3.13511e-58,2.30156e+15,1.145e+16,1.0205e+12,1.37526e+16,1.06401e+18,1.08544e+09
5.81253e+07,103863,7.95198e+06,1.00186e+29,3.99615e+25,1.80913e+12,0.292876,2.59144e+31,0.03468,0.000239408,1.14912e-09,2.71098e-58,2.2766e+15,1.13412e+16,1.00831e+12,1.36188e+16,1.05571e+18,1.07252e+09
5.86253e+07,103180,7.92792e+06,1.02403e+29,4.04873e+25,1.82434e+12,0.294635,2.51341e+31,0.03468,0.000234969,1.07476e-09,2.34148e-58,2.25171e+15,1.12325e+16,9.96158e+11,1.34852e+16,1.0471e+18,1.05963e+09
5.91253e+07,102496,7.90374e+06,1.04643e+29,4.10088e+25,1.83954e+12,0.296419,2.43714e+31,0.03468,0.000230577,1.00467e-09,2.01997e-58,2.22689e+15,1.1124e+16,9.8406e+11,1.33519e+16,1.0382e+18,1.04679e+09
5.96253e+07,101811,7.87945e+06,1.06906e+29,4.15257e+25,1.85473e+12,0.298228,2.3626e+31,0.03468,0.000226233,9.38649e-10,1.74056e-58,2.20215e+15,1.10157e+16,9.72016e+11,1.32188e+16,1.02902e+18,1.034e+09
6.01253e+07,101126,7.85504e+06,1.09192e+29,4.2038e+25,1.86991e+12,0.300062,2.28978e+31,0.03468,0.000221937,8.76498e-10,1.49804e-58,2.17748e+15,1.09076e+16,9.60026e+11,1.30861e+16,1.01957e+18,1.02125e+09
6.06253e+07,100439,7.83051e+06,1.115e+29,4.25455e+25,1.88508e+12,0.301921,2.21867e+31,0.03468,0.000217691,8.18025e-10,1.28781e-58,2.15291e+15,1.07998e+16,9.48092e+11,1.29536e+16,1.00987e+18,1.00856e+09
6.11253e+07,99752.4,7.80587e+06,1.13831e+29,4.30481e+25,1.90024e+12,0.303807,2.14924e+31,0.03468,0.000213494,7.63046e-10,1.10579e-58,2.12842e+15,1.06922e+16,9.36216e+11,1.28215e+16,9.99913e+17,9.95917e+08
6.16253e+07,99064.8,7.78112e+06,1.16185e+29,4.35456e+25,1.91539e+12,0.305718,2.08147e+31,0.03468,0.000209346,7.11383e-10,9.48384e-59,2.10402e+15,1.05848e+16,9.24399e+11,1.26897e+16,9.89724e+17,9.8333e+08
6.21253e+07,98376.7,7.75627e+06,1.1856e+29,4.4038e+25,1.93053e+12,0.307656,2.01536e+31,0.03468,0.000205248,6.62865e-10,8.12441e-59,2.07972e+15,1.04777e+16,9.12644e+11,1.25583e+16,9.79311e+17,9.70798e+08
6.26253e+07,97688.2,7.73131e+06,1.20956e+29,4.45251e+25,1.94566e+12,0.309621,1.95087e+31,0.03468,0.000201201,6.17328e-10,6.95175e-59,2.05552e+15,1.03709e+16,9.00952e+11,1.24273e+16,9.68686e+17,9.58323e+08
6.31253e+07,96999.4,7.70624e+06,1.23375e+29,4.50069e+25,1.96078e+12,0.311613,1.88798e+31,0.03468,0.000197204,5.74615e-10,5.94144e-59,2.03142e+15,1.02644e+16,8.89325e+11,1.22967e+16,9.57861e+17,9.45908e+08
6.36253e+07,96310.4,7.68107e+06,1.25814e+29,4.54832e+25,1.97589e+12,0.313632,1.82668e+31,0.03468,0.000193257,5.34573e-10,5.07208e-59,2.00743e+15,1.01582e+16,8.77763e+11,1.21665e+16,9.46847e+17,9.33554e+08
6.41253e+07,95621.1,7.6558e+06,1.28275e+29,4.5954e+25,1.99099e+12,0.315679,1.76694e+31,0.03468,0.000189362,4.97059e-10,4.32491e-59,1.98354e+15,1.00523e+16,8.66269e+11,1.20367e+16,9.35656e+17,9.21262e+08
6.46253e+07,94931.8,7.63043e+06,1.30756e+29,4.64191e+25,2.00609e+12,0.317755,1.70875e+31,0.03468,0.000185517,4.61934e-10,3.68354e-59,1.95977e+15,9.94676e+15,8.54844e+11,1.19074e+16,9.24298e+17,9.09034e+08
6.51253e+07,94242.5,7.60497e+06,1.33257e+29,4.68785e+25,2.02117e+12,0.319859,1.65207e+31,0.03468,0.000181724,4.29064e-10,3.13367e-59,1.93611e+15,9.84157e+15,8.43488e+11,1.17785e+16,9.12786e+17,8.96871e+08
6.56253e+07,93553.2,7.5794e+06,1.35779e+29,4.73321e+25,2.03624e+12,0.321992,1.59689e+31,0.03468,0.000177981,3.98324e-10,2.6628e-59,1.91257e+15,9.73676e+15,8.32205e+11,1.16502e+16,9.01129e+17,8.84776e+08
6.61253e+07,92864.1,7.55375e+06,1.38321e+29,4.77798e+25,2.0513e+12,0.324154,1.54318e+31,0.03468,0.00017429,3.69591e-10,2.26008e-59,1.88914e+15,9.63232e+15,8.20994e+11,1.15223e+16,8.8934e+17,8.72748e+08
6.66253e+07,92175.2,7.528e+06,1.40882e+29,4.82217e+25,2.06635e+12,0.326345,1.49092e+31,0.03468,0.000170651,3.42751e-10,1.91607e-59,1.86584e+15,9.52828e+15,8.09857e+11,1.13949e+16,8.77429e+17,8.60791e+08
6.71253e+07,91486.6,7.50216e+06,1.43463e+29,4.86575e+25,2.08138e+12,0.328567,1.44008e+31,0.03468,0.000167063,3.17693e-10,1.62255e-59,1.84267e+15,9.42464e+15,7.98796e+11,1.12681e+16,8.65407e+17,8.48904e+08
6.76253e+07,90798.4,7.47624e+06,1.46063e+29,4.90873e+25,2.09641e+12,0.330819,1.39064e+31,0.03468,0.000163526,2.94313e-10,1.37242e-59,1.81963e+15,9.32142e+15,7.87811e+11,1.11418e+16,8.53284e+17,8.3709e+08
6.81253e+07,90110.7,7.45022e+06,1.48682e+29,4.9511e+25,2.11143e+12,0.333102,1.34258e+31,0.03468,0.00016004,2.72511e-10,1.15952e-59,1.79671e+15,9.21862e+15,7.76903e+11,1.10161e+16,8.41071e+17,8.2535e+08
6.86253e+07,89423.4,7.42412e+06,1.51319e+29,4.99286e+25,2.12644e+12,0.335416,1.29587e+31,0.03468,0.000156606,2.52192e-10,9.78529e-60,1.77393e+15,9.11627e+15,7.66075e+11,1.0891e+16,8.28779e+17,8.13684e+08
6.91253e+07,88736.8,7.39794e+06,1.53975e+29,5.034e+25,2.14143e+12,0.337761,1.25049e+31,0.03468,0.000153223,2.33267e-10,8.24844e-60,1.75129e+15,9.01437e+15,7.55326e+11,1.07664e+16,8.16417e+17,8.02095e+08
6.96253e+07,88050.8,7.37168e+06,1.56648e+29,5.07452e+25,2.15641e+12,0.340139,1.20641e+31,0.03468,0.000149891,2.15649e-10,6.94504e-60,1.72878e+15,8.91293e+15,7.44657e+11,1.06425e+16,8.03995e+17,7.90582e+08
7.01253e+07,87365.6,7.34534e+06,1.59339e+29,5.11442e+25,2.17139e+12,0.342549,1.16361e+31,0.03468,0.00014661,1.99259e-10,5.84095e-60,1.70642e+15,8.81196e+15,7.3407e+11,1.05191e+16,7.91524e+17,7.79149e+08
7.06253e+07,86681.1,7.31892e+06,1.62048e+29,5.1537e+25,2.18635e+12,0.344992,1.12206e+31,0.03468,0.00014338,1.84018e-10,4.90678e-60,1.6842e+15,8.71148e+15,7.23566e+11,1.03964e+16,7.79012e+17,7.67794e+08
7.11253e+07,85997.5,7.29242e+06,1.64773e+29,5.19234e+25,2.2013e+12,0.347468,1.08173e+31,0.03468,0.000140201,1.69855e-10,4.11735e-60,1.66212e+15,8.61149e+15,7.13145e+11,1.02743e+16,7.66469e+17,7.5652e+08
7.16253e+07,85314.9,7.26585e+06,1.67515e+29,5.23036e+25,2.21624e+12,0.349977,1.04261e+31,0.03468,0.000137072,1.56701e-10,3.451e-60,1.64019e+15,8.51201e+15,7.02808e+11,1.01529e+16,7.53904e+17,7.45327e+08
7.21253e+07,84633.3,7.23921e+06,1.70274e+29,5.26776e+25,2.23116e+12,0.352521,1.00467e+31,0.03468,0.000133993,1.4449e-10,2.88921e-60,1.6184e+15,8.41304e+15,6.92557e+11,1.00321e+16,7.41326e+17,7.34217e+08
7.26253e+07,83952.8,7.2125e+06,1.73049e+29,5.30452e+25,2.24608e+12,0.3551,9.67875e+30,0.03468,0.000130965,1.33162e-10,2.41615e-60,1.59677e+15,8.3146e+15,6.82391e+11,9.91206e+15,7.28745e+17,7.23191e+08
7.31253e+07,83273.4,7.18572e+06,1.75839e+29,5.34065e+25,2.26098e+12,0.357713,9.3221e+30,0.03468,0.000127986,1.22659e-10,2.01825e-60,1.5753e+15,8.21669e+15,6.72311e+11,9.79266e+15,7.16167e+17,7.12248e+08
7.36253e+07,82595.2,7.15887e+06,1.78645e+29,5.37616e+25,2.27588e+12,0.360362,8.97647e+30,0.03468,0.000125057,1.12927e-10,1.68398e-60,1.55397e+15,8.11932e+15,6.62319e+11,9.67395e+15,7.03602e+17,7.01391e+08
7.41253e+07,81918.3,7.13195e+06,1.81466e+29,5.41103e+25,2.29075e+12,0.363047,8.64163e+30,0.03468,0.000122177,1.03912e-10,1.40349e-60,1.5328e+15,8.0225e+15,6.52414e+11,9.55596e+15,6.91058e+17,6.90619e+08
7.46253e+07,81242.7,7.10497e+06,1.84302e+29,5.44528e+25,2.30562e+12,0.365769,8.31732e+30,0.03468,0.000119347,9.55687e-11,1.1684e-60,1.51179e+15,7.92624e+15,6.42598e+11,9.43868e+15,6.78542e+17,6.79934e+08
7.51253e+07,80568.6,7.07793e+06,1.87152e+29,5.47891e+25,2.32048e+12,0.368528,8.0033e+30,0.03468,0.000116565,8.78498e-11,9.71599e-61,1.49094e+15,7.83055e+15,6.32871e+11,9.32213e+15,6.66062e+17,6.69337e+08
7.56253e+07,79895.9,7.05083e+06,1.90017e+29,5.51191e+25,2.33532e+12,0.371324,7.69933e+30,0.03468,0.000113831,8.07129e-11,8.07037e-61,1.47025e+15,7.73544e+15,6.23233e+11,9.20631e+15,6.53626e+17,6.58828e+08
7.61253e+07,79224.7,7.02367e+06,1.92895e+29,5.54429e+25,2.35015e+12,0.374158,7.40517e+30,0.03468,0.000111145,7.41178e-11,6.69596e-61,1.44973e+15,7.64091e+15,6.13685e+11,9.09124e+15,6.4124e+17,6.48407e+08
7.66253e+07,78555.1,6.99645e+06,1.95787e+29,5.57606e+25,2.36497e+12,0.37703,7.12059e+30,0.03468,0.000108508,6.80267e-11,5.54938e-61,1.42936e+15,7.54696e+15,6.04228e+11,8.97693e+15,6.28911e+17,6.38077e+08
7.71253e+07,77887.1,6.96917e+06,1.98692e+29,5.60721e+25,2.37978e+12,0.379942,6.84534e+30,0.03468,0.000105917,6.24043e-11,4.594e-61,1.40916e+15,7.45362e+15,5.94861e+11,8.86338e+15,6.16646e+17,6.27836e+08
7.76253e+07,77220.8,6.94185e+06,2.0161e+29,5.63774e+25,2.39457e+12,0.382893,6.57919e+30,0.03468,0.000103374,5.72174e-11,3.79884e-61,1.38913e+15,7.36088e+15,5.85585e+11,8.7506e+15,6.04452e+17,6.17686e+08
7.81253e+07,76556.3,6.91447e+06,2.0454e+29,5.66767e+25,2.40935e+12,0.385884,6.32192e+30,0.03468,0.000100877,5.24348e-11,3.13781e-61,1.36926e+15,7.26876e+15,5.76401e+11,8.63859e+15,5.92333e+17,6.07627e+08
7.86253e+07,75893.6,6.88704e+06,2.07482e+29,5.697e+25,2.42412e+12,0.388916,6.07329e+30,0.03468,9.84262e-05,4.80276e-11,2.58891e-61,1.34956e+15,7.17725e+15,5.67309e+11,8.52738e+15,5.80297e+17,5.97659e+08
7.91253e+07,75232.7,6.85956e+06,2.10437e+29,5.72572e+25,2.43888e+12,0.391989,5.83309e+30,0.03468,9.60212e-05,4.39683e-11,2.13365e-61,1.33003e+15,7.08636e+15,5.58309e+11,8.41696e+15,5.68349e+17,5.87784e+08
7.96253e+07,74573.8,6.83203e+06,2.13402e+29,5.75385e+25,2.45362e+12,0.395104,5.60108e+30,0.03468,9.36616e-05,4.02317e-11,1.75649e-61,1.31068e+15,6.99611e+15,5.49401e+11,8.30734e+15,5.56494e+17,5.78001e+08
8.01253e+07,73916.9,6.80446e+06,2.16379e+29,5.78139e+25,2.46835e+12,0.398262,5.37705e+30,0.03468,9.13469e-05,3.6794e-11,1.4444e-61,1.29149e+15,6.90649e+15,5.40586e+11,8.19852e+15,5.44737e+17,5.68312e+08
8.06253e+07,73261.9,6.77684e+06,2.19366e+29,5.80834e+25,2.48307e+12,0.401462,5.16079e+30,0.03468,8.90767e-05,3.36329e-11,1.18643e-61,1.27247e+15,6.81752e+15,5.31863e+11,8.09052e+15,5.33083e+17,5.58716e+08
8.11253e+07,72609.1,6.74918e+06,2.22364e+29,5.83472e+25,2.49777e+12,0.404706,4.95207e+30,0.03468,8.68504e-05,3.07279e-11,9.73463e-62,1.25363e+15,6.72919e+15,5.23233e+11,7.98334e+15,5.21538e+17,5.49213e+08
8.16253e+07,71958.4,6.72149e+06,2.25372e+29,5.86052e+25,2.51246e+12,0.407995,4.7507e+30,0.03468,8.46678e-05,2.80595e-11,7.97836e-62,1.23496e+15,6.64151e+15,5.14696e+11,7.87699e+15,5.10104e+17,5.39805e+08
8.21253e+07,71309.8,6.69375e+06,2.2839e+29,5.88575e+25,2.52714e+12,0.411328,4.55646e+30,0.03468,8.25282e-05,2.56099e-11,6.53171e-62,1.21647e+15,6.55449e+15,5.06253e+11,7.77147e+15,4.98787e+17,5.30491e+08
8.26253e+07,70663.5,6.66597e+06,2.31417e+29,5.91041e+25,2.5418e+12,0.414706,4.36916e+30,0.03468,8.04312e-05,2.33624e-11,5.34145e-62,1.19815e+15,6.46813e+15,4.97902e+11,7.66678e+15,4.87591e+17,5.21271e+08
8.31253e+07,70019.4,6.63816e+06,2.34453e+29,5.93452e+25,2.55645e+12,0.418131,4.18859e+30,0.03468,7.83763e-05,2.13013e-11,4.36327e-62,1.18e+15,6.38244e+15,4.89644e+11,7.56293e+15,4.76519e+17,5.12147e+08
8.36253e+07,69377.7,6.61031e+06,2.37498e+29,5.95808e+25,2.57109e+12,0.421602,4.01455e+30,0.03468,7.63631e-05,1.94123e-11,3.56029e-62,1.16203e+15,6.29742e+15,4.8148e+11,7.45993e+15,4.65574e+17,5.03117e+08
8.41253e+07,68738.4,6.58243e+06,2.40551e+29,5.9811e+25,2.58571e+12,0.425121,3.84686e+30,0.03468,7.4391e-05,1.76819e-11,2.90188e-62,1.14424e+15,6.21307e+15,4.73408e+11,7.35778e+15,4.54761e+17,4.94183e+08
8.46253e+07,68101.4,6.55452e+06,2.43612e+29,6.00358e+25,2.60032e+12,0.428689,3.68533e+30,0.03468,7.24596e-05,1.60976e-11,2.36262e-62,1.12662e+15,6.12939e+15,4.6543e+11,7.25648e+15,4.44081e+17,4.85343e+08
8.51253e+07,67466.9,6.52658e+06,2.4668e+29,6.02553e+25,2.61491e+12,0.432304,3.52977e+30,0.03468,7.05682e-05,1.46479e-11,1.92146e-62,1.10918e+15,6.0464e+15,4.57544e+11,7.15604e+15,4.33538e+17,4.766e+08
8.56253e+07,66834.9,6.49861e+06,2.49756e+29,6.04695e+25,2.62949e+12,0.43597,3.38e+30,0.03468,6.87166e-05,1.33221e-11,1.56095e-62,1.09192e+15,5.96409e+15,4.49751e+11,7.05646e+15,4.23135e+17,4.67951e+08
8.61253e+07,66205.5,6.47061e+06,2.52839e+29,6.06786e+25,2.64406e+12,0.439686,3.23584e+30,0.03468,6.6904e-05,1.21102e-11,1.26669e-62,1.07483e+15,5.88247e+15,4.42051e+11,6.95775e+15,4.12874e+17,4.59399e+08
8.66253e+07,65578.6,6.44259e+06,2.55928e+29,6.08825e+25,2.65861e+12,0.443452,3.09712e+30,0.03468,6.513e-05,1.1003e-11,1.02678e-62,1.05793e+15,5.80154e+15,4.34443e+11,6.8599e+15,4.02756e+17,4.50942e+08
8.71253e+07,64954.3,6.41455e+06,2.59024e+29,6.10815e+25,2.67315e+12,0.447271,2.96366e+30,0.03468,6.3394e-05,9.99202e-12,8.31388e-63,1.04119e+15,5.7213e+15,4.26928e+11,6.76292e+15,3.92785e+17,4.4258e+08
8.76253e+07,64332.8,6.38648e+06,2.62125e+29,6.12755e+25,2.68767e+12,0.451142,2.83531e+30,0.03468,6.16956e-05,9.0694e-12,6.72443e-63,1.02464e+15,5.64176e+15,4.19504e+11,6.66682e+15,3.82962e+17,4.34314e+08
8.81253e+07,63713.9,6.35839e+06,2.65232e+29,6.14646e+25,2.70218e+12,0.455066,2.71189e+30,0.03468,6.00343e-05,8.22785e-12,5.43289e-63,1.00827e+15,5.56291e+15,4.12173e+11,6.57159e+15,3.73288e+17,4.26144e+08
8.86253e+07,63097.7,6.33028e+06,2.68344e+29,6.16489e+25,2.71667e+12,0.459044,2.59326e+30,0.03468,5.84094e-05,7.46065e-12,4.3846e-63,9.92068e+14,5.48476e+15,4.04933e+11,6.47723e+15,3.63766e+17,4.18069e+08
8.91253e+07,62484.4,6.30216e+06,2.71461e+29,6.18285e+25,2.73115e+12,0.463077,2.47925e+30,0.03468,5.68204e-05,6.76161e-12,3.53472e-63,9.76047e+14,5.40731e+15,3.97784e+11,6.38375e+15,3.54395e+17,4.10089e+08
8.96253e+07,61873.8,6.27402e+06,2.74582e+29,6.20035e+25,2.74562e+12,0.467166,2.36971e+30,0.03468,5.52669e-05,6.125e-12,2.84645e-63,9.60203e+14,5.33056e+15,3.90726e+11,6.29116e+15,3.45178e+17,4.02205e+08
9.01253e+07,61266.1,6.24586e+06,2.77708e+29,6.21739e+25,2.76007e+12,0.471311,2.26449e+30,0.03468,5.37483e-05,5.54557e-12,2.2897e-63,9.44536e+14,5.25452e+15,3.83759e+11,6.19944e+15,3.36116e+17,3.94416e+08
9.06253e+07,60661.3,6.21769e+06,2.80837e+29,6.23398e+25,2.7745e+12,0.475513,2.16345e+30,0.03468,5.22641e-05,5.01844e-12,1.83984e-63,9.29047e+14,5.17918e+15,3.76883e+11,6.1086e+15,3.27208e+17,3.86722e+08
9.11253e+07,60059.4,6.18951e+06,2.8397e+29,6.25012e+25,2.78892e+12,0.479774,2.06645e+30,0.03468,5.08137e-05,4.53916e-12,1.47674e-63,9.13733e+14,5.10455e+15,3.70096e+11,6.01865e+15,3.18456e+17,3.79123e+08
9.16253e+07,59460.4,6.16131e+06,2.87105e+29,6.26584e+25,2.80333e+12,0.484093,1.97334e+30,0.03468,4.93965e-05,4.1036e-12,1.18401e-63,8.98596e+14,5.03062e+15,3.63398e+11,5.92958e+15,3.0986e+17,3.71618e+08
9.21253e+07,58864.4,6.13311e+06,2.90243e+29,6.28112e+25,2.81772e+12,0.488473,1.88401e+30,0.03468,4.80122e-05,3.70799e-12,9.48277e-64,8.83635e+14,4.9574e+15,3.5679e+11,5.84139e+15,3.0142e+17,3.64208e+08
9.26253e+07,58271.4,6.1049e+06,2.93384e+29,6.29599e+25,2.83209e+12,0.492913,1.7983e+30,0.03468,4.666e-05,3.34885e-12,7.58648e-64,8.68849e+14,4.88489e+15,3.50271e+11,5.75409e+15,2.93137e+17,3.56892e+08
9.31253e+07,57681.5,6.07668e+06,2.96527e+29,6.31045e+25,2.84645e+12,0.497415,1.71611e+30,0.03468,4.53396e-05,3.02299e-12,6.06278e-64,8.54238e+14,4.81308e+15,3.43839e+11,5.66767e+15,2.8501e+17,3.49669e+08
9.36253e+07,57094.6,6.04846e+06,2.99671e+29,6.32451e+25,2.86079e+12,0.50198,1.6373e+30,0.03468,4.40503e-05,2.72748e-12,4.83984e-64,8.39802e+14,4.74199e+15,3.37496e+11,5.58213e+15,2.77039e+17,3.42541e+08
9.41253e+07,56510.8,6.02023e+06,3.02817e+29,6.33817e+25,2.87512e+12,0.506609,1.56175e+30,0.03468,4.27917e-05,2.45964e-12,3.85937e-64,8.2554e+14,4.6716e+15,3.3124e+11,5.49747e+15,2.69224e+17,3.35505e+08
9.46253e+07,55930.2,5.992e+06,3.05964e+29,6.35144e+25,2.88943e+12,0.511302,1.48936e+30,0.03468,4.15632e-05,2.21699e-12,3.07418e-64,8.11451e+14,4.60192e+15,3.2507e+11,5.41369e+15,2.61565e+17,3.28563e+08
9.51253e+07,55352.7,5.96377e+06,3.09111e+29,6.36434e+25,2.90372e+12,0.51606,1.41999e+30,0.03468,4.03643e-05,1.99729e-12,2.44608e-64,7.97535e+14,4.53294e+15,3.18987e+11,5.33079e+15,2.54061e+17,3.21713e+08
9.56253e+07,54778.4,5.93554e+06,3.12259e+29,6.37686e+25,2.918e+12,0.520886,1.35355e+30,0.03468,3.91945e-05,1.79847e-12,1.94419e-64,7.83791e+14,4.46467e+15,3.1299e+11,5.24878e+15,2.46712e+17,3.14956e+08
9.61253e+07,54207.2,5.90731e+06,3.15407e+29,6.38902e+25,2.93227e+12,0.525778,1.28992e+30,0.03468,3.80532e-05,1.61864e-12,1.5436e-64,7.70218e+14,4.39711e+15,3.07078e+11,5.16764e+15,2.39516e+17,3.0829e+08
9.66253e+07,53639.3,5.87908e+06,3.18555e+29,6.40082e+25,2.94651e+12,0.53074,1.22901e+30,0.03468,3.694e-05,1.45606e-12,1.22421e-64,7.56817e+14,4.33025e+15,3.0125e+11,5.08737e+15,2.32473e+17,3.01716e+08
9.71253e+07,53074.7,5.85086e+06,3.21701e+29,6.41228e+25,2.96074e+12,0.535771,1.17071e+30,0.03468,3.58543e-05,1.30916e-12,9.69858e-65,7.43585e+14,4.2641e+15,2.95507e+11,5.00798e+15,2.25581e+17,2.95233e+08
9.76253e+07,52513.3,5.82264e+06,3.24847e+29,6.42339e+25,2.97496e+12,0.540873,1.11492e+30,0.03468,3.47956e-05,1.1765e-12,7.67516e-65,7.30523e+14,4.19865e+15,2.89847e+11,4.92946e+15,2.18841e+17,2.88841e+08
9.81253e+07,51955.2,5.79443e+06,3.27992e+29,6.43417e+25,2.98916e+12,0.546047,1.06154e+30,0.03468,3.37634e-05,1.05676e-12,6.06729e-65,7.17629e+14,4.1339e+15,2.8427e+11,4.85181e+15,2.1225e+17,2.82539e+08
9.86253e+07,51400.4,5.76622e+06,3.31135e+29,6.44463e+25,3.00334e+12,0.551294,1.0105e+30,0.03468,3.27573e-05,9.48732e-13,4.79104e-65,7.04903e+14,4.06985e+15,2.78776e+11,4.77503e+15,2.05807e+17,2.76327e+08
9.91253e+07,50849,5.73803e+06,3.34276e+29,6.45477e+25,3.0175e+12,0.556615,9.61686e+29,0.03468,3.17766e-05,8.51325e-13,3.77914e-65,6.92344e+14,4.0065e+15,2.73363e+11,4.69912e+15,1.99512e+17,2.70204e+08
9.96253e+07,50300.9,5.70984e+06,3.37415e+29,6.46459e+25,3.03165e+12,0.562011,9.15025e+29,0.03468,3.0821e-05,7.6354e-13,2.97772e-65,6.79951e+14,3.94385e+15,2.68031e+11,4.62407e+15,1.93362e+17,2.64171e+08
1.00125e+08,49756.1,5.68167e+06,3.40551e+29,6.47411e+25,3.04578e+12,0.567484,8.70431e+29,0.03468,2.989e-05,6.84467e-13,2.3437e-65,6.67723e+14,3.88189e+15,2.6278e+11,4.54987e+15,1.87357e+17,2.58225e+08
1.00625e+08,49214.8,5.6535e+06,3.43684e+29,6.48334e+25,3.0599e+12,0.573035,8.27822e+29,0.03468,2.89829e-05,6.13279e-13,1.84268e-65,6.55659e+14,3.82062e+15,2.57609e+11,4.47654e+15,1.81494e+17,2.52368e+08
1.01125e+08,48676.9,5.62536e+06,3.46814e+29,6.49227e+25,3.07399e+12,0.578664,7.8712e+29,0.03468,2.80995e-05,5.49221e-13,1.44718e-65,6.43758e+14,3.76005e+15,2.52517e+11,4.40406e+15,1.75772e+17,2.46598e+08
1.01625e+08,48142.3,5.59722e+06,3.49941e+29,6.50092e+25,3.08807e+12,0.584374,7.48249e+29,0.03468,2.72391e-05,4.9161e-13,1.13534e-65,6.32019e+14,3.70016e+15,2.47503e+11,4.33242e+15,1.7019e+17,2.40915e+08
1.02125e+08,47611.2,5.5691e+06,3.53063e+29,6.5093e+25,3.10214e+12,0.590165,7.11137e+29,0.03468,2.64014e-05,4.39824e-13,8.89725e-66,6.20442e+14,3.64096e+15,2.42567e+11,4.26164e+15,1.64745e+17,2.35318e+08
1.02625e+08,47083.6,5.541e+06,3.56182e+29,6.51741e+25,3.11618e+12,0.596039,6.75711e+29,0.03468,2.55858e-05,3.93297e-13,6.96487e-66,6.09024e+14,3.58244e+15,2.37708e+11,4.1917e+15,1.59437e+17,2.29807e+08
1.03125e+08,46559.4,5.51292e+06,3.59296e+29,6.52525e+25,3.13021e+12,0.601998,6.41905e+29,0.03468,2.4792e-05,3.51518e-13,5.44625e-66,5.97766e+14,3.5246e+15,2.32926e+11,4.1226e+15,1.54262e+17,2.24382e+08
1.03625e+08,46038.7,5.48486e+06,3.62405e+29,6.53284e+25,3.14422e+12,0.608041,6.09651e+29,0.03468,2.40193e-05,3.1402e-13,4.25411e-66,5.86665e+14,3.46744e+15,2.28219e+11,4.05434e+15,1.4922e+17,2.19041e+08
1.04125e+08,45521.5,5.45682e+06,3.6551e+29,6.54018e+25,3.15821e+12,0.614172,5.78886e+29,0.03468,2.32675e-05,2.80383e-13,3.31931e-66,5.75722e+14,3.41096e+15,2.23588e+11,3.98691e+15,1.44308e+17,2.13784e+08
1.04625e+08,45007.8,5.4288e+06,3.68609e+29,6.54728e+25,3.17219e+12,0.62039,5.49548e+29,0.03468,2.25361e-05,2.50224e-13,2.5871e-66,5.64934e+14,3.35515e+15,2.1903e+11,3.9203e+15,1.39524e+17,2.08611e+08
1.05125e+08,44497.6,5.4008e+06,3.71702e+29,6.55414e+25,3.18615e+12,0.626698,5.21579e+29,0.03468,2.18245e-05,2.23198e-13,2.01421e-66,5.54301e+14,3.30001e+15,2.14547e+11,3.85452e+15,1.34867e+17,2.0352e+08
1.05625e+08,43990.9,5.37282e+06,3.74789e+29,6.56078e+25,3.20009e+12,0.633098,4.9492e+29,0.03468,2.11324e-05,1.98992e-13,1.56647e-66,5.43822e+14,3.24553e+15,2.10136e+11,3.78956e+15,1.30334e+17,1.98512e+08
1.06125e+08,43487.7,5.34487e+06,3.77871e+29,6.56718e+25,3.21401e+12,0.63959,4.69517e+29,0.03468,2.04594e-05,1.77323e-13,1.21693e-66,5.33494e+14,3.19172e+15,2.05798e+11,3.72542e+15,1.25924e+17,1.93586e+08
1.06625e+08,42988.1,5.31695e+06,3.80945e+29,6.57337e+25,3.22791e+12,0.646176,4.45316e+29,0.03468,1.9805e-05,1.57934e-13,9.44352e-67,5.23318e+14,3.13857e+15,2.0153e+11,3.66209e+15,1.21634e+17,1.88741e+08
1.07125e+08,42492.1,5.28905e+06,3.84014e+29,6.57935e+25,3.2418e+12,0.652857,4.22266e+29,0.03468,1.91688e-05,1.40595e-13,7.32029e-67,5.13292e+14,3.08607e+15,1.97334e+11,3.59956e+15,1.17462e+17,1.83976e+08
1.07625e+08,41999.5,5.26119e+06,3.87075e+29,6.58513e+25,3.25566e+12,0.659636,4.00317e+29,0.03468,1.85505e-05,1.25097e-13,5.66823e-67,5.03415e+14,3.03423e+15,1.93208e+11,3.53784e+15,1.13407e+17,1.79291e+08
1.08125e+08,41510.6,5.23334e+06,3.90128e+29,6.5907e+25,3.26951e+12,0.666514,3.79423e+29,0.03468,1.79495e-05,1.11252e-13,4.3842e-67,4.93685e+14,2.98304e+15,1.89151e+11,3.47691e+15,1.09465e+17,1.74685e+08
1.08625e+08,41025.2,5.20553e+06,3.93174e+29,6.59608e+25,3.28334e+12,0.673492,3.59537e+29,0.03468,1.73655e-05,9.88899e-14,3.38733e-67,4.84101e+14,2.93249e+15,1.85162e+11,3.41678e+15,1.05636e+17,1.70158e+08
1.09125e+08,40543.4,5.17776e+06,3.96213e+29,6.60127e+25,3.29715e+12,0.680573,3.40615e+29,0.03468,1.67982e-05,8.78572e-14,2.61426e-67,4.74663e+14,2.88258e+15,1.81241e+11,3.35743e+15,1.01916e+17,1.65709e+08
1.09625e+08,40065.1,5.15001e+06,3.99243e+29,6.60628e+25,3.31094e+12,0.687757,3.22615e+29,0.03468,1.6247e-05,7.80162e-14,2.01541e-67,4.65368e+14,2.83332e+15,1.77387e+11,3.29886e+15,9.83043e+16,1.61337e+08
1.10125e+08,39590.5,5.12229e+06,4.02264e+29,6.61111e+25,3.32472e+12,0.695046,3.05496e+29,0.03468,1.57118e-05,6.92427e-14,1.55203e-67,4.56215e+14,2.78468e+15,1.73599e+11,3.24107e+15,9.47981e+16,1.57042e+08
1.10625e+08,39119.4,5.09461e+06,4.05277e+29,6.61577e+25,3.33847e+12,0.702443,2.89219e+29,0.03468,1.51919e-05,6.1425e-14,1.19387e-67,4.47204e+14,2.73668e+15,1.69877e+11,3.18405e+15,9.13954e+16,1.52822e+08
1.11125e+08,38651.9,5.06697e+06,4.08282e+29,6.62025e+25,3.35221e+12,0.70995,2.73746e+29,0.03468,1.46872e-05,5.44625e-14,9.17355e-68,4.38332e+14,2.6893e+15,1.6622e+11,3.1278e+15,8.8094e+16,1.48678e+08
1.11625e+08,38188,5.03936e+06,4.11277e+29,6.62458e+25,3.36592e+12,0.717567,2.59041e+29,0.03468,1.41972e-05,4.82649e-14,7.04106e-68,4.296e+14,2.64255e+15,1.62626e+11,3.07231e+15,8.48918e+16,1.44609e+08
1.12125e+08,37727.7,5.01178e+06,4.14262e+29,6.62875e+25,3.37962e+12,0.725297,2.4507e+29,0.03468,1.37216e-05,4.2751e-14,5.39833e-68,4.21004e+14,2.59641e+15,1.59096e+11,3.01757e+15,8.17868e+16,1.40613e+08
1.12625e+08,37271,4.98425e+06,4.17238e+29,6.63276e+25,3.3933e+12,0.733141,2.31799e+29,0.03468,1.326e-05,3.78479e-14,4.13428e-68,4.12544e+14,2.55089e+15,1.55628e+11,2.96359e+15,7.87768e+16,1.36691e+08
1.13125e+08,36817.9,4.95675e+06,4.20205e+29,6.63663e+25,3.40696e+12,0.741103,2.19195e+29,0.03468,1.28122e-05,3.34901e-14,3.16271e-68,4.04219e+14,2.50597e+15,1.52222e+11,2.91034e+15,7.58597e+16,1.32841e+08
1.13625e+08,36368.4,4.92929e+06,4.23161e+29,6.64036e+25,3.42059e+12,0.749183,2.07229e+29,0.03468,1.23776e-05,2.96191e-14,2.41678e-68,3.96027e+14,2.46166e+15,1.48877e+11,2.85784e+15,7.30333e+16,1.29063e+08
1.14125e+08,35922.5,4.90187e+06,4.26106e+29,6.64394e+25,3.43421e+12,0.757383,1.95871e+29,0.03468,1.19561e-05,2.61822e-14,1.84473e-68,3.87967e+14,2.41796e+15,1.45592e+11,2.80607e+15,7.02958e+16,1.25357e+08
1.14625e+08,35480.1,4.87449e+06,4.29041e+29,6.64739e+25,3.44781e+12,0.765707,1.85092e+29,0.03468,1.15473e-05,2.31324e-14,1.40652e-68,3.80038e+14,2.37484e+15,1.42366e+11,2.75502e+15,6.76449e+16,1.2172e+08
1.15125e+08,35041.4,4.84716e+06,4.31966e+29,6.65071e+25,3.46139e+12,0.774155,1.74865e+29,0.03468,1.11508e-05,2.04274e-14,1.07121e-68,3.72238e+14,2.33232e+15,1.392e+11,2.7047e+15,6.50786e+16,1.18154e+08
1.15625e+08,34606.2,4.81986e+06,4.34879e+29,6.6539e+25,3.47495e+12,0.782731,1.65166e+29,0.03468,1.07664e-05,1.80296e-14,8.14923e-69,3.64566e+14,2.29039e+15,1.36091e+11,2.65509e+15,6.25949e+16,1.14656e+08
1.16125e+08,34174.7,4.79261e+06,4.37781e+29,6.65697e+25,3.48849e+12,0.791436,1.55967e+29,0.03468,1.03937e-05,1.59051e-14,6.19261e-69,3.5702e+14,2.24904e+15,1.33039e+11,2.60619e+15,6.01919e+16,1.11227e+08
1.16625e+08,33746.7,4.76541e+06,4.40672e+29,6.65993e+25,3.50201e+12,0.800272,1.47247e+29,0.03468,1.00325e-05,1.40237e-14,4.70051e-69,3.49599e+14,2.20827e+15,1.30044e+11,2.558e+15,5.78674e+16,1.07866e+08
1.17125e+08,33322.3,4.73825e+06,4.4355e+29,6.66276e+25,3.51551e+12,0.809242,1.38981e+29,0.03468,9.68236e-06,1.23585e-14,3.56392e-69,3.42302e+14,2.16807e+15,1.27104e+11,2.5105e+15,5.56196e+16,1.04572e+08
1.17625e+08,32901.5,4.71113e+06,4.46417e+29,6.66549e+25,3.52898e+12,0.818348,1.31149e+29,0.03468,9.34313e-06,1.08855e-14,2.69913e-69,3.35128e+14,2.12844e+15,1.2422e+11,2.46369e+15,5.34465e+16,1.01344e+08
1.18125e+08,32484.2,4.68406e+06,4.49272e+29,6.66811e+25,3.54244e+12,0.827593,1.23729e+29,0.03468,9.01445e-06,9.58311e-15,2.04187e-69,3.28074e+14,2.08937e+15,1.2139e+11,2.41757e+15,5.13461e+16,9.81817e+07
1.18625e+08,32070.5,4.65704e+06,4.52115e+29,6.67063e+25,3.55588e+12,0.836979,1.16701e+29,0.03468,8.69607e-06,8.43219e-15,1.54292e-69,3.21141e+14,2.05086e+15,1.18613e+11,2.37212e+15,4.93167e+16,9.50842e+07
1.19125e+08,31660.4,4.63007e+06,4.54945e+29,6.67305e+25,3.5693e+12,0.846508,1.10047e+29,0.03468,8.38769e-06,7.41566e-15,1.16457e-69,3.14325e+14,2.01291e+15,1.15889e+11,2.32735e+15,4.73562e+16,9.2051e+07
1.19625e+08,31253.8,4.60315e+06,4.57762e+29,6.67537e+25,3.58269e+12,0.856183,1.03747e+29,0.03468,8.08906e-06,6.51829e-15,8.78005e-70,3.07626e+14,1.97551e+15,1.13216e+11,2.28325e+15,4.54629e+16,8.90813e+07
1.20125e+08,30850.8,4.57627e+06,4.60566e+29,6.6776e+25,3.59607e+12,0.866006,9.77844e+28,0.03468,7.79991e-06,5.72654e-15,6.61201e-70,3.01043e+14,1.93865e+15,1.10595e+11,2.2398e+15,4.3635e+16,8.61744e+07
1.20625e+08,30451.3,4.54945e+06,4.63357e+29,6.67974e+25,3.60942e+12,0.875981,9.21428e+28,0.03468,7.51998e-06,5.02834e-15,4.97365e-70,2.94575e+14,1.90233e+15,1.08025e+11,2.19701e+15,4.18707e+16,8.33296e+07
1.21125e+08,30055.4,4.52267e+06,4.66135e+29,6.68179e+25,3.62275e+12,0.88611,8.68059e+28,0.03468,7.24902e-06,4.41296e-15,3.73698e-70,2.88219e+14,1.86654e+15,1.05505e+11,2.15487e+15,4.01681e+16,8.05462e+07
1.21625e+08,29663,4.49595e+06,4.689e+29,6.68376e+25,3.63606e+12,0.896396,8.17586e+28,0.03468,6.98679e-06,3.87087e-15,2.80458e-70,2.81974e+14,1.83129e+15,1.03033e+11,2.11337e+15,3.85256e+16,7.78235e+07
1.22125e+08,29274.1,4.46928e+06,4.71651e+29,6.68564e+25,3.64935e+12,0.906841,7.69863e+28,0.03468,6.73303e-06,3.39359e-15,2.10241e-70,2.7584e+14,1.79656e+15,1.0061e+11,2.0725e+15,3.69415e+16,7.51608e+07
1.22625e+08,28888.7,4.44267e+06,4.74388e+29,6.68745e+25,3.66262e+12,0.917448,7.24751e+28,0.03468,6.48752e-06,2.97359e-15,1.57422e-70,2.69814e+14,1.76235e+15,9.82349e+10,2.03226e+15,3.54141e+16,7.25575e+07
1.23125e+08,28506.8,4.41611e+06,4.77111e+29,6.68919e+25,3.67587e+12,0.928221,6.82118e+28,0.03468,6.25003e-06,2.6042e-15,1.17737e-70,2.63895e+14,1.72865e+15,9.59065e+10,1.99265e+15,3.39418e+16,7.00128e+07
1.23625e+08,28128.4,4.3896e+06,4.7982e+29,6.69085e+25,3.68909e+12,0.939162,6.41837e+28,0.03468,6.02032e-06,2.27949e-15,0,2.58083e+14,1.69547e+15,9.36244e+10,1.95365e+15,3.25229e+16,6.7526e+07
1.24125e+08,27753.5,4.36314e+06,4.82514e+29,6.69244e+25,3.7023e+12,0.950275,6.03789e+28,0.03468,5.79818e-06,1.99421e-15,0,2.52375e+14,1.66279e+15,9.13879e+10,1.91526e+15,3.11558e+16,6.50966e+07
1.24625e+08,27382,4.33675e+06,4.85195e+29,6.69397e+25,3.71548e+12,0.961562,5.67858e+28,0.03468,5.58339e-06,1.7437e-15,0,2.46771e+14,1.63061e+15,8.91963e+10,1.87747e+15,2.98391e+16,6.27237e+07
1.25125e+08,27014,4.31041e+06,4.8786e+29,6.69543e+25,3.72864e+12,0.973027,5.33935e+28,0.03468,5.37574e-06,1.52385e-15,0,2.41269e+14,1.59893e+15,8.70488e+10,1.84028e+15,2.85712e+16,6.04066e+07
1.25625e+08,26649.5,4.28412e+06,4.90511e+29,6.69683e+25,3.74178e+12,0.984673,5.01916e+28,0.03468,5.17502e-06,1.331e-15,0,2.35867e+14,1.56773e+15,8.49449e+10,1.80368e+15,2.73505e+16,5.81449e+07
1.26125e+08,26288.4,4.25789e+06,4.93146e+29,6.69817e+25,3.75489e+12,0.996503,4.717e+28,0.03468,4.98104e-06,1.16194e-15,0,2.30564e+14,1.53702e+15,8.28838e+10,1.76767e+15,2.61757e+16,5.59376e+07
1.26625e+08,25930.7,4.23173e+06,4.95767e+29,6.69945e+25,3.76798e+12,1.00852,4.43195e+28,0.03468,4.79359e-06,1.0138e-15,0,2.2536e+14,1.50679e+15,8.08649e+10,1.73223e+15,2.50453e+16,5.37842e+07
1.27125e+08,25576.5,4.20561e+06,4.98373e+29,6.70067e+25,3.78105e+12,1.02073,4.16309e+28,0.03468,4.61249e-06,8.84074e-16,0,2.20252e+14,1.47704e+15,7.88875e+10,1.69737e+15,2.3958e+16,5.1684e+07
1.27625e+08,25225.7,4.17956e+06,5.00963e+29,6.70184e+25,3.7941e+12,1.03314,3.90957e+28,0.03468,4.43754e-06,7.70528e-16,0,2.1524e+14,1.44775e+15,7.69509e+10,1.66307e+15,2.29123e+16,4.96363e+07
1.28125e+08,24878.2,4.15357e+06,5.03537e+29,6.70296e+25,3.80713e+12,1.04574,3.67058e+28,0.03468,4.26856e-06,6.71199e-16,0,2.10321e+14,1.41893e+15,7.50545e+10,1.62933e+15,2.19069e+16,4.76405e+07
1.28625e+08,24534.1,4.12764e+06,5.06096e+29,6.70404e+25,3.82013e+12,1.05854,3.44534e+28,0.03468,4.10538e-06,5.84356e-16,0,2.05496e+14,1.39057e+15,7.31977e+10,1.59614e+15,2.09405e+16,4.56959e+07
1.29125e+08,24193.4,4.10177e+06,5.08639e+29,6.70506e+25,3.83311e+12,1.07156,3.2331e+28,0.03468,3.94783e-06,5.08469e-16,0,2.00762e+14,1.36267e+15,7.13797e+10,1.5635e+15,2.00119e+16,4.38019e+07
1.29625e+08,23856.1,4.07596e+06,5.11166e+29,6.70604e+25,3.84607e+12,1.08478,3.03318e+28,0.03468,3.79572e-06,4.42194e-16,0,1.96118e+14,1.33521e+15,6.96e+10,1.5314e+15,1.91198e+16,4.19577e+07
1.30125e+08,23522.1,4.05021e+06,5.13678e+29,6.70697e+25,3.859e+12,1.09821,2.8449e+28,0.03468,3.6489e-06,3.84345e-16,0,1.91562e+14,1.3082e+15,6.7858e+10,1.49983e+15,1.82629e+16,4.01628e+07
1.30625e+08,23191.4,4.02453e+06,5.16173e+29,6.70787e+25,3.87191e+12,1.11187,2.66763e+28,0.03468,3.5072e-06,3.33879e-16,0,1.87095e+14,1.28163e+15,6.61529e+10,1.46879e+15,1.74402e+16,3.84165e+07
1.31125e+08,22864,3.9989e+06,5.18652e+29,6.70872e+25,3.8848e+12,1.12574,2.50077e+28,0.03468,3.37047e-06,2.89878e-16,0,1.82714e+14,1.25549e+15,6.44842e+10,1.43827e+15,1.66504e+16,3.67181e+07
1.31625e+08,22539.9,3.97334e+06,5.21114e+29,6.70953e+25,3.89766e+12,1.13985,2.34374e+28,0.03468,3.23856e-06,2.51534e-16,0,1.78418e+14,1.22978e+15,6.28513e+10,1.40826e+15,1.58925e+16,3.50671e+07
1.32125e+08,22219.1,3.94785e+06,5.2356e+29,6.71031e+25,3.9105e+12,1.15418,2.19602e+28,0.03468,3.11131e-06,2.1814e-16,0,1.74206e+14,1.2045e+15,6.12535e+10,1.37877e+15,1.51653e+16,3.34627e+07
1.32625e+08,21901.6,3.92241e+06,5.2599e+29,6.71105e+25,3.92332e+12,1.16875,2.05707e+28,0.03468,2.98858e-06,1.89073e-16,0,1.70076e+14,1.17964e+15,5.96903e+10,1.34977e+15,1.44678e+16,3.19044e+07
1.33125e+08,21587.3,3.89705e+06,5.28403e+29,6.71176e+25,3.93611e+12,1.18356,1.92641e+28,0.03468,2.87023e-06,1.63786e-16,0,1.66028e+14,1.15519e+15,5.81611e+10,1.32128e+15,1.37989e+16,3.03916e+07
1.33625e+08,21276.2,3.87174e+06,5.30799e+29,6.71243e+25,3.94888e+12,1.19861,1.80359e+28,0.03468,2.75611e-06,1.418e-16,0,1.6206e+14,1.13115e+15,5.66652e+10,1.29327e+15,1.31577e+16,2.89235e+07
1.34125e+08,20968.4,3.84651e+06,5.33178e+29,6.71308e+25,3.96162e+12,1.21392,1.68815e+28,0.03468,2.6461e-06,1.22696e-16,0,1.58171e+14,1.10752e+15,5.52022e+10,1.26575e+15,1.25431e+16,2.74997e+07
1.34625e+08,20663.8,3.82134e+06,5.3554e+29,6.71369e+25,3.97435e+12,1.22947,1.57969e+28,0.03468,2.54007e-06,1.06104e-16,0,1.5436e+14,1.08429e+15,5.37713e+10,1.2387e+15,1.19542e+16,2.61195e+07
1.35125e+08,20362.3,3.79623e+06,5.37885e+29,6.71427e+25,3.98704e+12,1.24529,1.4778e+28,0.03468,2.43789e-06,9.1703e-17,0,1.50625e+14,1.06145e+15,5.23721e+10,1.21213e+15,1.139e+16,2.47822e+07
1.35625e+08,20064.1,3.77119e+06,5.40214e+29,6.71483e+25,3.99971e+12,1.26137,1.38212e+28,0.03468,2.33943e-06,7.92106e-17,0,1.46966e+14,1.03901e+15,5.1004e+10,1.18602e+15,1.08497e+16,2.34873e+07
1.36125e+08,19769,3.74622e+06,5.42525e+29,6.71536e+25,4.01236e+12,1.27773,1.29229e+28,0.03468,2.24457e-06,6.83802e-17,0,1.43381e+14,1.01695e+15,4.96665e+10,1.16038e+15,1.03325e+16,2.22342e+07
1.36625e+08,19477,3.72132e+06,5.44818e+29,6.71586e+25,4.02499e+12,1.29435,1.20798e+28,0.03468,2.1532e-06,5.89961e-17,0,1.39869e+14,9.95265e+14,4.83589e+10,1.13518e+15,9.83734e+15,2.10223e+07
1.37125e+08,19188.1,3.69648e+06,5.47095e+29,6.71634e+25,4.03759e+12,1.31126,1.12886e+28,0.03468,2.0652e-06,5.08698e-17,0,1.36429e+14,9.73961e+14,4.70807e+10,1.11044e+15,9.36353e+15,1.9851e+07
1.37625e+08,18902.4,3.67171e+06,5.49353e+29,6.7168e+25,4.05016e+12,1.32846,1.05464e+28,0.03468,1.98046e-06,4.38369e-17,0,1.3306e+14,9.53028e+14,4.58315e+10,1.08613e+15,8.91024e+15,1.87198e+07
1.38125e+08,18619.7,3.64701e+06,5.51595e+29,6.71723e+25,4.06271e+12,1.34595,9.85032e+27,0.03468,1.89888e-06,3.77539e-17,0,1.2976e+14,9.32462e+14,4.46106e+10,1.06227e+15,8.47671e+15,1.7628e+07
1.38625e+08,18340.1,3.62238e+06,5.53819e+29,6.71765e+25,4.07523e+12,1.36373,9.19766e+27,0.03468,1.82035e-06,3.24955e-17,0,1.26529e+14,9.12257e+14,4.34176e+10,1.03883e+15,8.06217e+15,1.6575e+07
1.39125e+08,18063.6,3.59782e+06,5.56025e+29,6.71804e+25,4.08773e+12,1.38182,8.58588e+27,0.03468,1.74476e-06,2.79527e-17,0,1.23365e+14,8.92409e+14,4.2252e+10,1.01582e+15,7.6659e+15,1.55604e+07
1.39625e+08,17790.1,3.57333e+06,5.58214e+29,6.71842e+25,4.10021e+12,1.40022,8.01257e+27,0.03468,1.67203e-06,2.40305e-17,0,1.20268e+14,8.72914e+14,4.11131e+10,9.93223e+14,7.28721e+15,1.45835e+07
1.40125e+08,17519.6,3.5489e+06,5.60385e+29,6.71877e+25,4.11265e+12,1.41894,7.47547e+27,0.03468,1.60205e-06,2.0646e-17,0,1.17236e+14,8.53767e+14,4.00006e+10,9.71042e+14,6.92539e+15,1.36438e+07
1.40625e+08,17252.1,3.52455e+06,5.62538e+29,6.71911e+25,4.12508e+12,1.43798,6.97242e+27,0.03468,1.53473e-06,1.77274e-17,0,1.14268e+14,8.34962e+14,3.89139e+10,9.49269e+14,6.5798e+15,1.27408e+07
1.41125e+08,16987.6,3.50027e+06,5.64673e+29,6.71943e+25,4.13748e+12,1.45735,6.5014e+27,0.03468,1.46999e-06,1.5212e-17,0,1.11363e+14,8.16496e+14,3.78525e+10,9.27897e+14,6.24979e+15,1.18738e+07
1.41625e+08,16726.1,3.47606e+06,5.66791e+29,6.71973e+25,4.14985e+12,1.47706,6.06048e+27,0.03468,1.40772e-06,1.30454e-17,0,1.0852e+14,7.98365e+14,3.6816e+10,9.06921e+14,5.93475e+15,1.10424e+07
1.42125e+08,16467.5,3.45191e+06,5.6889e+29,6.72002e+25,4.16219e+12,1.49711,5.64785e+27,0.03468,1.34785e-06,1.11805e-17,0,1.05738e+14,7.80562e+14,3.58039e+10,8.86336e+14,5.63408e+15,1.02459e+07
1.42625e+08,16211.8,3.42784e+06,5.70972e+29,6.7203e+25,4.17451e+12,1.51752,5.26181e+27,0.03468,1.2903e-06,9.57616e-18,0,1.03016e+14,7.63085e+14,3.48156e+10,8.66136e+14,5.34719e+15,9.48398e+06
1.43125e+08,15959,3.40385e+06,5.73036e+29,6.72056e+25,4.18681e+12,1.53828,4.90075e+27,0.03468,1.23499e-06,8.19687e-18,0,1.00353e+14,7.45928e+14,3.38509e+10,8.46315e+14,5.07354e+15,8.75595e+06
1.43625e+08,15709.2,3.37992e+06,5.75081e+29,6.72081e+25,4.19908e+12,1.55941,4.56313e+27,0.03468,1.18183e-06,7.01179e-18,0,9.77477e+13,7.29088e+14,3.29091e+10,8.26868e+14,4.81259e+15,8.06133e+06
1.44125e+08,15462.1,3.35606e+06,5.77109e+29,6.72104e+25,4.21132e+12,1.58092,4.24754e+27,0.03468,1.13075e-06,5.99422e-18,0,9.51995e+13,7.12559e+14,3.19898e+10,8.0779e+14,4.5638e+15,7.39958e+06
1.44625e+08,15218,3.33228e+06,5.79119e+29,6.72126e+25,4.22353e+12,1.6028,3.95261e+27,0.03468,1.08168e-06,5.12103e-18,0,9.27072e+13,6.96337e+14,3.10926e+10,7.89075e+14,4.32669e+15,6.7702e+06
1.45125e+08,14976.7,3.30857e+06,5.8111e+29,6.72147e+25,4.23572e+12,1.62508,3.67707e+27,0.03468,1.03455e-06,4.37221e-18,0,9.02699e+13,6.80418e+14,3.02171e+10,7.70718e+14,4.10075e+15,6.17266e+06
1.45625e+08,14738.1,3.28493e+06,5.83084e+29,6.72167e+25,4.24788e+12,1.64775,3.41972e+27,0.03468,9.89293e-07,3.73046e-18,0,8.78866e+13,6.64798e+14,2.93627e+10,7.52714e+14,3.88554e+15,5.60644e+06
1.46125e+08,14502.4,3.26137e+06,5.85039e+29,6.72186e+25,4.26002e+12,1.67084,3.17943e+27,0.03468,9.45836e-07,3.18082e-18,0,8.55563e+13,6.49472e+14,2.85292e+10,7.35057e+14,3.68058e+15,5.07105e+06
1.46625e+08,14269.5,3.23788e+06,5.86976e+29,6.72204e+25,4.27213e+12,1.69434,2.95513e+27,0.03468,9.04117e-07,2.71037e-18,0,8.32781e+13,6.34437e+14,2.77161e+10,7.17742e+14,3.48546e+15,4.56596e+06
1.47125e+08,14039.3,3.21446e+06,5.88895e+29,6.72221e+25,4.28421e+12,1.71826,2.74582e+27,0.03468,8.64074e-07,2.30796e-18,0,8.1051e+13,6.19687e+14,2.69229e+10,7.00765e+14,3.29974e+15,4.09067e+06
1.47625e+08,13811.8,3.19111e+06,5.90796e+29,6.72237e+25,4.29626e+12,1.74262,2.55055e+27,0.03468,8.25647e-07,1.96399e-18,0,7.88742e+13,6.05219e+14,2.61492e+10,6.8412e+14,3.12303e+15,3.64467e+06
1.48125e+08,13587,3.16784e+06,5.92679e+29,6.72252e+25,4.30829e+12,1.76743,2.36844e+27,0.03468,7.88777e-07,1.67015e-18,0,7.67468e+13,5.91029e+14,2.53947e+10,6.67801e+14,2.95493e+15,3.22745e+06
1.48625e+08,13365,3.14464e+06,5.94544e+29,6.72267e+25,4.32029e+12,1.79269,2.19865e+27,0.03468,7.53407e-07,1.41931e-18,0,7.46677e+13,5.77113e+14,2.4659e+10,6.51805e+14,2.79508e+15,2.83851e+06
1.49125e+08,13145.6,3.12152e+06,5.9639e+29,6.7228e+25,4.33226e+12,1.81841,2.04039e+27,0.03468,7.19483e-07,1.20532e-18,0,7.26362e+13,5.63466e+14,2.39416e+10,6.36126e+14,2.6431e+15,2.47734e+06
1.49625e+08,12928.9,3.09847e+06,5.98219e+29,6.72293e+25,4.34421e+12,1.84461,1.89293e+27,0.03468,6.86951e-07,1.02289e-18,0,7.06514e+13,5.50084e+14,2.32423e+10,6.20759e+14,2.49866e+15,2.14342e+06
1.50125e+08,12714.8,3.07549e+06,6.00029e+29,6.72305e+25,4.35613e+12,1.87129,1.75556e+27,0.03468,6.55759e-07,8.67465e-19,0,6.87124e+13,5.36964e+14,2.25605e+10,6.05699e+14,2.36141e+15,1.83623e+06
1.50625e+08,12503.4,3.05259e+06,6.01821e+29,6.72317e+25,4.36801e+12,1.89847,1.62765e+27,0.03468,6.25859e-07,7.35142e-19,0,6.68183e+13,5.24102e+14,2.1896e+10,5.90942e+14,2.23105e+15,1.55525e+06
1.51125e+08,12294.5,3.02976e+06,6.03595e+29,6.72328e+25,4.37988e+12,1.92616,1.50856e+27,0.03468,5.97202e-07,6.22564e-19,0,6.49684e+13,5.11493e+14,2.12483e+10,5.76482e+14,2.10725e+15,1.29995e+06
1.51625e+08,12088.2,3.00701e+06,6.0535e+29,6.72338e+25,4.39171e+12,1.95437,1.39774e+27,0.03468,5.6974e-07,5.26851e-19,0,6.31617e+13,4.99134e+14,2.06172e+10,5.62316e+14,1.98972e+15,1.06977e+06
1.52125e+08,11884.5,2.98433e+06,6.07088e+29,6.72348e+25,4.40351e+12,1.98311,1.29463e+27,0.03468,5.43431e-07,4.45533e-19,0,6.13975e+13,4.8702e+14,2.00023e+10,5.48438e+14,1.87818e+15,864162
1.52625e+08,11683.3,2.96173e+06,6.08808e+29,6.72357e+25,4.41529e+12,2.01239,1.19873e+27,0.03468,5.18229e-07,3.76494e-19,0,5.96749e+13,4.75149e+14,1.94031e+10,5.34844e+14,1.77235e+15,682534
1.53125e+08,11484.6,2.9392e+06,6.10509e+29,6.72365e+25,4.42704e+12,2.04223,1.10956e+27,0.03468,4.94093e-07,3.17921e-19,0,5.79932e+13,4.63516e+14,1.88195e+10,5.21529e+14,1.67197e+15,524274
1.53625e+08,11288.4,2.91675e+06,6.12193e+29,6.72374e+25,4.43876e+12,2.07263,1.02668e+27,0.03468,4.70982e-07,2.68263e-19,0,5.63516e+13,4.52118e+14,1.8251e+10,5.08488e+14,1.57678e+15,388728
1.54125e+08,11094.7,2.89437e+06,6.13858e+29,6.72381e+25,4.45045e+12,2.10362,9.49672e+26,0.03468,4.48857e-07,2.26194e-19,0,5.47492e+13,4.40951e+14,1.76973e+10,4.95718e+14,1.48656e+15,275192
1.54625e+08,10903.5,2.87207e+06,6.15506e+29,6.72388e+25,4.46211e+12,2.13521,8.78138e+26,0.03468,4.2768e-07,1.90579e-19,0,5.31854e+13,4.30011e+14,1.71581e+10,4.83214e+14,1.40105e+15,182887
1.55125e+08,10714.7,2.84984e+06,6.17135e+29,6.72395e+25,4.47374e+12,2.1674,8.11712e+26,0.03468,4.07414e-07,1.60451e-19,0,5.16594e+13,4.19295e+14,1.6633e+10,4.70971e+14,1.32005e+15,110931
1.55625e+08,10528.3,2.82769e+06,6.18747e+29,6.72402e+25,4.48535e+12,2.20022,7.50049e+26,0.03468,3.88024e-07,1.34983e-19,0,5.01704e+13,4.08798e+14,1.61219e+10,4.58985e+14,1.24333e+15,58279.1
1.56125e+08,10344.3,2.80561e+06,6.20341e+29,6.72408e+25,4.49692e+12,2.23368,6.92827e+26,0.03468,3.69475e-07,1.1347e-19,0,4.87177e+13,3.98519e+14,1.56242e+10,4.47252e+14,1.17069e+15,23619.9
1.56625e+08,10162.7,2.78361e+06,6.21917e+29,6.72413e+25,4.50847e+12,2.2678,6.39744e+26,0.03468,3.51736e-07,9.53121e-20,0,4.73006e+13,3.88452e+14,1.51399e+10,4.35768e+14,1.10194e+15,7430.42
1.57125e+08,9983.45,2.76168e+06,6.23475e+29,6.72419e+25,4.51998e+12,2.30258,5.90517e+26,0.03468,3.34773e-07,7.99972e-20,0,4.59183e+13,3.78595e+14,1.46685e+10,4.24528e+14,1.03689e+15,2792.41
1.57625e+08,9806.54,2.73983e+06,6.25015e+29,6.72424e+25,4.53147e+12,2.33805,5.4488e+26,0.03468,3.18557e-07,6.70901e-20,0,4.45702e+13,3.68944e+14,1.42097e+10,4.13528e+14,9.75359e+14,971.204
1.58125e+08,9631.96,2.71806e+06,6.26538e+29,6.72428e+25,4.54292e+12,2.37423,5.02588e+26,0.03468,3.03057e-07,5.62206e-20,0,4.32556e+13,3.59495e+14,1.37633e+10,4.02765e+14,9.17172e+14,309.722
1.58625e+08,9459.67,2.69636e+06,6.28043e+29,6.72433e+25,4.55435e+12,2.41112,4.63407e+26,0.03468,2.88244e-07,4.70742e-20,0,4.19738e+13,3.50247e+14,1.3329e+10,3.92234e+14,8.62168e+14,57.6969
1.59125e+08,9289.67,2.67473e+06,6.2953e+29,6.72437e+25,4.56575e+12,2.44875,4.27123e+26,0.03468,2.74092e-07,3.93839e-20,0,4.07241e+13,3.41194e+14,1.29066e+10,3.81931e+14,8.10188e+14,7.33614
1.59625e+08,9121.92,2.65318e+06,6.31e+29,6.72441e+25,4.57711e+12,2.48714,3.93531e+26,0.03468,2.60574e-07,3.29228e-20,0,3.95059e+13,3.32334e+14,1.24957e+10,3.71852e+14,7.61082e+14,0.918221
1.60125e+08,8956.42,2.63171e+06,6.32452e+29,6.72445e+25,4.58845e+12,2.52631,3.62444e+26,0.03468,2.47664e-07,2.74989e-20,0,3.83185e+13,3.23663e+14,1.2096e+10,3.61994e+14,7.14706e+14,0.114951
1.60625e+08,8793.14,2.61031e+06,6.33886e+29,6.72448e+25,4.59975e+12,2.56627,3.33685e+26,0.03468,2.35337e-07,2.29494e-20,0,3.71613e+13,3.15179e+14,1.17074e+10,3.52352e+14,6.70923e+14,0.0144045
1.61125e+08,8632.06,2.58899e+06,6.35304e+29,6.72451e+25,4.61103e+12,2.60704,3.07089e+26,0.03468,2.2357e-07,1.91363e-20,0,3.60337e+13,3.06878e+14,1.13296e+10,3.42923e+14,6.29601e+14,0.00181852
1.61625e+08,8473.16,2.56775e+06,6.36704e+29,6.72455e+25,4.62227e+12,2.64865,2.82503e+26,0.03468,2.12339e-07,1.59432e-20,0,3.4935e+13,2.98757e+14,1.09622e+10,3.33703e+14,5.90615e+14,0.000114909
1.62125e+08,8316.43,2.54658e+06,6.38086e+29,6.72457e+25,4.63348e+12,2.69112,2.59783e+26,0.03468,2.01623e-07,1.32715e-20,0,3.38646e+13,2.90813e+14,1.06052e+10,3.24688e+14,5.53845e+14,0
1.62625e+08,8161.84,2.52548e+06,6.39452e+29,6.7246e+25,4.64467e+12,2.73446,2.38794e+26,0.03468,1.914e-07,1.10378e-20,0,3.2822e+13,2.83043e+14,1.02581e+10,3.15876e+14,5.19177e+14,0
1.63125e+08,8009.37,2.50446e+06,6.408e+29,6.72463e+25,4.65582e+12,2.77871,2.19413e+26,0.03468,1.81649e-07,9.17199e-21,0,3.18065e+13,2.75444e+14,9.92086e+09,3.07261e+14,4.86502e+14,0
1.63625e+08,7859.01,2.48352e+06,6.42131e+29,6.72465e+25,4.66694e+12,2.82388,2.01523e+26,0.03468,1.72351e-07,7.61479e-21,0,3.08175e+13,2.68013e+14,9.59315e+09,2.9884e+14,4.55715e+14,0
1.64125e+08,7710.73,2.46265e+06,6.43445e+29,6.72467e+25,4.67802e+12,2.87,1.85015e+26,0.03468,1.63487e-07,6.31628e-21,0,2.98546e+13,2.60747e+14,9.27477e+09,2.90611e+14,4.26718e+14,0
1.64625e+08,7564.52,2.44186e+06,6.44742e+29,6.72469e+25,4.68908e+12,2.91709,1.69789e+26,0.03468,1.55039e-07,5.23442e-21,0,2.8917e+13,2.53643e+14,8.96549e+09,2.82569e+14,3.99416e+14,0
1.65125e+08,7420.36,2.42114e+06,6.46022e+29,6.72471e+25,4.7001e+12,2.96518,1.5575e+26,0.03468,1.46989e-07,4.33388e-21,0,2.80044e+13,2.46698e+14,8.66509e+09,2.74711e+14,3.73719e+14,0
1.65625e+08,7278.22,2.4005e+06,6.47285e+29,6.72473e+25,4.7111e+12,3.01429,1.42811e+26,0.03468,1.39319e-07,3.58493e-21,0,2.71161e+13,2.3991e+14,8.37335e+09,2.67034e+14,3.49541e+14,0
1.66125e+08,7138.09,2.37994e+06,6.48532e+29,6.72475e+25,4.72206e+12,3.06446,1.30891e+26,0.03468,1.32014e-07,2.96262e-21,0,2.62516e+13,2.33275e+14,8.09007e+09,2.59535e+14,3.26801e+14,0
1.66625e+08,6999.96,2.35945e+06,6.49762e+29,6.72476e+25,4.73298e+12,3.11571,1.19914e+26,0.03468,1.25058e-07,2.44601e-21,0,2.54103e+13,2.26791e+14,7.81503e+09,2.52209e+14,3.05421e+14,0
1.67125e+08,6863.79,2.33903e+06,6.50975e+29,6.72478e+25,4.74388e+12,3.16807,1.09809e+26,0.03468,1.18436e-07,2.01754e-21,0,2.45919e+13,2.20455e+14,7.54804e+09,2.45055e+14,2.85326e+14,0
1.67625e+08,6729.57,2.31869e+06,6.52172e+29,6.72479e+25,4.75474e+12,3.22157,1.0051e+26,0.03468,1.12133e-07,1.6625e-21,0,2.37957e+13,2.14265e+14,7.2889e+09,2.38068e+14,2.66447e+14,0
1.68125e+08,6597.29,2.29843e+06,6.53352e+29,6.7248e+25,4.76557e+12,3.27624,9.19576e+25,0.03468,1.06136e-07,1.36859e-21,0,2.30212e+13,2.08217e+14,7.0374e+09,2.31246e+14,2.48717e+14,0
1.68625e+08,6466.93,2.27824e+06,6.54516e+29,6.72482e+25,4.77637e+12,3.33211,8.40944e+25,0.03468,1.00431e-07,1.12552e-21,0,2.2268e+13,2.0231e+14,6.79336e+09,2.24585e+14,2.32071e+14,0
1.69125e+08,6338.45,2.25812e+06,6.55664e+29,6.72483e+25,4.78714e+12,3.38922,7.68681e+25,0.03468,9.50053e-08,9.24682e-22,0,2.15356e+13,1.9654e+14,6.5566e+09,2.18082e+14,2.1645e+14,0
1.69625e+08,6211.86,2.23808e+06,6.56796e+29,6.72484e+25,4.79787e+12,3.44759,7.02299e+25,0.03468,8.98463e-08,7.58907e-22,0,2.08235e+13,1.90905e+14,6.32693e+09,2.11735e+14,2.01796e+14,0
1.70125e+08,6087.13,2.21811e+06,6.57911e+29,6.72485e+25,4.80857e+12,3.50728,6.41346e+25,0.03468,8.49424e-08,6.22207e-22,0,2.01313e+13,1.85403e+14,6.10417e+09,2.0554e+14,1.88055e+14,0
1.70625e+08,5964.23,2.19822e+06,6.5901e+29,6.72486e+25,4.81923e+12,3.56831,5.85403e+25,0.03468,8.0282e-08,5.09597e-22,0,1.94585e+13,1.80031e+14,5.88814e+09,1.99495e+14,1.75174e+14,0
1.71125e+08,5843.16,2.17841e+06,6.60094e+29,6.72486e+25,4.82987e+12,3.63072,5.3408e+25,0.03468,7.58543e-08,4.16925e-22,0,1.88046e+13,1.74786e+14,5.67867e+09,1.93597e+14,1.63105e+14,0
1.71625e+08,5723.89,2.15867e+06,6.61162e+29,6.72487e+25,4.84046e+12,3.69454,4.87017e+25,0.03468,7.16488e-08,3.40739e-22,0,1.81693e+13,1.69667e+14,5.4756e+09,1.87842e+14,1.518e+14,0
1.72125e+08,5606.41,2.139e+06,6.62213e+29,6.72488e+25,4.85103e+12,3.75983,4.43881e+25,0.03468,6.76554e-08,2.78172e-22,0,1.7552e+13,1.6467e+14,5.27876e+09,1.82228e+14,1.41217e+14,0
1.72625e+08,5490.69,2.1194e+06,6.6325e+29,6.72489e+25,4.86156e+12,3.82663,4.04361e+25,0.03468,6.38644e-08,2.26843e-22,0,1.69524e+13,1.59794e+14,5.08799e+09,1.76752e+14,1.31312e+14,0
1.73125e+08,5376.73,2.09989e+06,6.6427e+29,6.72489e+25,4.87205e+12,3.89497,3.68172e+25,0.03468,6.02666e-08,1.84779e-22,0,1.637e+13,1.55037e+14,4.90312e+09,1.71412e+14,1.22047e+14,0
1.73625e+08,5264.5,2.08044e+06,6.65276e+29,6.7249e+25,4.88251e+12,3.9649,3.35047e+25,0.03468,5.68531e-08,1.50345e-22,0,1.58045e+13,1.50395e+14,4.72402e+09,1.66204e+14,1.13383e+14,0
1.74125e+08,5153.98,2.06107e+06,6.66266e+29,6.7249e+25,4.89294e+12,4.03647,3.04744e+25,0.03468,5.36153e-08,1.22187e-22,0,1.52554e+13,1.45867e+14,4.55052e+09,1.61126e+14,1.05285e+14,0
1.74625e+08,5045.16,2.04177e+06,6.6724e+29,6.72491e+25,4.90333e+12,4.10973,2.77033e+25,0.03468,5.05451e-08,9.91878e-23,0,1.47223e+13,1.4145e+14,4.38247e+09,1.56176e+14,9.77188e+13,0
1.75125e+08,4938.01,2.02255e+06,6.682e+29,6.72491e+25,4.91369e+12,4.18472,2.51707e+25,0.03468,4.76347e-08,8.04227e-23,0,1.42049e+13,1.37142e+14,4.21974e+09,1.51351e+14,9.06532e+13,0
1.75625e+08,4832.53,2.0034e+06,6.69144e+29,6.72492e+25,4.92401e+12,4.26151,2.28571e+25,0.03468,4.48765e-08,6.51298e-23,0,1.37028e+13,1.32942e+14,4.06217e+09,1.46649e+14,8.40577e+13,0
1.76125e+08,4728.69,1.98432e+06,6.70074e+29,6.72492e+25,4.9343e+12,4.34014,2.07446e+25,0.03468,4.22633e-08,5.26811e-23,0,1.32156e+13,1.28847e+14,3.90964e+09,1.42066e+14,7.79037e+13,0
1.76625e+08,4626.48,1.96532e+06,6.70988e+29,6.72493e+25,4.94455e+12,4.42067,1.88168e+25,0.03468,3.97884e-08,4.25594e-23,0,1.27429e+13,1.24854e+14,3.76201e+09,1.37601e+14,7.21643e+13,0
1.77125e+08,4525.88,1.94638e+06,6.71888e+29,6.72493e+25,4.95477e+12,4.50316,1.70585e+25,0.03468,3.7445e-08,3.43396e-23,0,1.22845e+13,1.20963e+14,3.61914e+09,1.33251e+14,6.6814e+13,0
1.77625e+08,4426.87,1.92753e+06,6.72774e+29,6.72493e+25,4.96495e+12,4.58767,1.54555e+25,0.03468,3.52269e-08,2.76723e-23,0,1.18398e+13,1.1717e+14,3.4809e+09,1.29014e+14,6.18287e+13,0
1.78125e+08,4329.43,1.90874e+06,6.73644e+29,6.72494e+25,4.97509e+12,4.67426,1.39949e+25,0.03468,3.3128e-08,2.2271e-23,0,1.14087e+13,1.13475e+14,3.34718e+09,1.24887e+14,5.71857e+13,0
1.78625e+08,4233.56,1.89003e+06,6.74501e+29,6.72494e+25,4.9852e+12,4.763,1.26648e+25,0.03468,3.11426e-08,1.79006e-23,0,1.09908e+13,1.09874e+14,3.21783e+09,1.20868e+14,5.28635e+13,0
1.79125e+08,4139.22,1.87139e+06,6.75342e+29,6.72494e+25,4.99527e+12,4.85395,1.14542e+25,0.03468,2.92651e-08,1.43688e-23,0,1.05856e+13,1.06366e+14,3.09276e+09,1.16955e+14,4.88419e+13,0
1.79625e+08,4046.41,1.85282e+06,6.7617e+29,6.72494e+25,5.00531e+12,4.94719,1.03529e+25,0.03468,2.74903e-08,1.15184e-23,0,1.0193e+13,1.02949e+14,2.97182e+09,1.13145e+14,4.51018e+13,0
1.80125e+08,3955.11,1.83432e+06,6.76984e+29,6.72495e+25,5.0153e+12,5.04279,9.35176e+24,0.03468,2.5813e-08,9.22086e-24,0,9.81258e+12,9.9622e+13,2.85492e+09,1.09437e+14,4.16253e+13,0
1.80625e+08,3865.3,1.8159e+06,6.77784e+29,6.72495e+25,5.02527e+12,5.14083,8.44205e+24,0.03468,2.42285e-08,7.37141e-24,0,9.44404e+12,9.6382e+13,2.74194e+09,1.05829e+14,3.83952e+13,0
1.81125e+08,3776.97,1.79755e+06,6.78569e+29,6.72495e+25,5.03519e+12,5.24138,7.61594e+24,0.03468,2.27321e-08,5.88464e-24,0,9.08707e+12,9.32275e+13,2.63276e+09,1.02317e+14,3.53958e+13,0
1.81625e+08,3690.09,1.77927e+06,6.79341e+29,6.72495e+25,5.04508e+12,5.34453,6.86619e+24,0.03468,2.13195e-08,4.69105e-24,0,8.7414e+12,9.01569e+13,2.52728e+09,9.89008e+13,3.26119e+13,0
1.82125e+08,3604.66,1.76106e+06,6.801e+29,6.72495e+25,5.05493e+12,5.45036,6.18615e+24,0.03468,1.99863e-08,3.73414e-24,0,8.40671e+12,8.71682e+13,2.4254e+09,9.55774e+13,3.00295e+13,0
1.82625e+08,3520.66,1.74292e+06,6.80845e+29,6.72495e+25,5.06474e+12,5.55896,5.56971e+24,0.03468,1.87287e-08,2.96806e-24,0,8.08273e+12,8.42599e+13,2.327e+09,9.2345e+13,2.76352e+13,0
1.83125e+08,3438.06,1.72485e+06,6.81576e+29,6.72496e+25,5.07452e+12,5.67043,5.01127e+24,0.03468,1.75426e-08,2.35562e-24,0,7.76917e+12,8.14302e+13,2.23201e+09,8.92016e+13,2.54165e+13,0
1.83625e+08,3356.86,1.70685e+06,6.82294e+29,6.72496e+25,5.08425e+12,5.78487,4.50569e+24,0.03468,1.64246e-08,1.86671e-24,0,7.46577e+12,7.86775e+13,2.1403e+09,8.61454e+13,2.33616e+13,0
1.84125e+08,3277.04,1.68893e+06,6.82999e+29,6.72496e+25,5.09395e+12,5.90236,4.04826e+24,0.03468,1.5371e-08,1.47699e-24,0,7.17225e+12,7.6e+13,2.05179e+09,8.31743e+13,2.14595e+13,0
1.84625e+08,3198.59,1.67107e+06,6.83691e+29,6.72496e+25,5.10361e+12,6.02303,3.63465e+24,0.03468,1.43785e-08,1.1668e-24,0,6.88835e+12,7.33962e+13,1.96639e+09,8.02865e+13,1.96999e+13,0
1.85125e+08,3121.48,1.65328e+06,6.8437e+29,6.72496e+25,5.11323e+12,6.14697,3.26092e+24,0.03468,1.3444e-08,9.20281e-25,0,6.61382e+12,7.08645e+13,1.884e+09,7.74802e+13,1.8073e+13,0
1.85625e+08,3045.7,1.63557e+06,6.85036e+29,6.72496e+25,5.12281e+12,6.27431,2.92344e+24,0.03468,1.25643e-08,7.24669e-25,0,6.3484e+12,6.84033e+13,1.80454e+09,7.47535e+13,1.65696e+13,0
1.86125e+08,2971.25,1.61792e+06,6.8569e+29,6.72496e+25,5.13236e+12,6.40517,2.61891e+24,0.03468,1.17367e-08,5.69693e-25,0,6.09185e+12,6.60111e+13,1.72791e+09,7.21047e+13,1.51812e+13,0
1.86625e+08,2898.09,1.60035e+06,6.8633e+29,6.72496e+25,5.14186e+12,6.53966,2.3443e+24,0.03468,1.09583e-08,4.47108e-25,0,5.84393e+12,6.36864e+13,1.65404e+09,6.9532e+13,1.38998e+13,0
1.87125e+08,2826.22,1.58284e+06,6.86959e+29,6.72496e+25,5.15133e+12,6.67792,2.09684e+24,0.03468,1.02266e-08,3.50301e-25,0,5.60439e+12,6.14276e+13,1.58284e+09,6.70336e+13,1.27178e+13,0
1.87625e+08,2755.62,1.5654e+06,6.87575e+29,6.72496e+25,5.16075e+12,6.82008,1.87401e+24,0.03468,9.53892e-09,2.73977e-25,0,5.37302e+12,5.92334e+13,1.51424e+09,6.46079e+13,1.16282e+13,0
1.88125e+08,2686.29,1.54803e+06,6.88178e+29,6.72496e+25,5.17014e+12,6.9663,1.6735e+24,0.03468,8.893e-09,2.13903e-25,0,5.14958e+12,5.71022e+13,1.44814e+09,6.22532e+13,1.06244e+13,0
1.88625e+08,2618.19,1.53073e+06,6.8877e+29,6.72496e+25,5.17948e+12,7.11671,1.49322e+24,0.03468,8.28655e-09,1.667e-25,0,4.93386e+12,5.50327e+13,1.38448e+09,5.99679e+13,9.70028e+12,0
1.89125e+08,2551.32,1.5135e+06,6.8935e+29,6.72497e+25,5.18879e+12,7.27147,1.33124e+24,0.03468,7.7174e-09,1.29675e-25,0,4.72563e+12,5.30234e+13,1.32318e+09,5.77504e+13,8.85003e+12,0
1.89625e+08,2485.66,1.49634e+06,6.89917e+29,6.72497e+25,5.19805e+12,7.43075,1.18581e+24,0.03468,7.18349e-09,1.00685e-25,0,4.52469e+12,5.10731e+13,1.26418e+09,5.5599e+13,8.06827e+12,0
1.90125e+08,2421.21,1.47924e+06,6.90473e+29,6.72497e+25,5.20727e+12,7.59472,1.05535e+24,0.03468,6.68288e-09,7.80274e-26,0,4.33083e+12,4.91803e+13,1.20739e+09,5.35123e+13,7.34996e+12,0
1.90625e+08,2357.93,1.46221e+06,6.91018e+29,6.72497e+25,5.21645e+12,7.76355,9.38409e+23,0.03468,6.2137e-09,6.03511e-26,0,4.14385e+12,4.73438e+13,1.15274e+09,5.14888e+13,6.69041e+12,0
1.91125e+08,2295.83,1.44525e+06,6.91551e+29,6.72497e+25,5.22559e+12,7.93744,8.33671e+23,0.03468,5.77419e-09,4.65868e-26,0,3.96355e+12,4.55622e+13,1.10018e+09,4.95268e+13,6.08523e+12,0
1.91625e+08,2234.88,1.42836e+06,6.92072e+29,6.72497e+25,5.23469e+12,8.11657,7.3994e+23,0.03468,5.36268e-09,3.58893e-26,0,3.78975e+12,4.38342e+13,1.04964e+09,4.7625e+13,5.53034e+12,0
1.92125e+08,2175.08,1.41153e+06,6.92583e+29,6.72497e+25,5.24375e+12,8.30116,6.5613e+23,0.03468,4.97756e-09,2.75914e-26,0,3.62224e+12,4.21587e+13,1.00105e+09,4.57819e+13,5.02193e+12,0
1.92625e+08,2116.4,1.39477e+06,6.93082e+29,6.72497e+25,5.25277e+12,8.49142,5.81255e+23,0.03468,4.61733e-09,2.11676e-26,0,3.46085e+12,4.05344e+13,9.54348e+08,4.39962e+13,4.55645e+12,0
1.93125e+08,2058.84,1.37808e+06,6.9357e+29,6.72497e+25,5.26174e+12,8.68758,5.14421e+23,0.03468,4.28055e-09,1.62047e-26,0,3.3054e+12,3.896e+13,9.09476e+08,4.22663e+13,4.13058e+12,0
1.93625e+08,2002.38,1.36146e+06,6.94047e+29,6.72497e+25,5.27067e+12,8.88987,4.54818e+23,0.03468,3.96587e-09,1.23783e-26,0,3.15571e+12,3.74344e+13,8.66374e+08,4.0591e+13,3.74127e+12,0
1.94125e+08,1947.01,1.3449e+06,6.94514e+29,6.72497e+25,5.27956e+12,9.09855,4.01711e+23,0.03468,3.67197e-09,9.43446e-27,0,3.01161e+12,3.59565e+13,8.24984e+08,3.89689e+13,3.38565e+12,0
1.94625e+08,1892.71,1.3284e+06,6.9497e+29,6.72497e+25,5.2884e+12,9.31388,3.54437e+23,0.03468,3.39765e-09,7.17439e-27,0,2.87293e+12,3.4525e+13,7.85252e+08,3.73988e+13,3.06105e+12,0
1.95125e+08,1839.47,1.31197e+06,6.95415e+29,6.72497e+25,5.2972e+12,9.53614,3.12395e+23,0.03468,3.14174e-09,5.44309e-27,0,2.73951e+12,3.31389e+13,7.47121e+08,3.58792e+13,2.76503e+12,0
1.95625e+08,1787.28,1.29561e+06,6.95851e+29,6.72497e+25,5.30596e+12,9.76561,2.75041e+23,0.03468,2.90313e-09,4.11981e-27,0,2.61119e+12,3.17971e+13,7.1054e+08,3.4409e+13,2.49528e+12,0
1.96125e+08,1736.12,1.27931e+06,6.96275e+29,6.72497e+25,5.31467e+12,10.0026,2.41886e+23,0.03468,2.68079e-09,3.11071e-27,0,2.48782e+12,3.04984e+13,6.75456e+08,3.29869e+13,2.24968e+12,0
1.96625e+08,1685.99,1.26308e+06,6.9669e+29,6.72497e+25,5.32334e+12,10.2474,2.12488e+23,0.03468,2.47373e-09,2.34297e-27,0,2.36923e+12,2.92419e+13,6.4182e+08,3.16118e+13,2.02626e+12,0
1.97125e+08,1636.86,1.24691e+06,6.97095e+29,6.72497e+25,5.33197e+12,10.5005,1.86447e+23,0.03468,2.28102e-09,1.76027e-27,0,2.25529e+12,2.80264e+13,6.09583e+08,3.02823e+13,1.8232e+12,0
1.97625e+08,1588.73,1.23081e+06,6.9749e+29,6.72497e+25,5.34055e+12,10.762,1.63405e+23,0.03468,2.10177e-09,1.31908e-27,0,2.14585e+12,2.68509e+13,5.78696e+08,2.89974e+13,1.63881e+12,0
1.98125e+08,1541.58,1.21477e+06,6.97875e+29,6.72497e+25,5.34908e+12,11.0325,1.43037e+23,0.03468,1.93514e-09,9.85864e-28,0,2.04076e+12,2.57145e+13,5.49114e+08,2.77558e+13,1.47152e+12,0
1.98625e+08,1495.4,1.19879e+06,6.98251e+29,6.72497e+25,5.35757e+12,11.3124,1.25054e+23,0.03468,1.78035e-09,7.34838e-28,0,1.9399e+12,2.46162e+13,5.20792e+08,2.65566e+13,1.3199e+12,0
1.99125e+08,1450.17,1.18288e+06,6.98617e+29,6.72497e+25,5.36602e+12,11.6019,1.09194e+23,0.03468,1.63665e-09,5.46221e-28,0,1.84311e+12,2.35549e+13,4.93686e+08,2.53985e+13,1.1826e+12,0
1.99625e+08,1405.9,1.16703e+06,6.98974e+29,6.72497e+25,5.37442e+12,11.9017,9.52229e+22,0.03468,1.50334e-09,4.04873e-28,0,1.75028e+12,2.25297e+13,4.67753e+08,2.42805e+13,1.0584e+12,0
2.00125e+08,1362.55,1.15124e+06,6.99322e+29,6.72497e+25,5.38277e+12,12.2121,8.29294e+22,0.03468,1.37974e-09,2.99237e-28,0,1.66128e+12,2.15398e+13,4.42953e+08,2.32015e+13,9.46162e+11,0
2.00625e+08,1320.13,1.13552e+06,6.9966e+29,6.72497e+25,5.39108e+12,12.5337,7.21255e+22,0.03468,1.26524e-09,2.2051e-28,0,1.57597e+12,2.05841e+13,4.19245e+08,2.21605e+13,8.44832e+11,0
2.01125e+08,1278.62,1.11986e+06,6.9999e+29,6.72497e+25,5.39933e+12,12.8669,6.26422e+22,0.03468,1.15923e-09,1.62004e-28,0,1.49424e+12,1.96619e+13,3.9659e+08,2.11565e+13,7.53449e+11,0
2.01625e+08,1238,1.10426e+06,7.00311e+29,6.72497e+25,5.40755e+12,13.2124,5.43288e+22,0.03468,1.06116e-09,1.18652e-28,0,1.41597e+12,1.87721e+13,3.74951e+08,2.01885e+13,6.71125e+11,0
2.02125e+08,1198.27,1.08872e+06,7.00623e+29,6.72497e+25,5.41571e+12,13.5708,4.70502e+22,0.03468,9.70509e-10,8.66256e-29,0,1.34105e+12,1.7914e+13,3.5429e+08,1.92554e+13,5.97044e+11,0
2.02625e+08,1159.41,1.07325e+06,7.00926e+29,6.72497e+25,5.42383e+12,13.9426,4.06862e+22,0.03468,8.86775e-10,6.30381e-29,0,1.26935e+12,1.70867e+13,3.34572e+08,1.83564e+13,5.30456e+11,0
2.03125e+08,1121.42,1.05783e+06,7.01222e+29,6.72497e+25,5.43189e+12,14.3286,3.51292e+22,0.03468,8.09492e-10,4.57205e-29,0,1.20078e+12,1.62894e+13,3.15761e+08,1.74905e+13,4.70672e+11,0
2.03625e+08,1084.27,1.04248e+06,7.01508e+29,6.72497e+25,5.43991e+12,14.7294,3.02838e+22,0.03468,7.38221e-10,3.3047e-29,0,1.13523e+12,1.55213e+13,2.97826e+08,1.66568e+13,4.1706e+11,0
2.04125e+08,1047.97,1.02719e+06,7.01787e+29,6.72497e+25,5.44788e+12,15.1458,2.60649e+22,0.03468,6.72549e-10,2.38028e-29,0,1.07258e+12,1.47815e+13,2.80731e+08,1.58543e+13,3.69041e+11,0
2.04625e+08,1012.49,1.01196e+06,7.02057e+29,6.72497e+25,5.4558e+12,15.5787,2.23967e+22,0.03468,6.12088e-10,1.70828e-29,0,1.01275e+12,1.40693e+13,2.64447e+08,1.50823e+13,3.26086e+11,0
2.05125e+08,977.823,996786,7.0232e+29,6.72497e+25,5.46367e+12,16.0288,1.92123e+22,0.03468,5.56473e-10,1.22147e-29,0,9.5562e+11,1.33839e+13,2.48942e+08,1.43398e+13,2.87709e+11,0
2.05625e+08,943.965,981675,7.02575e+29,6.72497e+25,5.4715e+12,16.4971,1.6452e+22,0.03468,5.05363e-10,8.70076e-30,0,9.0111e+11,1.27246e+13,2.34186e+08,1.36259e+13,2.53467e+11,0
2.06125e+08,910.901,966624,7.02822e+29,6.72497e+25,5.47927e+12,16.9846,1.40632e+22,0.03468,4.58435e-10,6.17359e-30,0,8.49122e+11,1.20906e+13,2.20151e+08,1.294e+13,2.22957e+11,0
2.06625e+08,878.62,951632,7.03062e+29,6.72497e+25,5.48699e+12,17.4922,1.19992e+22,0.03468,4.15387e-10,4.36291e-30,0,7.99564e+11,1.14813e+13,2.06808e+08,1.22811e+13,1.95808e+11,0
2.07125e+08,847.111,936699,7.03294e+29,6.72497e+25,5.49466e+12,18.0212,1.02189e+22,0.03468,3.75939e-10,3.07062e-30,0,7.52348e+11,1.08959e+13,1.94129e+08,1.16484e+13,1.71686e+11,0
2.07625e+08,816.364,921825,7.03519e+29,6.72497e+25,5.50227e+12,18.5727,8.68581e+21,0.03468,3.39824e-10,2.15196e-30,0,7.07389e+11,1.03336e+13,1.8209e+08,1.10412e+13,1.50283e+11,0
2.08125e+08,786.368,907010,7.03736e+29,6.72497e+25,5.50984e+12,19.1479,7.36804e+21,0.03468,3.06796e-10,1.50158e-30,0,6.64602e+11,9.79396e+12,1.70663e+08,1.04587e+13,1.31321e+11,0
2.08625e+08,757.112,892253,7.03947e+29,6.72497e+25,5.51735e+12,19.7483,6.23738e+21,0.03468,2.76623e-10,1.04307e-30,0,6.23905e+11,9.27617e+12,1.59824e+08,9.90024e+12,1.14549e+11,0
2.09125e+08,728.586,877554,7.04151e+29,6.72497e+25,5.52481e+12,20.3753,5.26908e+21,0.03468,2.49088e-10,7.21224e-31,0,5.85221e+11,8.77961e+12,1.4955e+08,9.36498e+12,9.9737e+10,0
2.09625e+08,700.78,862912,7.04348e+29,6.72497e+25,5.53221e+12,21.0305,4.44142e+21,0.03468,2.23988e-10,4.96318e-31,0,5.48472e+11,8.30365e+12,1.39816e+08,8.85226e+12,8.66769e+10,0
2.10125e+08,673.683,848328,7.04538e+29,6.72497e+25,5.53957e+12,21.7155,3.73537e+21,0.03468,2.01135e-10,3.39875e-31,0,5.13583e+11,7.84766e+12,1.30601e+08,8.36137e+12,7.51813e+10,0
2.10625e+08,647.285,833801,7.04722e+29,6.72497e+25,5.54686e+12,22.4323,3.13431e+21,0.03468,1.80352e-10,2.3157e-31,0,4.80482e+11,7.41103e+12,1.21882e+08,7.89164e+12,6.50801e+10,0
2.11125e+08,621.576,819331,7.04899e+29,6.72497e+25,5.55411e+12,23.1827,2.62369e+21,0.03468,1.61476e-10,1.56956e-31,0,4.49099e+11,6.99317e+12,1.13639e+08,7.44238e+12,5.62202e+10,0
2.11625e+08,596.546,804917,7.05071e+29,6.72497e+25,5.56129e+12,23.9688,2.19086e+21,0.03468,1.44353e-10,1.05812e-31,0,4.19364e+11,6.59349e+12,1.05851e+08,7.01296e+12,4.84634e+10,0
2.12125e+08,572.185,790560,7.05236e+29,6.72497e+25,5.56843e+12,24.793,1.82478e+21,0.03468,1.2884e-10,7.09381e-32,0,3.91212e+11,6.21143e+12,9.84985e+07,6.60274e+12,4.16853e+10,0
2.12625e+08,548.483,776258,7.05394e+29,6.72497e+25,5.5755e+12,25.6577,1.51589e+21,0.03468,1.14806e-10,4.72855e-32,0,3.64578e+11,5.84642e+12,9.1562e+07,6.21109e+12,3.57739e+10,0
2.13125e+08,525.431,762012,7.05547e+29,6.72497e+25,5.58252e+12,26.5656,1.25587e+21,0.03468,1.02127e-10,3.13328e-32,0,3.39399e+11,5.49791e+12,8.50233e+07,5.8374e+12,3.06291e+10,0
2.13625e+08,503.018,747821,7.05695e+29,6.72497e+25,5.58948e+12,27.5196,1.03754e+21,0.03468,9.06883e-11,2.06349e-32,0,3.15615e+11,5.16538e+12,7.88645e+07,5.48107e+12,2.61607e+10,0
2.14125e+08,481.236,733686,7.05836e+29,6.72497e+25,5.59638e+12,28.5227,8.54671e+20,0.03468,8.03848e-11,1.35035e-32,0,2.93167e+11,4.84829e+12,7.30685e+07,5.14153e+12,2.22883e+10,0
2.14625e+08,460.074,719604,7.05972e+29,6.72497e+25,5.60323e+12,29.5786,7.01921e+20,0.03468,7.11179e-11,8.77881e-33,0,2.71997e+11,4.54613e+12,6.76185e+07,4.8182e+12,1.89399e+10,0
2.15125e+08,439.524,705578,7.06103e+29,6.72497e+25,5.61001e+12,30.6907,5.74678e+20,0.03468,6.27968e-11,5.66845e-33,0,2.52052e+11,4.25841e+12,6.24985e+07,4.51053e+12,1.60514e+10,0
2.15625e+08,419.576,691605,7.06228e+29,6.72497e+25,5.61674e+12,31.8633,4.68983e+20,0.03468,5.53374e-11,3.63434e-33,0,2.33276e+11,3.98464e+12,5.76929e+07,4.21797e+12,1.35656e+10,0
2.16125e+08,400.22,677686,7.06348e+29,6.72497e+25,5.62341e+12,33.1006,3.81448e+20,0.03468,4.86618e-11,2.31315e-33,0,2.15617e+11,3.72433e+12,5.31868e+07,3.94e+12,1.14317e+10,0
2.16625e+08,381.449,663820,7.06463e+29,6.72497e+25,5.63001e+12,34.4076,3.09173e+20,0.03468,4.26986e-11,1.4611e-33,0,1.99027e+11,3.47702e+12,4.89657e+07,3.67609e+12,9.60457e+09,0
2.17125e+08,363.251,650008,7.06573e+29,6.72497e+25,5.63655e+12,35.7896,2.49689e+20,0.03468,3.73815e-11,9.15638e-34,0,1.83455e+11,3.24225e+12,4.50157e+07,3.42575e+12,8.04442e+09,0
2.17625e+08,345.619,636248,7.06679e+29,6.72497e+25,5.64303e+12,37.2523,2.00893e+20,0.03468,3.26497e-11,5.69117e-34,0,1.68855e+11,3.01957e+12,4.13233e+07,3.18847e+12,6.71593e+09,0
2.18125e+08,328.544,622540,7.06779e+29,6.72497e+25,5.64945e+12,38.8021,1.61003e+20,0.03468,2.84472e-11,3.50727e-34,0,1.55182e+11,2.80855e+12,3.78757e+07,2.96377e+12,5.58799e+09,0
2.18625e+08,312.016,608885,7.06875e+29,6.72497e+25,5.6558e+12,40.446,1.2851e+20,0.03468,2.47227e-11,2.14227e-34,0,1.4239e+11,2.60875e+12,3.46603e+07,2.75118e+12,4.63322e+09,0
2.19125e+08,296.027,595282,7.06967e+29,6.72497e+25,5.66209e+12,42.1919,1.02141e+20,0.03468,2.14288e-11,1.29645e-34,0,1.30438e+11,2.41978e+12,3.16651e+07,2.55025e+12,3.82759e+09,0
2.19625e+08,280.569,581730,7.07054e+29,6.72497e+25,5.66832e+12,44.0482,8.08245e+19,0.03468,1.85226e-11,7.7703e-35,0,1.19284e+11,2.2412e+12,2.88786e+07,2.36052e+12,3.15003e+09,0
2.20125e+08,265.631,568229,7.07137e+29,6.72497e+25,5.67448e+12,46.0244,6.36624e+19,0.03468,1.59643e-11,4.61043e-35,0,1.08889e+11,2.07264e+12,2.62897e+07,2.18155e+12,2.58213e+09,0
2.20625e+08,251.206,554780,7.07216e+29,6.72497e+25,5.68057e+12,48.1311,4.99033e+19,0.03468,1.37179e-11,2.70688e-35,0,9.92133e+10,1.91369e+12,2.38876e+07,2.01293e+12,2.10785e+09,0
2.21125e+08,237.286,541380,7.07291e+29,6.72497e+25,5.68659e+12,50.38,3.89213e+19,0.03468,1.17505e-11,1.57185e-35,0,9.02206e+10,1.76399e+12,2.16621e+07,1.85423e+12,1.71324e+09,0
2.21625e+08,223.862,528031,7.07362e+29,6.72497e+25,5.69255e+12,52.7841,3.01964e+19,0.03468,1.00321e-11,9.02286e-36,0,8.18749e+10,1.62315e+12,1.96033e+07,1.70505e+12,1.38619e+09,0
2.22125e+08,210.924,514732,7.0743e+29,6.72497e+25,5.69843e+12,55.3581,2.32982e+19,0.03468,8.53546e-12,5.11717e-36,0,7.41418e+10,1.49083e+12,1.77017e+07,1.56499e+12,1.11625e+09,0
2.22625e+08,198.466,501482,7.07493e+29,6.72497e+25,5.70425e+12,58.1183,1.78719e+19,0.03468,7.23576e-12,2.86556e-36,0,6.69878e+10,1.36667e+12,1.59482e+07,1.43367e+12,8.94396e+08,0
2.23125e+08,186.479,488281,7.07553e+29,6.72497e+25,5.70999e+12,61.083,1.36263e+19,0.03468,6.11063e-12,1.58346e-36,0,6.0381e+10,1.25032e+12,1.43341e+07,1.31071e+12,7.12891e+08,0
2.23625e+08,174.954,475130,7.0761e+29,6.72497e+25,5.71566e+12,64.2731,1.03229e+19,0.03468,5.13982e-12,8.62832e-37,0,5.42905e+10,1.14145e+12,1.28511e+07,1.19575e+12,5.65097e+08,0
2.24125e+08,163.883,462026,7.07664e+29,6.72497e+25,5.72126e+12,67.712,7.76781e+18,0.03468,4.30504e-12,4.63281e-37,0,4.86864e+10,1.03973e+12,1.1491e+07,1.08843e+12,4.45351e+08,0
2.24625e+08,153.258,448971,7.07714e+29,6.72497e+25,5.72679e+12,71.4262,5.80376e+18,0.03468,3.58983e-12,2.44915e-37,0,4.35403e+10,9.44851e+11,1.02462e+07,9.88401e+11,3.4884e+08,0
2.25125e+08,143.072,435964,7.07761e+29,6.72497e+25,5.73223e+12,75.446,4.30391e+18,0.03468,2.97942e-12,1.27369e-37,0,3.88246e+10,8.56495e+11,9.10947e+06,8.95329e+11,2.71484e+08,0
2.25625e+08,133.315,423004,7.07805e+29,6.72497e+25,5.73761e+12,79.8058,3.16644e+18,0.03468,2.46056e-12,6.50996e-38,0,3.4513e+10,7.74362e+11,8.07363e+06,8.08883e+11,2.09844e+08,0
2.26125e+08,123.98,410091,7.07846e+29,6.72497e+25,5.7429e+12,84.5453,2.31011e+18,0.03468,2.02139e-12,3.26677e-38,0,3.058e+10,6.98157e+11,7.13203e+06,7.28744e+11,1.61031e+08,0
2.26625e+08,115.059,397225,7.07885e+29,6.72497e+25,5.74812e+12,89.71,1.67041e+18,0.03468,1.65137e-12,1.60768e-38,0,2.70014e+10,6.27594e+11,6.27825e+06,6.54602e+11,1.22629e+08,0
2.27125e+08,106.544,384406,7.07921e+29,6.72497e+25,5.75325e+12,95.3525,1.19648e+18,0.03468,1.34111e-12,7.74978e-39,0,2.37539e+10,5.62394e+11,5.50617e+06,5.86153e+11,9.26268e+07,0
2.27625e+08,98.4274,371632,7.07954e+29,6.72497e+25,5.7583e+12,101.534,8.48413e+17,0.03468,1.08229e-12,3.65435e-39,0,2.08151e+10,5.02284e+11,4.80998e+06,5.23104e+11,6.93604e+07,0
2.28125e+08,90.7007,358904,7.07985e+29,6.72497e+25,5.76327e+12,108.325,5.9517e+17,0.03468,8.67562e-13,1.68315e-39,0,1.81636e+10,4.47002e+11,4.18412e+06,4.6517e+11,5.14598e+07,0
2.28625e+08,83.3563,346221,7.08014e+29,6.72497e+25,5.76816e+12,115.81,4.12747e+17,0.03468,6.90446e-13,7.55998e-40,0,1.57791e+10,3.9629e+11,3.62331e+06,4.12073e+11,3.78031e+07,0
2.29125e+08,76.3864,333583,7.0804e+29,6.72497e+25,5.77296e+12,124.086,2.82734e+17,0.03468,5.45268e-13,3.30542e-40,0,1.3642e+10,3.49898e+11,3.12254e+06,3.63543e+11,2.74778e+07,0
2.29625e+08,69.7831,320990,7.08064e+29,6.72497e+25,5.77767e+12,133.269,1.9113e+17,0.03468,4.27064e-13,1.40402e-40,0,1.17337e+10,3.07583e+11,2.67705e+06,3.1932e+11,1.97466e+07,0
2.30125e+08,63.5386,308441,7.08086e+29,6.72497e+25,5.78229e+12,143.5,1.27378e+17,0.03468,3.31513e-13,5.7809e-41,0,1.00365e+10,2.6911e+11,2.28232e+06,2.79149e+11,1.40177e+07,0
2.30625e+08,57.6451,295935,7.08106e+29,6.72497e+25,5.78681e+12,154.943,8.35948e+16,0.03468,2.54873e-13,2.30151e-41,0,8.5334e+09,2.3425e+11,1.93409e+06,2.42785e+11,9.81997e+06,0
2.31125e+08,52.0947,283473,7.08125e+29,6.72497e+25,5.79125e+12,167.8,5.39546e+16,0.03468,1.93916e-13,8.83505e-42,0,7.20843e+09,2.0278e+11,1.6283e+06,2.0999e+11,6.7813e+06,0
2.31625e+08,46.8796,271053,7.08142e+29,6.72497e+25,5.79559e+12,182.315,3.4199e+16,0.03468,1.45874e-13,3.25995e-42,0,6.04632e+09,1.74485e+11,1.36116e+06,1.80533e+11,4.61045e+06,0
2.32125e+08,41.9919,258676,7.08157e+29,6.72497e+25,5.79983e+12,198.79,2.1253e+16,0.03468,1.08385e-13,1.15202e-42,0,5.03262e+09,1.49157e+11,1.12906e+06,1.5419e+11,3.08168e+06,0
2.32625e+08,37.4238,246341,7.0817e+29,6.72497e+25,5.80397e+12,217.596,1.29252e+16,0.03468,7.94459e-14,3.88305e-43,0,4.15367e+09,1.26592e+11,928620,1.30746e+11,2.02182e+06,0
2.33125e+08,33.1673,234048,7.08182e+29,6.72497e+25,5.80801e+12,239.199,7.67579e+15,0.03468,5.73724e-14,1.24252e-43,0,3.39653e+09,1.06595e+11,756671,1.09992e+11,1.29958e+06,0
2.33625e+08,29.2145,221795,7.08193e+29,6.72497e+25,5.81194e+12,264.188,4.44015e+15,0.03468,4.07552e-14,3.75392e-44,0,2.74905e+09,8.89757e+10,610237,9.17254e+10,816642,0
2.34125e+08,25.5574,209583,7.08202e+29,6.72497e+25,5.81576e+12,293.318,2.49458e+15,0.03468,2.84262e-14,1.06403e-44,0,2.19978e+09,7.35518e+10,486538,7.57521e+10,500428,0
2.34625e+08,22.1878,197411,7.08211e+29,6.72497e+25,5.81947e+12,327.568,1.35656e+15,0.03468,1.94258e-14,2.80844e-45,0,1.73796e+09,6.01459e+10,382983,6.18843e+10,298162,0
2.35125e+08,19.0975,185279,7.08218e+29,6.72497e+25,5.82306e+12,368.226,7.11148e+14,0.03468,1.29736e-14,6.84182e-46,0,1.35356e+09,4.85874e+10,297165,4.99412e+10,172125,0
2.35625e+08,16.2782,173186,7.08224e+29,6.72497e+25,5.82654e+12,417.019,3.57645e+14,0.03468,8.44182e-15,1.52216e-46,0,1.0372e+09,3.87116e+10,226852,3.97491e+10,95873.3,0
2.36125e+08,13.7216,161131,7.08229e+29,6.72497e+25,5.82989e+12,476.298,1.71536e+14,0.03468,5.33215e-15,3.05304e-47,0,7.8018e+08,3.03603e+10,169985,3.11407e+10,51263,0
2.36625e+08,11.419,149115,7.08234e+29,6.72497e+25,5.83312e+12,549.347,7.78979e+13,0.03468,3.25451e-15,5.434e-48,0,5.74427e+08,2.33814e+10,124672,2.3956e+10,26148.6,0
2.37125e+08,9.36171,137135,7.08237e+29,6.72497e+25,5.83621e+12,640.85,3.31925e+13,0.03468,1.90864e-15,8.41478e-49,0,4.12519e+08,1.76288e+10,89183.1,1.80415e+10,12625.4,0
2.37625e+08,7.54061,125192,7.0824e+29,6.72497e+25,5.83916e+12,757.696,1.31195e+13,0.03468,1.06779e-15,1.10562e-49,0,2.87649e+08,1.29629e+10,61943.2,1.32506e+10,5713.31,0
2.38125e+08,5.94647,113284,7.08243e+29,6.72497e+25,5.84196e+12,910.356,4.73907e+12,0.03468,5.64568e-16,1.19314e-50,0,1.9362e+08,9.25018e+09,41530.9,9.44384e+09,2392.2,0
2.38625e+08,4.56967,101412,7.08245e+29,6.72497e+25,5.84462e+12,1115.4,1.53384e+12,0.03468,2.78625e-16,1.01277e-51,0,1.24832e+08,6.36349e+09,26671.6,6.48835e+09,911.061,0
2.39125e+08,3.40018,89573.7,7.08246e+29,6.72497e+25,5.84711e+12,1400.38,4.32918e+11,0.03468,1.26183e-16,6.37287e-53,0,7.62703e+07,4.18219e+09,16233.5,4.25847e+09,308.293,0
2.39625e+08,2.42745,77768.3,7.08247e+29,6.72497e+25,5.84943e+12,1813.93,1.02525e+11,0.03468,5.11844e-17,2.73254e-54,0,4.34946e+07,2.59223e+09,9223.62,2.63573e+09,89.6526,0
2.40125e+08,1.64026,65994.8,7.08248e+29,6.72497e+25,5.85157e+12,2448.97,1.92341e+10,0.03468,1.79361e-17,7.0403e-56,0,2.26312e+07,1.48643e+09,4783.3,1.50906e+09,21.317,0
2.40625e+08,1.02655,54251.5,7.08248e+29,6.72497e+25,5.8535e+12,3502.27,2.60871e+09,0.03468,5.12629e-18,8.92516e-58,0,1.0363e+07,7.64737e+08,2184.43,7.75102e+08,3.82891,0
2.41125e+08,0.573048,42536.8,7.08248e+29,6.72497e+25,5.85522e+12,5456.1,2.18278e+08,0.03468,1.0815e-18,3.93598e-60,0,3.92196e+06,3.34716e+08,825.562,3.38639e+08,0.452806,0
2.41625e+08,0.264791,30848.2,7.08249e+29,6.72497e+25,5.85669e+12,9784.82,8.23291e+06,0.03468,1.38229e-19,3.04106e-63,0,1.08316e+06,1.12164e+08,228.355,1.13248e+08,0.0268533,0
2.42125e+08,0.0950871,19177,7.08249e+29,6.72497e+25,5.85775e+12,25222,68409.4,0.03468,7.41344e-21,8.50932e-68,0,196511,2.50393e+07,34.1045,2.52359e+07,0.000519316,0
2.42482e+08,0.0312113,10859.6,7.08249e+29,6.72497e+25,5.85794e+12,84624.4,234.7,0.03468,2.50233e-22,0,0,30693,4.65422e+06,3.50709,4.68492e+06,5.77068e-06,0
2.42677e+08,0.0104466,6327.22,7.08249e+29,6.72497e+25,5.85794e+12,260532,1.05059,0.03468,9.65164e-24,0,0,4952.3,907625,0.40415,912578,7.46176e-08,0
