X = 0.734
Y = 0.25
Z = 0.016
mu = 0.601142
Radius,Density,Temp,Mass,Lum,OptD,Kff,KH,Kes,PP,CNO,3a,Deg,Gas,Rad,TotPres, dLdr, dPdT
0,0,0,0,0,0,-nan,0,0.03468,0,0,0,0,0,0,0,0,0
0.01,200150,3.16228e+07,838386,1.58222e+09,6941.2,0.00369636,8.94763e+36,0.03468,0.11538,1887.11,2.40986e-31,6.79377e+15,8.69113e+16,2.52168e+14,9.39572e+16,474666,2.91182e+09
10709.2,200150,3.16228e+07,1.0297e+18,1.94327e+21,7.43413e+07,0.00369636,8.94763e+36,0.03468,0.11538,1887.11,2.40986e-31,6.79377e+15,8.69113e+16,2.52168e+14,9.39572e+16,5.44376e+17,2.91182e+09
21268.9,200150,3.16228e+07,8.06642e+18,1.52231e+22,1.47639e+08,0.00369636,8.94762e+36,0.03468,0.11538,1887.11,2.40986e-31,6.79377e+15,8.69113e+16,2.52168e+14,9.39572e+16,2.14723e+18,2.91182e+09
32102.6,200150,3.16228e+07,2.77372e+19,5.23463e+22,2.22837e+08,0.00369636,8.94762e+36,0.03468,0.11538,1887.1,2.40986e-31,6.79377e+15,8.69113e+16,2.52168e+14,9.39572e+16,4.89178e+18,2.91182e+09
42241.2,200150,3.16228e+07,6.31904e+19,1.19254e+23,2.93211e+08,0.00369636,8.94762e+36,0.03468,0.11538,1887.1,2.40986e-31,6.79377e+15,8.69113e+16,2.52168e+14,9.39572e+16,8.46953e+18,2.91182e+09
55581.7,200150,3.16228e+07,1.43959e+20,2.71683e+23,3.85811e+08,0.00369637,8.94762e+36,0.03468,0.11538,1887.1,2.40985e-31,6.79377e+15,8.69113e+16,2.52168e+14,9.39572e+16,1.4664e+19,2.91182e+09
73135.4,200150,3.16228e+07,3.27965e+20,6.18942e+23,5.07655e+08,0.00369637,8.94761e+36,0.03468,0.11538,1887.1,2.40985e-31,6.79377e+15,8.69112e+16,2.52168e+14,9.39572e+16,2.53888e+19,2.91182e+09
83893,200150,3.16228e+07,4.95019e+20,9.34208e+23,5.82325e+08,0.00369637,8.94761e+36,0.03468,0.11538,1887.1,2.40984e-31,6.79377e+15,8.69112e+16,2.52168e+14,9.39572e+16,3.34071e+19,2.91182e+09
96233,200150,3.16228e+07,7.47164e+20,1.41006e+24,6.67979e+08,0.00369637,8.94761e+36,0.03468,0.11538,1887.1,2.40983e-31,6.79377e+15,8.69112e+16,2.52168e+14,9.39571e+16,4.39576e+19,2.91182e+09
110388,200150,3.16228e+07,1.12774e+21,2.12829e+24,7.66232e+08,0.00369637,8.9476e+36,0.03468,0.11538,1887.09,2.40983e-31,6.79376e+15,8.69112e+16,2.52168e+14,9.39571e+16,5.78401e+19,2.91182e+09
126625,200150,3.16228e+07,1.70217e+21,3.21236e+24,8.78938e+08,0.00369637,8.94759e+36,0.03468,0.11538,1887.09,2.40982e-31,6.79376e+15,8.69112e+16,2.52168e+14,9.39571e+16,7.61069e+19,2.91182e+09
145251,200150,3.16228e+07,2.5692e+21,4.84862e+24,1.00822e+09,0.00369637,8.94758e+36,0.03468,0.11538,1887.08,2.4098e-31,6.79376e+15,8.69111e+16,2.52168e+14,9.39571e+16,1.00143e+20,2.91181e+09
166616,200150,3.16228e+07,3.87786e+21,7.31832e+24,1.15652e+09,0.00369637,8.94757e+36,0.03468,0.11538,1887.08,2.40978e-31,6.79375e+15,8.69111e+16,2.52167e+14,9.3957e+16,1.31769e+20,2.91181e+09
191124,200150,3.16227e+07,5.8531e+21,1.1046e+25,1.32663e+09,0.00369637,8.94755e+36,0.03468,0.11538,1887.07,2.40976e-31,6.79375e+15,8.6911e+16,2.52167e+14,9.39569e+16,1.73383e+20,2.91181e+09
219236,200149,3.16227e+07,8.83447e+21,1.66723e+25,1.52177e+09,0.00369637,8.94752e+36,0.03468,0.115379,1887.06,2.40973e-31,6.79374e+15,8.69109e+16,2.52167e+14,9.39569e+16,2.2814e+20,2.91181e+09
251484,200149,3.16227e+07,1.33344e+22,2.51645e+25,1.74561e+09,0.00369637,8.94749e+36,0.03468,0.115379,1887.04,2.40968e-31,6.79373e+15,8.69108e+16,2.52167e+14,9.39567e+16,3.00188e+20,2.9118e+09
288475,200149,3.16227e+07,2.01265e+22,3.79821e+25,2.00237e+09,0.00369638,8.94745e+36,0.03468,0.115379,1887.02,2.40963e-31,6.79372e+15,8.69107e+16,2.52166e+14,9.39566e+16,3.94988e+20,2.9118e+09
330907,200149,3.16227e+07,3.03782e+22,5.73284e+25,2.2969e+09,0.00369638,8.94739e+36,0.03468,0.115378,1887,2.40955e-31,6.7937e+15,8.69105e+16,2.52165e+14,9.39564e+16,5.19725e+20,2.91179e+09
379581,200148,3.16227e+07,4.58517e+22,8.65284e+25,2.63475e+09,0.00369639,8.94731e+36,0.03468,0.115378,1886.96,2.40946e-31,6.79368e+15,8.69103e+16,2.52165e+14,9.39561e+16,6.8385e+20,2.91179e+09
429581,200148,3.16226e+07,6.64626e+22,1.25422e+26,2.98181e+09,0.0036964,8.94723e+36,0.03468,0.115377,1886.92,2.40935e-31,6.79366e+15,8.691e+16,2.52164e+14,9.39558e+16,8.75854e+20,2.91178e+09
479581,200147,3.16226e+07,9.24756e+22,1.74509e+26,3.32886e+09,0.0036964,8.94713e+36,0.03468,0.115376,1886.88,2.40922e-31,6.79363e+15,8.69097e+16,2.52163e+14,9.39555e+16,1.09158e+21,2.91177e+09
529581,200147,3.16226e+07,1.2452e+23,2.34975e+26,3.67592e+09,0.00369641,8.94702e+36,0.03468,0.115375,1886.83,2.40908e-31,6.7936e+15,8.69094e+16,2.52161e+14,9.39551e+16,1.33101e+21,2.91176e+09
579581,200146,3.16225e+07,1.63223e+23,3.08005e+26,4.02297e+09,0.00369642,8.9469e+36,0.03468,0.115374,1886.77,2.40892e-31,6.79356e+15,8.6909e+16,2.5216e+14,9.39547e+16,1.59416e+21,2.91174e+09
629581,200146,3.16225e+07,2.09215e+23,3.94786e+26,4.37002e+09,0.00369643,8.94677e+36,0.03468,0.115373,1886.71,2.40875e-31,6.79352e+15,8.69086e+16,2.52159e+14,9.39542e+16,1.88101e+21,2.91173e+09
679581,200145,3.16224e+07,2.63125e+23,4.96501e+26,4.71708e+09,0.00369644,8.94662e+36,0.03468,0.115372,1886.64,2.40857e-31,6.79348e+15,8.69081e+16,2.52157e+14,9.39537e+16,2.19156e+21,2.91172e+09
729581,200144,3.16224e+07,3.2558e+23,6.14337e+26,5.06413e+09,0.00369645,8.94647e+36,0.03468,0.115371,1886.57,2.40837e-31,6.79344e+15,8.69076e+16,2.52155e+14,9.39532e+16,2.52581e+21,2.9117e+09
779581,200143,3.16223e+07,3.97209e+23,7.49477e+26,5.41118e+09,0.00369647,8.94631e+36,0.03468,0.11537,1886.5,2.40816e-31,6.79339e+15,8.69071e+16,2.52154e+14,9.39526e+16,2.88374e+21,2.91168e+09
829581,200142,3.16223e+07,4.78642e+23,9.03106e+26,5.75822e+09,0.00369648,8.94613e+36,0.03468,0.115368,1886.42,2.40794e-31,6.79334e+15,8.69066e+16,2.52152e+14,9.3952e+16,3.26536e+21,2.91166e+09
879581,200141,3.16222e+07,5.70507e+23,1.07641e+27,6.10527e+09,0.00369649,8.94595e+36,0.03468,0.115367,1886.33,2.4077e-31,6.79329e+15,8.6906e+16,2.5215e+14,9.39514e+16,3.67065e+21,2.91164e+09
929581,200140,3.16221e+07,6.73432e+23,1.27057e+27,6.45231e+09,0.00369651,8.94575e+36,0.03468,0.115365,1886.24,2.40745e-31,6.79323e+15,8.69053e+16,2.52147e+14,9.39507e+16,4.09962e+21,2.91162e+09
979581,200139,3.16221e+07,7.88046e+23,1.48676e+27,6.79936e+09,0.00369652,8.94555e+36,0.03468,0.115364,1886.15,2.40718e-31,6.79317e+15,8.69047e+16,2.52145e+14,9.395e+16,4.55224e+21,2.9116e+09
1.02958e+06,200138,3.1622e+07,9.14978e+23,1.72618e+27,7.1464e+09,0.00369654,8.94533e+36,0.03468,0.115362,1886.05,2.4069e-31,6.79311e+15,8.6904e+16,2.52143e+14,9.39493e+16,5.02852e+21,2.91158e+09
1.07958e+06,200137,3.16219e+07,1.05486e+24,1.99001e+27,7.49344e+09,0.00369656,8.9451e+36,0.03468,0.11536,1885.94,2.40661e-31,6.79304e+15,8.69033e+16,2.5214e+14,9.39485e+16,5.52844e+21,2.91156e+09
1.12958e+06,200136,3.16218e+07,1.20831e+24,2.27942e+27,7.84047e+09,0.00369658,8.94486e+36,0.03468,0.115358,1885.83,2.4063e-31,6.79298e+15,8.69025e+16,2.52137e+14,9.39476e+16,6.052e+21,2.91153e+09
1.17958e+06,200135,3.16217e+07,1.37597e+24,2.5956e+27,8.18751e+09,0.0036966,8.94461e+36,0.03468,0.115356,1885.72,2.40598e-31,6.7929e+15,8.69017e+16,2.52135e+14,9.39468e+16,6.59919e+21,2.91151e+09
1.22958e+06,200133,3.16216e+07,1.55845e+24,2.93974e+27,8.53454e+09,0.00369662,8.94435e+36,0.03468,0.115354,1885.6,2.40564e-31,6.79283e+15,8.69009e+16,2.52132e+14,9.39459e+16,7.16999e+21,2.91148e+09
1.27958e+06,200132,3.16215e+07,1.7564e+24,3.313e+27,8.88157e+09,0.00369664,8.94408e+36,0.03468,0.115352,1885.47,2.40529e-31,6.79275e+15,8.69e+16,2.52129e+14,9.39449e+16,7.76441e+21,2.91145e+09
1.32958e+06,200131,3.16214e+07,1.97044e+24,3.71657e+27,9.2286e+09,0.00369666,8.9438e+36,0.03468,0.11535,1885.34,2.40493e-31,6.79267e+15,8.68992e+16,2.52126e+14,9.39439e+16,8.38241e+21,2.91142e+09
1.37958e+06,200129,3.16213e+07,2.2012e+24,4.15163e+27,9.57562e+09,0.00369668,8.9435e+36,0.03468,0.115347,1885.2,2.40455e-31,6.79258e+15,8.68982e+16,2.52122e+14,9.39429e+16,9.02401e+21,2.91139e+09
1.42958e+06,200127,3.16212e+07,2.4493e+24,4.61936e+27,9.92265e+09,0.0036967,8.9432e+36,0.03468,0.115345,1885.06,2.40416e-31,6.7925e+15,8.68973e+16,2.52119e+14,9.39419e+16,9.68918e+21,2.91136e+09
1.47958e+06,200126,3.16211e+07,2.71537e+24,5.12094e+27,1.02697e+10,0.00369673,8.94289e+36,0.03468,0.115342,1884.92,2.40375e-31,6.79241e+15,8.68963e+16,2.52115e+14,9.39408e+16,1.03779e+22,2.91133e+09
1.52958e+06,200124,3.1621e+07,3.00005e+24,5.65755e+27,1.06167e+10,0.00369675,8.94256e+36,0.03468,0.11534,1884.77,2.40334e-31,6.79231e+15,8.68952e+16,2.52112e+14,9.39397e+16,1.10902e+22,2.91129e+09
1.57958e+06,200122,3.16209e+07,3.30396e+24,6.23036e+27,1.09637e+10,0.00369678,8.94222e+36,0.03468,0.115337,1884.61,2.4029e-31,6.79222e+15,8.68942e+16,2.52108e+14,9.39385e+16,1.1826e+22,2.91126e+09
1.62958e+06,200121,3.16208e+07,3.62772e+24,6.84054e+27,1.13107e+10,0.0036968,8.94188e+36,0.03468,0.115334,1884.45,2.40246e-31,6.79212e+15,8.68931e+16,2.52104e+14,9.39373e+16,1.25854e+22,2.91122e+09
1.67958e+06,200119,3.16207e+07,3.97198e+24,7.48929e+27,1.16577e+10,0.00369683,8.94152e+36,0.03468,0.115331,1884.29,2.402e-31,6.79201e+15,8.68919e+16,2.521e+14,9.3936e+16,1.33682e+22,2.91118e+09
1.72958e+06,200117,3.16205e+07,4.33735e+24,8.17776e+27,1.20047e+10,0.00369686,8.94115e+36,0.03468,0.115328,1884.12,2.40152e-31,6.79191e+15,8.68908e+16,2.52096e+14,9.39348e+16,1.41746e+22,2.91115e+09
1.77958e+06,200115,3.16204e+07,4.72446e+24,8.90714e+27,1.23517e+10,0.00369689,8.94077e+36,0.03468,0.115325,1883.94,2.40103e-31,6.7918e+15,8.68896e+16,2.52092e+14,9.39335e+16,1.50044e+22,2.91111e+09
1.82958e+06,200113,3.16203e+07,5.13395e+24,9.67859e+27,1.26987e+10,0.00369692,8.94038e+36,0.03468,0.115322,1883.76,2.40053e-31,6.79169e+15,8.68883e+16,2.52088e+14,9.39321e+16,1.58578e+22,2.91107e+09
1.87958e+06,200111,3.16201e+07,5.56643e+24,1.04933e+28,1.30457e+10,0.00369695,8.93998e+36,0.03468,0.115319,1883.58,2.40001e-31,6.79157e+15,8.68871e+16,2.52083e+14,9.39307e+16,1.67345e+22,2.91103e+09
1.92958e+06,200109,3.162e+07,6.02254e+24,1.13524e+28,1.33927e+10,0.00369698,8.93957e+36,0.03468,0.115316,1883.39,2.39949e-31,6.79145e+15,8.68858e+16,2.52079e+14,9.39293e+16,1.76347e+22,2.91098e+09
1.97958e+06,200107,3.16198e+07,6.50291e+24,1.22572e+28,1.37397e+10,0.00369701,8.93914e+36,0.03468,0.115312,1883.19,2.39894e-31,6.79133e+15,8.68844e+16,2.52074e+14,9.39278e+16,1.85584e+22,2.91094e+09
2.02958e+06,200105,3.16197e+07,7.00817e+24,1.32087e+28,1.40867e+10,0.00369705,8.93871e+36,0.03468,0.115309,1883,2.39838e-31,6.79121e+15,8.6883e+16,2.52069e+14,9.39263e+16,1.95054e+22,2.91089e+09
2.07958e+06,200102,3.16195e+07,7.53893e+24,1.42081e+28,1.44337e+10,0.00369708,8.93826e+36,0.03468,0.115305,1882.79,2.39781e-31,6.79108e+15,8.68816e+16,2.52064e+14,9.39248e+16,2.04759e+22,2.91085e+09
2.12958e+06,200100,3.16194e+07,8.09584e+24,1.52566e+28,1.47806e+10,0.00369712,8.93781e+36,0.03468,0.115302,1882.58,2.39723e-31,6.79095e+15,8.68802e+16,2.52059e+14,9.39232e+16,2.14697e+22,2.9108e+09
2.17958e+06,200098,3.16192e+07,8.67951e+24,1.63555e+28,1.51276e+10,0.00369715,8.93734e+36,0.03468,0.115298,1882.37,2.39663e-31,6.79081e+15,8.68787e+16,2.52054e+14,9.39216e+16,2.24869e+22,2.91075e+09
2.22958e+06,200095,3.1619e+07,9.29058e+24,1.75057e+28,1.54746e+10,0.00369719,8.93687e+36,0.03468,0.115294,1882.15,2.39602e-31,6.79068e+15,8.68772e+16,2.52049e+14,9.39199e+16,2.35274e+22,2.9107e+09
2.27958e+06,200093,3.16189e+07,9.92967e+24,1.87086e+28,1.58215e+10,0.00369723,8.93638e+36,0.03468,0.11529,1881.92,2.39539e-31,6.79053e+15,8.68757e+16,2.52043e+14,9.39182e+16,2.45912e+22,2.91065e+09
2.32958e+06,200090,3.16187e+07,1.05974e+25,1.99652e+28,1.61685e+10,0.00369727,8.93588e+36,0.03468,0.115286,1881.69,2.39475e-31,6.79039e+15,8.68741e+16,2.52038e+14,9.39165e+16,2.56783e+22,2.9106e+09
2.37958e+06,200088,3.16185e+07,1.12944e+25,2.12768e+28,1.65154e+10,0.0036973,8.93537e+36,0.03468,0.115282,1881.46,2.3941e-31,6.79024e+15,8.68725e+16,2.52032e+14,9.39148e+16,2.67887e+22,2.91055e+09
2.42958e+06,200085,3.16183e+07,1.20214e+25,2.26445e+28,1.68624e+10,0.00369734,8.93485e+36,0.03468,0.115278,1881.22,2.39343e-31,6.7901e+15,8.68708e+16,2.52026e+14,9.3913e+16,2.79224e+22,2.91049e+09
2.47958e+06,200082,3.16181e+07,1.27788e+25,2.40694e+28,1.72093e+10,0.00369739,8.93432e+36,0.03468,0.115274,1880.97,2.39275e-31,6.78994e+15,8.68692e+16,2.5202e+14,9.39111e+16,2.90793e+22,2.91044e+09
2.52958e+06,200080,3.1618e+07,1.35675e+25,2.55528e+28,1.75563e+10,0.00369743,8.93378e+36,0.03468,0.115269,1880.72,2.39206e-31,6.78979e+15,8.68674e+16,2.52014e+14,9.39092e+16,3.02595e+22,2.91038e+09
2.57958e+06,200077,3.16178e+07,1.43879e+25,2.70958e+28,1.79032e+10,0.00369747,8.93323e+36,0.03468,0.115265,1880.47,2.39135e-31,6.78963e+15,8.68657e+16,2.52008e+14,9.39073e+16,3.14628e+22,2.91032e+09
2.62958e+06,200074,3.16176e+07,1.52407e+25,2.86995e+28,1.82501e+10,0.00369751,8.93266e+36,0.03468,0.11526,1880.21,2.39063e-31,6.78947e+15,8.68639e+16,2.52002e+14,9.39054e+16,3.26894e+22,2.91027e+09
2.67958e+06,200071,3.16174e+07,1.61266e+25,3.03651e+28,1.85971e+10,0.00369756,8.93209e+36,0.03468,0.115256,1879.95,2.38989e-31,6.7893e+15,8.68621e+16,2.51996e+14,9.39034e+16,3.39391e+22,2.91021e+09
2.72958e+06,200068,3.16172e+07,1.70461e+25,3.20938e+28,1.8944e+10,0.0036976,8.93151e+36,0.03468,0.115251,1879.68,2.38915e-31,6.78913e+15,8.68602e+16,2.51989e+14,9.39014e+16,3.52119e+22,2.91015e+09
2.77958e+06,200065,3.1617e+07,1.8e+25,3.38867e+28,1.92909e+10,0.00369765,8.93091e+36,0.03468,0.115246,1879.4,2.38838e-31,6.78896e+15,8.68584e+16,2.51982e+14,9.38993e+16,3.65079e+22,2.91008e+09
2.82958e+06,200062,3.16167e+07,1.89887e+25,3.5745e+28,1.96378e+10,0.00369769,8.9303e+36,0.03468,0.115241,1879.12,2.38761e-31,6.78879e+15,8.68564e+16,2.51976e+14,9.38972e+16,3.78269e+22,2.91002e+09
2.87958e+06,200059,3.16165e+07,2.00131e+25,3.76698e+28,1.99847e+10,0.00369774,8.92969e+36,0.03468,0.115237,1878.84,2.38682e-31,6.78861e+15,8.68545e+16,2.51969e+14,9.38951e+16,3.9169e+22,2.90996e+09
2.92958e+06,200056,3.16163e+07,2.10736e+25,3.96622e+28,2.03316e+10,0.00369779,8.92906e+36,0.03468,0.115231,1878.55,2.38601e-31,6.78843e+15,8.68525e+16,2.51962e+14,9.38929e+16,4.05342e+22,2.90989e+09
2.97958e+06,200052,3.16161e+07,2.21709e+25,4.17236e+28,2.06785e+10,0.00369784,8.92842e+36,0.03468,0.115226,1878.26,2.3852e-31,6.78825e+15,8.68505e+16,2.51955e+14,9.38907e+16,4.19224e+22,2.90983e+09
3.02958e+06,200049,3.16159e+07,2.33056e+25,4.38549e+28,2.10254e+10,0.00369789,8.92777e+36,0.03468,0.115221,1877.96,2.38437e-31,6.78806e+15,8.68484e+16,2.51948e+14,9.38884e+16,4.33336e+22,2.90976e+09
3.07958e+06,200046,3.16156e+07,2.44784e+25,4.60573e+28,2.13723e+10,0.00369794,8.92711e+36,0.03468,0.115216,1877.66,2.38352e-31,6.78787e+15,8.68463e+16,2.5194e+14,9.38861e+16,4.47677e+22,2.90969e+09
3.12958e+06,200042,3.16154e+07,2.56899e+25,4.8332e+28,2.17192e+10,0.00369799,8.92644e+36,0.03468,0.11521,1877.35,2.38267e-31,6.78768e+15,8.68442e+16,2.51933e+14,9.38838e+16,4.62248e+22,2.90962e+09
3.17958e+06,200039,3.16152e+07,2.69407e+25,5.06802e+28,2.2066e+10,0.00369804,8.92576e+36,0.03468,0.115205,1877.03,2.3818e-31,6.78748e+15,8.6842e+16,2.51925e+14,9.38814e+16,4.77049e+22,2.90955e+09
3.22958e+06,200035,3.16149e+07,2.82315e+25,5.31029e+28,2.24129e+10,0.0036981,8.92507e+36,0.03468,0.115199,1876.72,2.38091e-31,6.78728e+15,8.68398e+16,2.51917e+14,9.3879e+16,4.92078e+22,2.90948e+09
3.27958e+06,200032,3.16147e+07,2.95628e+25,5.56013e+28,2.27598e+10,0.00369815,8.92437e+36,0.03468,0.115194,1876.39,2.38001e-31,6.78708e+15,8.68376e+16,2.5191e+14,9.38766e+16,5.07336e+22,2.90941e+09
3.32958e+06,200028,3.16144e+07,3.09353e+25,5.81766e+28,2.31066e+10,0.00369821,8.92365e+36,0.03468,0.115188,1876.06,2.3791e-31,6.78687e+15,8.68354e+16,2.51902e+14,9.38741e+16,5.22823e+22,2.90933e+09
3.37958e+06,200024,3.16142e+07,3.23496e+25,6.08299e+28,2.34535e+10,0.00369826,8.92293e+36,0.03468,0.115182,1875.73,2.37818e-31,6.78666e+15,8.68331e+16,2.51894e+14,9.38716e+16,5.38537e+22,2.90926e+09
3.42958e+06,200021,3.16139e+07,3.38064e+25,6.35624e+28,2.38003e+10,0.00369832,8.92219e+36,0.03468,0.115176,1875.39,2.37724e-31,6.78645e+15,8.68307e+16,2.51886e+14,9.38691e+16,5.5448e+22,2.90918e+09
3.47958e+06,200017,3.16137e+07,3.53063e+25,6.63751e+28,2.41471e+10,0.00369838,8.92145e+36,0.03468,0.11517,1875.05,2.37629e-31,6.78624e+15,8.68284e+16,2.51877e+14,9.38665e+16,5.7065e+22,2.9091e+09
3.52958e+06,200013,3.16134e+07,3.68498e+25,6.92693e+28,2.4494e+10,0.00369843,8.92069e+36,0.03468,0.115164,1874.7,2.37532e-31,6.78602e+15,8.6826e+16,2.51869e+14,9.38639e+16,5.87048e+22,2.90902e+09
3.57958e+06,200009,3.16131e+07,3.84377e+25,7.2246e+28,2.48408e+10,0.00369849,8.91992e+36,0.03468,0.115158,1874.35,2.37435e-31,6.7858e+15,8.68235e+16,2.5186e+14,9.38612e+16,6.03673e+22,2.90894e+09
3.62958e+06,200005,3.16128e+07,4.00705e+25,7.53064e+28,2.51876e+10,0.00369855,8.91915e+36,0.03468,0.115152,1873.99,2.37336e-31,6.78558e+15,8.68211e+16,2.51852e+14,9.38585e+16,6.20524e+22,2.90886e+09
3.67958e+06,200001,3.16126e+07,4.17489e+25,7.84516e+28,2.55344e+10,0.00369861,8.91836e+36,0.03468,0.115146,1873.63,2.37235e-31,6.78535e+15,8.68186e+16,2.51843e+14,9.38558e+16,6.37602e+22,2.90878e+09
3.72958e+06,199997,3.16123e+07,4.34736e+25,8.16828e+28,2.58812e+10,0.00369868,8.91756e+36,0.03468,0.115139,1873.26,2.37133e-31,6.78512e+15,8.6816e+16,2.51834e+14,9.3853e+16,6.54906e+22,2.9087e+09
3.77958e+06,199993,3.1612e+07,4.5245e+25,8.50011e+28,2.6228e+10,0.00369874,8.91675e+36,0.03468,0.115133,1872.89,2.3703e-31,6.78488e+15,8.68135e+16,2.51825e+14,9.38502e+16,6.72436e+22,2.90861e+09
3.82958e+06,199989,3.16117e+07,4.70639e+25,8.84075e+28,2.65748e+10,0.0036988,8.91593e+36,0.03468,0.115126,1872.51,2.36926e-31,6.78465e+15,8.68109e+16,2.51816e+14,9.38473e+16,6.90192e+22,2.90853e+09
3.87958e+06,199984,3.16114e+07,4.89309e+25,9.19034e+28,2.69215e+10,0.00369887,8.91509e+36,0.03468,0.11512,1872.13,2.3682e-31,6.78441e+15,8.68082e+16,2.51807e+14,9.38445e+16,7.08172e+22,2.90844e+09
3.92958e+06,199980,3.16111e+07,5.08466e+25,9.54896e+28,2.72683e+10,0.00369893,8.91425e+36,0.03468,0.115113,1871.75,2.36713e-31,6.78417e+15,8.68056e+16,2.51797e+14,9.38415e+16,7.26378e+22,2.90836e+09
3.97958e+06,199976,3.16108e+07,5.28116e+25,9.91675e+28,2.76151e+10,0.003699,8.9134e+36,0.03468,0.115106,1871.35,2.36604e-31,6.78392e+15,8.68029e+16,2.51788e+14,9.38386e+16,7.44809e+22,2.90827e+09
4.02958e+06,199971,3.16105e+07,5.48266e+25,1.02938e+29,2.79618e+10,0.00369906,8.91254e+36,0.03468,0.115099,1870.96,2.36495e-31,6.78367e+15,8.68001e+16,2.51778e+14,9.38356e+16,7.63463e+22,2.90818e+09
4.07958e+06,199967,3.16102e+07,5.68922e+25,1.06803e+29,2.83086e+10,0.00369913,8.91166e+36,0.03468,0.115092,1870.56,2.36384e-31,6.78342e+15,8.67974e+16,2.51768e+14,9.38325e+16,7.82342e+22,2.90809e+09
4.12958e+06,199962,3.16099e+07,5.9009e+25,1.10762e+29,2.86553e+10,0.0036992,8.91078e+36,0.03468,0.115085,1870.15,2.36271e-31,6.78317e+15,8.67946e+16,2.51758e+14,9.38295e+16,8.01444e+22,2.90799e+09
4.17958e+06,199958,3.16096e+07,6.11776e+25,1.14817e+29,2.9002e+10,0.00369927,8.90988e+36,0.03468,0.115078,1869.74,2.36158e-31,6.78291e+15,8.67917e+16,2.51749e+14,9.38264e+16,8.2077e+22,2.9079e+09
4.22958e+06,199953,3.16093e+07,6.33987e+25,1.1897e+29,2.93488e+10,0.00369934,8.90897e+36,0.03468,0.11507,1869.32,2.36043e-31,6.78265e+15,8.67888e+16,2.51738e+14,9.38232e+16,8.40319e+22,2.90781e+09
4.27958e+06,199949,3.1609e+07,6.56728e+25,1.23221e+29,2.96955e+10,0.00369941,8.90806e+36,0.03468,0.115063,1868.9,2.35926e-31,6.78238e+15,8.67859e+16,2.51728e+14,9.382e+16,8.6009e+22,2.90771e+09
4.32958e+06,199944,3.16087e+07,6.80007e+25,1.27571e+29,3.00422e+10,0.00369948,8.90713e+36,0.03468,0.115056,1868.48,2.35809e-31,6.78211e+15,8.6783e+16,2.51718e+14,9.38168e+16,8.80084e+22,2.90762e+09
4.37958e+06,199939,3.16083e+07,7.03829e+25,1.32022e+29,3.03889e+10,0.00369955,8.90619e+36,0.03468,0.115048,1868.05,2.3569e-31,6.78184e+15,8.678e+16,2.51707e+14,9.38136e+16,9.00299e+22,2.90752e+09
4.42958e+06,199934,3.1608e+07,7.28201e+25,1.36575e+29,3.07356e+10,0.00369963,8.90524e+36,0.03468,0.11504,1867.61,2.35569e-31,6.78157e+15,8.6777e+16,2.51697e+14,9.38103e+16,9.20736e+22,2.90742e+09
4.47958e+06,199929,3.16077e+07,7.53129e+25,1.4123e+29,3.10823e+10,0.0036997,8.90428e+36,0.03468,0.115033,1867.17,2.35448e-31,6.78129e+15,8.6774e+16,2.51686e+14,9.38069e+16,9.41395e+22,2.90732e+09
4.52958e+06,199924,3.16073e+07,7.78618e+25,1.45989e+29,3.14289e+10,0.00369977,8.90331e+36,0.03468,0.115025,1866.72,2.35325e-31,6.78101e+15,8.67709e+16,2.51675e+14,9.38036e+16,9.62274e+22,2.90722e+09
4.57958e+06,199919,3.1607e+07,8.04676e+25,1.50853e+29,3.17756e+10,0.00369985,8.90233e+36,0.03468,0.115017,1866.28,2.35201e-31,6.78073e+15,8.67678e+16,2.51664e+14,9.38002e+16,9.83374e+22,2.90712e+09
4.62958e+06,199914,3.16066e+07,8.31309e+25,1.55823e+29,3.21223e+10,0.00369993,8.90134e+36,0.03468,0.115009,1865.82,2.35076e-31,6.78045e+15,8.67646e+16,2.51653e+14,9.37967e+16,1.00469e+23,2.90701e+09
4.67958e+06,199909,3.16063e+07,8.58522e+25,1.609e+29,3.24689e+10,0.0037,8.90034e+36,0.03468,0.115001,1865.36,2.34949e-31,6.78016e+15,8.67614e+16,2.51642e+14,9.37932e+16,1.02623e+23,2.90691e+09
4.72958e+06,199904,3.16059e+07,8.86323e+25,1.66086e+29,3.28155e+10,0.00370008,8.89932e+36,0.03468,0.114993,1864.9,2.34821e-31,6.77986e+15,8.67582e+16,2.51631e+14,9.37897e+16,1.04799e+23,2.9068e+09
4.77958e+06,199899,3.16056e+07,9.14717e+25,1.71381e+29,3.31622e+10,0.00370016,8.8983e+36,0.03468,0.114985,1864.43,2.34692e-31,6.77957e+15,8.6755e+16,2.5162e+14,9.37862e+16,1.06997e+23,2.9067e+09
4.82958e+06,199894,3.16052e+07,9.4371e+25,1.76786e+29,3.35088e+10,0.00370024,8.89727e+36,0.03468,0.114976,1863.95,2.34561e-31,6.77927e+15,8.67517e+16,2.51608e+14,9.37826e+16,1.09217e+23,2.90659e+09
4.87958e+06,199888,3.16048e+07,9.73309e+25,1.82303e+29,3.38554e+10,0.00370032,8.89622e+36,0.03468,0.114968,1863.47,2.34429e-31,6.77897e+15,8.67484e+16,2.51596e+14,9.37789e+16,1.11458e+23,2.90648e+09
4.92958e+06,199883,3.16045e+07,1.00352e+26,1.87932e+29,3.4202e+10,0.0037004,8.89517e+36,0.03468,0.11496,1862.99,2.34296e-31,6.77867e+15,8.6745e+16,2.51585e+14,9.37753e+16,1.13722e+23,2.90637e+09
4.97958e+06,199877,3.16041e+07,1.03435e+26,1.93675e+29,3.45486e+10,0.00370049,8.8941e+36,0.03468,0.114951,1862.5,2.34161e-31,6.77836e+15,8.67416e+16,2.51573e+14,9.37716e+16,1.16007e+23,2.90626e+09
5.02958e+06,199872,3.16037e+07,1.0658e+26,1.99533e+29,3.48952e+10,0.00370057,8.89302e+36,0.03468,0.114942,1862.01,2.34026e-31,6.77805e+15,8.67382e+16,2.51561e+14,9.37678e+16,1.18313e+23,2.90615e+09
5.07958e+06,199866,3.16033e+07,1.09789e+26,2.05507e+29,3.52417e+10,0.00370065,8.89194e+36,0.03468,0.114934,1861.51,2.33889e-31,6.77773e+15,8.67348e+16,2.51549e+14,9.3764e+16,1.20642e+23,2.90604e+09
5.12958e+06,199861,3.1603e+07,1.13061e+26,2.11598e+29,3.55883e+10,0.00370074,8.89084e+36,0.03468,0.114925,1861.01,2.33751e-31,6.77742e+15,8.67313e+16,2.51536e+14,9.37602e+16,1.22992e+23,2.90592e+09
5.17958e+06,199855,3.16026e+07,1.16398e+26,2.17806e+29,3.59349e+10,0.00370082,8.88973e+36,0.03468,0.114916,1860.5,2.33611e-31,6.7771e+15,8.67278e+16,2.51524e+14,9.37564e+16,1.25364e+23,2.90581e+09
5.22958e+06,199849,3.16022e+07,1.19799e+26,2.24134e+29,3.62814e+10,0.00370091,8.88861e+36,0.03468,0.114907,1859.99,2.3347e-31,6.77677e+15,8.67242e+16,2.51512e+14,9.37525e+16,1.27757e+23,2.90569e+09
5.27958e+06,199844,3.16018e+07,1.23266e+26,2.30583e+29,3.66279e+10,0.003701,8.88748e+36,0.03468,0.114898,1859.47,2.33328e-31,6.77645e+15,8.67206e+16,2.51499e+14,9.37486e+16,1.30171e+23,2.90557e+09
5.32958e+06,199838,3.16014e+07,1.26799e+26,2.37152e+29,3.69745e+10,0.00370109,8.88634e+36,0.03468,0.114889,1858.95,2.33185e-31,6.77612e+15,8.6717e+16,2.51486e+14,9.37446e+16,1.32608e+23,2.90545e+09
5.37958e+06,199832,3.1601e+07,1.30399e+26,2.43844e+29,3.7321e+10,0.00370118,8.88519e+36,0.03468,0.11488,1858.42,2.3304e-31,6.77579e+15,8.67133e+16,2.51473e+14,9.37406e+16,1.35065e+23,2.90533e+09
5.42958e+06,199826,3.16006e+07,1.34067e+26,2.50659e+29,3.76675e+10,0.00370127,8.88403e+36,0.03468,0.11487,1857.89,2.32894e-31,6.77545e+15,8.67096e+16,2.5146e+14,9.37366e+16,1.37544e+23,2.90521e+09
5.47958e+06,199820,3.16002e+07,1.37802e+26,2.57598e+29,3.8014e+10,0.00370136,8.88285e+36,0.03468,0.114861,1857.36,2.32747e-31,6.77511e+15,8.67059e+16,2.51447e+14,9.37325e+16,1.40044e+23,2.90509e+09
5.52958e+06,199814,3.15997e+07,1.41606e+26,2.64664e+29,3.83605e+10,0.00370145,8.88167e+36,0.03468,0.114851,1856.82,2.32599e-31,6.77477e+15,8.67022e+16,2.51434e+14,9.37284e+16,1.42566e+23,2.90497e+09
5.57958e+06,199808,3.15993e+07,1.4548e+26,2.71855e+29,3.87069e+10,0.00370154,8.88048e+36,0.03468,0.114842,1856.27,2.32449e-31,6.77443e+15,8.66984e+16,2.51421e+14,9.37242e+16,1.45109e+23,2.90484e+09
5.62958e+06,199802,3.15989e+07,1.49423e+26,2.79175e+29,3.90534e+10,0.00370163,8.87927e+36,0.03468,0.114832,1855.72,2.32298e-31,6.77408e+15,8.66945e+16,2.51407e+14,9.372e+16,1.47673e+23,2.90472e+09
5.67958e+06,199796,3.15985e+07,1.53437e+26,2.86623e+29,3.93998e+10,0.00370173,8.87806e+36,0.03468,0.114822,1855.16,2.32146e-31,6.77373e+15,8.66907e+16,2.51394e+14,9.37158e+16,1.50258e+23,2.90459e+09
5.72958e+06,199789,3.1598e+07,1.57523e+26,2.94201e+29,3.97463e+10,0.00370182,8.87683e+36,0.03468,0.114812,1854.6,2.31993e-31,6.77338e+15,8.66868e+16,2.5138e+14,9.37115e+16,1.52864e+23,2.90446e+09
5.77958e+06,199783,3.15976e+07,1.6168e+26,3.0191e+29,4.00927e+10,0.00370192,8.8756e+36,0.03468,0.114803,1854.04,2.31838e-31,6.77302e+15,8.66829e+16,2.51366e+14,9.37072e+16,1.55492e+23,2.90433e+09
5.82958e+06,199777,3.15972e+07,1.65909e+26,3.09751e+29,4.04391e+10,0.00370201,8.87435e+36,0.03468,0.114793,1853.47,2.31683e-31,6.77266e+15,8.66789e+16,2.51353e+14,9.37029e+16,1.5814e+23,2.9042e+09
5.87958e+06,199770,3.15967e+07,1.70211e+26,3.17724e+29,4.07855e+10,0.00370211,8.87309e+36,0.03468,0.114782,1852.9,2.31526e-31,6.7723e+15,8.66749e+16,2.51338e+14,9.36985e+16,1.60809e+23,2.90407e+09
5.92958e+06,199764,3.15963e+07,1.74587e+26,3.25832e+29,4.11319e+10,0.00370221,8.87183e+36,0.03468,0.114772,1852.32,2.31367e-31,6.77193e+15,8.66709e+16,2.51324e+14,9.36941e+16,1.635e+23,2.90394e+09
5.97958e+06,199757,3.15958e+07,1.79038e+26,3.34075e+29,4.14783e+10,0.00370231,8.87055e+36,0.03468,0.114762,1851.73,2.31208e-31,6.77156e+15,8.66668e+16,2.5131e+14,9.36897e+16,1.66211e+23,2.90381e+09
6.02958e+06,199751,3.15954e+07,1.83563e+26,3.42453e+29,4.18247e+10,0.00370241,8.86926e+36,0.03468,0.114752,1851.15,2.31047e-31,6.77119e+15,8.66627e+16,2.51296e+14,9.36852e+16,1.68943e+23,2.90367e+09
6.07958e+06,199744,3.15949e+07,1.88164e+26,3.50969e+29,4.21711e+10,0.00370251,8.86796e+36,0.03468,0.114741,1850.55,2.30885e-31,6.77081e+15,8.66586e+16,2.51281e+14,9.36807e+16,1.71696e+23,2.90354e+09
6.12958e+06,199737,3.15945e+07,1.92841e+26,3.59623e+29,4.25174e+10,0.00370261,8.86665e+36,0.03468,0.114731,1849.95,2.30722e-31,6.77044e+15,8.66544e+16,2.51267e+14,9.36761e+16,1.74469e+23,2.9034e+09
6.17958e+06,199730,3.1594e+07,1.97594e+26,3.68416e+29,4.28637e+10,0.00370271,8.86533e+36,0.03468,0.11472,1849.35,2.30557e-31,6.77005e+15,8.66502e+16,2.51252e+14,9.36715e+16,1.77263e+23,2.90326e+09
6.22958e+06,199724,3.15935e+07,2.02426e+26,3.7735e+29,4.32101e+10,0.00370282,8.864e+36,0.03468,0.114709,1848.75,2.30392e-31,6.76967e+15,8.6646e+16,2.51237e+14,9.36669e+16,1.80078e+23,2.90313e+09
6.27958e+06,199717,3.15931e+07,2.07335e+26,3.86425e+29,4.35564e+10,0.00370292,8.86266e+36,0.03468,0.114699,1848.13,2.30225e-31,6.76928e+15,8.66417e+16,2.51222e+14,9.36622e+16,1.82914e+23,2.90299e+09
6.32958e+06,199710,3.15926e+07,2.12322e+26,3.95642e+29,4.39027e+10,0.00370303,8.86131e+36,0.03468,0.114688,1847.52,2.30057e-31,6.76889e+15,8.66374e+16,2.51207e+14,9.36575e+16,1.8577e+23,2.90285e+09
6.37958e+06,199703,3.15921e+07,2.17389e+26,4.05002e+29,4.4249e+10,0.00370313,8.85995e+36,0.03468,0.114677,1846.9,2.29888e-31,6.7685e+15,8.66331e+16,2.51192e+14,9.36528e+16,1.88646e+23,2.9027e+09
6.42958e+06,199696,3.15916e+07,2.22536e+26,4.14507e+29,4.45953e+10,0.00370324,8.85858e+36,0.03468,0.114666,1846.27,2.29717e-31,6.7681e+15,8.66287e+16,2.51176e+14,9.3648e+16,1.91543e+23,2.90256e+09
6.47958e+06,199689,3.15912e+07,2.27763e+26,4.24157e+29,4.49415e+10,0.00370335,8.85719e+36,0.03468,0.114655,1845.64,2.29545e-31,6.7677e+15,8.66243e+16,2.51161e+14,9.36432e+16,1.94461e+23,2.90242e+09
6.52958e+06,199682,3.15907e+07,2.33072e+26,4.33953e+29,4.52878e+10,0.00370346,8.8558e+36,0.03468,0.114643,1845.01,2.29373e-31,6.7673e+15,8.66199e+16,2.51145e+14,9.36383e+16,1.97398e+23,2.90227e+09
6.57958e+06,199675,3.15902e+07,2.38462e+26,4.43897e+29,4.5634e+10,0.00370356,8.85439e+36,0.03468,0.114632,1844.37,2.29199e-31,6.76689e+15,8.66154e+16,2.5113e+14,9.36334e+16,2.00356e+23,2.90212e+09
6.62958e+06,199667,3.15897e+07,2.43935e+26,4.53989e+29,4.59803e+10,0.00370367,8.85298e+36,0.03468,0.114621,1843.72,2.29023e-31,6.76648e+15,8.66109e+16,2.51114e+14,9.36285e+16,2.03335e+23,2.90198e+09
6.67958e+06,199660,3.15892e+07,2.4949e+26,4.64231e+29,4.63265e+10,0.00370378,8.85156e+36,0.03468,0.114609,1843.07,2.28847e-31,6.76607e+15,8.66064e+16,2.51098e+14,9.36235e+16,2.06333e+23,2.90183e+09
6.72958e+06,199653,3.15887e+07,2.55129e+26,4.74623e+29,4.66727e+10,0.0037039,8.85012e+36,0.03468,0.114598,1842.42,2.28669e-31,6.76566e+15,8.66018e+16,2.51082e+14,9.36185e+16,2.09352e+23,2.90168e+09
6.77958e+06,199645,3.15882e+07,2.60852e+26,4.85166e+29,4.70189e+10,0.00370401,8.84867e+36,0.03468,0.114586,1841.76,2.2849e-31,6.76524e+15,8.65972e+16,2.51066e+14,9.36135e+16,2.1239e+23,2.90153e+09
6.82958e+06,199638,3.15876e+07,2.66661e+26,4.95862e+29,4.7365e+10,0.00370412,8.84722e+36,0.03468,0.114574,1841.1,2.2831e-31,6.76482e+15,8.65925e+16,2.51049e+14,9.36084e+16,2.15449e+23,2.90138e+09
6.87958e+06,199630,3.15871e+07,2.72554e+26,5.06711e+29,4.77112e+10,0.00370424,8.84575e+36,0.03468,0.114563,1840.43,2.28129e-31,6.76439e+15,8.65879e+16,2.51033e+14,9.36033e+16,2.18528e+23,2.90122e+09
6.92958e+06,199623,3.15866e+07,2.78534e+26,5.17715e+29,4.80574e+10,0.00370435,8.84427e+36,0.03468,0.114551,1839.76,2.27947e-31,6.76397e+15,8.65832e+16,2.51016e+14,9.35981e+16,2.21626e+23,2.90107e+09
6.97958e+06,199615,3.15861e+07,2.846e+26,5.28874e+29,4.84035e+10,0.00370447,8.84279e+36,0.03468,0.114539,1839.08,2.27763e-31,6.76354e+15,8.65784e+16,2.51e+14,9.3593e+16,2.24745e+23,2.90091e+09
7.02958e+06,199607,3.15856e+07,2.90754e+26,5.4019e+29,4.87496e+10,0.00370458,8.84129e+36,0.03468,0.114527,1838.4,2.27579e-31,6.7631e+15,8.65736e+16,2.50983e+14,9.35877e+16,2.27883e+23,2.90076e+09
7.07958e+06,199600,3.1585e+07,2.96995e+26,5.51663e+29,4.90957e+10,0.0037047,8.83978e+36,0.03468,0.114515,1837.71,2.27393e-31,6.76267e+15,8.65688e+16,2.50966e+14,9.35825e+16,2.31041e+23,2.9006e+09
7.12958e+06,199592,3.15845e+07,3.03325e+26,5.63295e+29,4.94418e+10,0.00370482,8.83826e+36,0.03468,0.114502,1837.02,2.27206e-31,6.76223e+15,8.6564e+16,2.50949e+14,9.35772e+16,2.34219e+23,2.90044e+09
7.17958e+06,199584,3.1584e+07,3.09745e+26,5.75085e+29,4.97879e+10,0.00370494,8.83673e+36,0.03468,0.11449,1836.33,2.27018e-31,6.76178e+15,8.65591e+16,2.50932e+14,9.35718e+16,2.37417e+23,2.90028e+09
7.22958e+06,199576,3.15834e+07,3.16254e+26,5.87037e+29,5.0134e+10,0.00370506,8.83519e+36,0.03468,0.114478,1835.63,2.26828e-31,6.76134e+15,8.65542e+16,2.50915e+14,9.35665e+16,2.40634e+23,2.90012e+09
7.27958e+06,199568,3.15829e+07,3.22853e+26,5.99149e+29,5.04801e+10,0.00370518,8.83364e+36,0.03468,0.114465,1834.92,2.26638e-31,6.76089e+15,8.65493e+16,2.50898e+14,9.35611e+16,2.4387e+23,2.89996e+09
7.32958e+06,199560,3.15823e+07,3.29544e+26,6.11424e+29,5.08261e+10,0.0037053,8.83208e+36,0.03468,0.114453,1834.21,2.26446e-31,6.76044e+15,8.65443e+16,2.5088e+14,9.35556e+16,2.47127e+23,2.89979e+09
7.37958e+06,199552,3.15818e+07,3.36326e+26,6.23862e+29,5.11721e+10,0.00370542,8.83051e+36,0.03468,0.11444,1833.5,2.26253e-31,6.75998e+15,8.65393e+16,2.50863e+14,9.35501e+16,2.50402e+23,2.89963e+09
7.42958e+06,199544,3.15812e+07,3.432e+26,6.36465e+29,5.15182e+10,0.00370555,8.82893e+36,0.03468,0.114427,1832.78,2.26059e-31,6.75952e+15,8.65342e+16,2.50845e+14,9.35446e+16,2.53697e+23,2.89946e+09
7.47958e+06,199536,3.15806e+07,3.50167e+26,6.49232e+29,5.18642e+10,0.00370567,8.82734e+36,0.03468,0.114414,1832.06,2.25864e-31,6.75906e+15,8.65292e+16,2.50827e+14,9.3539e+16,2.57011e+23,2.8993e+09
7.52958e+06,199528,3.15801e+07,3.57228e+26,6.62166e+29,5.22101e+10,0.0037058,8.82573e+36,0.03468,0.114402,1831.33,2.25668e-31,6.7586e+15,8.6524e+16,2.50809e+14,9.35334e+16,2.60345e+23,2.89913e+09
7.57958e+06,199519,3.15795e+07,3.64383e+26,6.75267e+29,5.25561e+10,0.00370592,8.82412e+36,0.03468,0.114389,1830.6,2.25471e-31,6.75813e+15,8.65189e+16,2.50791e+14,9.35278e+16,2.63698e+23,2.89896e+09
7.62958e+06,199511,3.15789e+07,3.71632e+26,6.88536e+29,5.29021e+10,0.00370605,8.8225e+36,0.03468,0.114376,1829.87,2.25272e-31,6.75766e+15,8.65137e+16,2.50773e+14,9.35222e+16,2.6707e+23,2.89879e+09
7.67958e+06,199503,3.15784e+07,3.78977e+26,7.01974e+29,5.3248e+10,0.00370618,8.82087e+36,0.03468,0.114362,1829.12,2.25073e-31,6.75719e+15,8.65085e+16,2.50755e+14,9.35164e+16,2.70461e+23,2.89862e+09
7.72958e+06,199494,3.15778e+07,3.86418e+26,7.15583e+29,5.3594e+10,0.0037063,8.81922e+36,0.03468,0.114349,1828.38,2.24872e-31,6.75671e+15,8.65033e+16,2.50736e+14,9.35107e+16,2.73871e+23,2.89845e+09
7.77958e+06,199486,3.15772e+07,3.93955e+26,7.29362e+29,5.39399e+10,0.00370643,8.81757e+36,0.03468,0.114336,1827.63,2.2467e-31,6.75623e+15,8.6498e+16,2.50718e+14,9.35049e+16,2.773e+23,2.89828e+09
7.82958e+06,199477,3.15766e+07,4.0159e+26,7.43313e+29,5.42858e+10,0.00370656,8.8159e+36,0.03468,0.114322,1826.88,2.24467e-31,6.75575e+15,8.64927e+16,2.50699e+14,9.34991e+16,2.80748e+23,2.8981e+09
7.87958e+06,199469,3.1576e+07,4.09322e+26,7.57437e+29,5.46317e+10,0.0037067,8.81423e+36,0.03468,0.114309,1826.12,2.24263e-31,6.75526e+15,8.64873e+16,2.5068e+14,9.34933e+16,2.84214e+23,2.89793e+09
7.92958e+06,199460,3.15754e+07,4.17153e+26,7.71735e+29,5.49775e+10,0.00370683,8.81254e+36,0.03468,0.114295,1825.35,2.24058e-31,6.75478e+15,8.64819e+16,2.50661e+14,9.34874e+16,2.877e+23,2.89775e+09
7.97958e+06,199451,3.15748e+07,4.25083e+26,7.86207e+29,5.53234e+10,0.00370696,8.81085e+36,0.03468,0.114282,1824.58,2.23852e-31,6.75428e+15,8.64765e+16,2.50642e+14,9.34814e+16,2.91204e+23,2.89757e+09
8.02958e+06,199442,3.15742e+07,4.33112e+26,8.00856e+29,5.56692e+10,0.00370709,8.80914e+36,0.03468,0.114268,1823.81,2.23644e-31,6.75379e+15,8.64711e+16,2.50623e+14,9.34755e+16,2.94727e+23,2.8974e+09
8.07958e+06,199434,3.15736e+07,4.41242e+26,8.1568e+29,5.6015e+10,0.00370723,8.80743e+36,0.03468,0.114254,1823.04,2.23436e-31,6.75329e+15,8.64656e+16,2.50604e+14,9.34695e+16,2.98269e+23,2.89722e+09
8.12958e+06,199425,3.1573e+07,4.49472e+26,8.30683e+29,5.63609e+10,0.00370736,8.8057e+36,0.03468,0.11424,1822.25,2.23226e-31,6.75279e+15,8.64601e+16,2.50585e+14,9.34634e+16,3.01829e+23,2.89704e+09
8.17958e+06,199416,3.15724e+07,4.57804e+26,8.45864e+29,5.67067e+10,0.0037075,8.80396e+36,0.03468,0.114226,1821.47,2.23015e-31,6.75229e+15,8.64545e+16,2.50565e+14,9.34574e+16,3.05408e+23,2.89685e+09
8.22958e+06,199407,3.15718e+07,4.66239e+26,8.61224e+29,5.70524e+10,0.00370763,8.80222e+36,0.03468,0.114212,1820.68,2.22804e-31,6.75178e+15,8.64489e+16,2.50546e+14,9.34513e+16,3.09005e+23,2.89667e+09
8.27958e+06,199398,3.15712e+07,4.74776e+26,8.76765e+29,5.73982e+10,0.00370777,8.80046e+36,0.03468,0.114198,1819.88,2.22591e-31,6.75127e+15,8.64433e+16,2.50526e+14,9.34451e+16,3.12621e+23,2.89649e+09
8.32958e+06,199389,3.15705e+07,4.83416e+26,8.92486e+29,5.77439e+10,0.00370791,8.79869e+36,0.03468,0.114184,1819.08,2.22377e-31,6.75076e+15,8.64377e+16,2.50506e+14,9.34389e+16,3.16254e+23,2.8963e+09
8.37958e+06,199380,3.15699e+07,4.9216e+26,9.0839e+29,5.80897e+10,0.00370805,8.79692e+36,0.03468,0.114169,1818.28,2.22162e-31,6.75024e+15,8.6432e+16,2.50486e+14,9.34327e+16,3.19907e+23,2.89611e+09
8.42958e+06,199370,3.15693e+07,5.01009e+26,9.24478e+29,5.84354e+10,0.00370819,8.79513e+36,0.03468,0.114155,1817.47,2.21946e-31,6.74972e+15,8.64263e+16,2.50466e+14,9.34265e+16,3.23577e+23,2.89593e+09
8.47958e+06,199361,3.15686e+07,5.09963e+26,9.40749e+29,5.87811e+10,0.00370833,8.79333e+36,0.03468,0.114141,1816.66,2.21728e-31,6.7492e+15,8.64205e+16,2.50446e+14,9.34202e+16,3.27265e+23,2.89574e+09
8.52958e+06,199352,3.1568e+07,5.19023e+26,9.57204e+29,5.91268e+10,0.00370847,8.79152e+36,0.03468,0.114126,1815.84,2.2151e-31,6.74867e+15,8.64147e+16,2.50426e+14,9.34138e+16,3.30972e+23,2.89555e+09
8.57958e+06,199342,3.15674e+07,5.28189e+26,9.73846e+29,5.94724e+10,0.00370862,8.7897e+36,0.03468,0.114111,1815.02,2.21291e-31,6.74815e+15,8.64089e+16,2.50405e+14,9.34075e+16,3.34696e+23,2.89536e+09
8.62958e+06,199333,3.15667e+07,5.37462e+26,9.90674e+29,5.98181e+10,0.00370876,8.78787e+36,0.03468,0.114097,1814.2,2.21071e-31,6.74762e+15,8.64031e+16,2.50385e+14,9.34011e+16,3.38439e+23,2.89517e+09
8.67958e+06,199324,3.15661e+07,5.46843e+26,1.00769e+30,6.01637e+10,0.0037089,8.78603e+36,0.03468,0.114082,1813.36,2.20849e-31,6.74708e+15,8.63972e+16,2.50364e+14,9.33946e+16,3.42199e+23,2.89497e+09
8.72958e+06,199314,3.15654e+07,5.56332e+26,1.02489e+30,6.05094e+10,0.00370905,8.78419e+36,0.03468,0.114067,1812.53,2.20627e-31,6.74654e+15,8.63913e+16,2.50343e+14,9.33881e+16,3.45977e+23,2.89478e+09
8.77958e+06,199304,3.15647e+07,5.6593e+26,1.04229e+30,6.0855e+10,0.00370919,8.78233e+36,0.03468,0.114052,1811.69,2.20403e-31,6.746e+15,8.63853e+16,2.50322e+14,9.33816e+16,3.49773e+23,2.89459e+09
8.82958e+06,199295,3.15641e+07,5.75637e+26,1.05987e+30,6.12005e+10,0.00370934,8.78046e+36,0.03468,0.114037,1810.85,2.20179e-31,6.74546e+15,8.63793e+16,2.50301e+14,9.33751e+16,3.53586e+23,2.89439e+09
8.87958e+06,199285,3.15634e+07,5.85455e+26,1.07765e+30,6.15461e+10,0.00370949,8.77858e+36,0.03468,0.114022,1810,2.19953e-31,6.74491e+15,8.63733e+16,2.5028e+14,9.33685e+16,3.57417e+23,2.89419e+09
8.92958e+06,199275,3.15628e+07,5.95383e+26,1.09561e+30,6.18917e+10,0.00370964,8.77669e+36,0.03468,0.114006,1809.15,2.19726e-31,6.74436e+15,8.63672e+16,2.50259e+14,9.33619e+16,3.61266e+23,2.89399e+09
8.97958e+06,199266,3.15621e+07,6.05423e+26,1.11377e+30,6.22372e+10,0.00370979,8.77479e+36,0.03468,0.113991,1808.29,2.19499e-31,6.74381e+15,8.63612e+16,2.50238e+14,9.33552e+16,3.65132e+23,2.89379e+09
9.02958e+06,199256,3.15614e+07,6.15574e+26,1.13213e+30,6.25827e+10,0.00370994,8.77288e+36,0.03468,0.113976,1807.43,2.1927e-31,6.74326e+15,8.6355e+16,2.50216e+14,9.33485e+16,3.69016e+23,2.89359e+09
9.07958e+06,199246,3.15607e+07,6.25838e+26,1.15068e+30,6.29282e+10,0.00371009,8.77095e+36,0.03468,0.11396,1806.56,2.1904e-31,6.7427e+15,8.63489e+16,2.50195e+14,9.33418e+16,3.72917e+23,2.89339e+09
9.12958e+06,199236,3.156e+07,6.36216e+26,1.16942e+30,6.32737e+10,0.00371024,8.76902e+36,0.03468,0.113945,1805.69,2.18809e-31,6.74214e+15,8.63427e+16,2.50173e+14,9.3335e+16,3.76835e+23,2.89319e+09
9.17958e+06,199226,3.15593e+07,6.46707e+26,1.18836e+30,6.36192e+10,0.00371039,8.76708e+36,0.03468,0.113929,1804.82,2.18578e-31,6.74157e+15,8.63365e+16,2.50151e+14,9.33282e+16,3.8077e+23,2.89299e+09
9.22958e+06,199216,3.15587e+07,6.57312e+26,1.2075e+30,6.39646e+10,0.00371055,8.76513e+36,0.03468,0.113913,1803.94,2.18345e-31,6.741e+15,8.63302e+16,2.50129e+14,9.33213e+16,3.84723e+23,2.89278e+09
9.27958e+06,199206,3.1558e+07,6.68032e+26,1.22683e+30,6.431e+10,0.0037107,8.76317e+36,0.03468,0.113897,1803.06,2.18111e-31,6.74043e+15,8.63239e+16,2.50107e+14,9.33145e+16,3.88692e+23,2.89257e+09
9.32958e+06,199196,3.15573e+07,6.78868e+26,1.24637e+30,6.46555e+10,0.00371085,8.7612e+36,0.03468,0.113881,1802.17,2.17876e-31,6.73986e+15,8.63176e+16,2.50085e+14,9.33076e+16,3.92679e+23,2.89237e+09
9.37958e+06,199185,3.15566e+07,6.8982e+26,1.2661e+30,6.50009e+10,0.00371101,8.75922e+36,0.03468,0.113865,1801.28,2.1764e-31,6.73928e+15,8.63113e+16,2.50063e+14,9.33006e+16,3.96682e+23,2.89216e+09
9.42958e+06,199175,3.15559e+07,7.00889e+26,1.28604e+30,6.53462e+10,0.00371117,8.75723e+36,0.03468,0.113849,1800.39,2.17403e-31,6.7387e+15,8.63049e+16,2.5004e+14,9.32936e+16,4.00703e+23,2.89195e+09
9.47958e+06,199165,3.15551e+07,7.12076e+26,1.30617e+30,6.56916e+10,0.00371133,8.75522e+36,0.03468,0.113833,1799.49,2.17166e-31,6.73812e+15,8.62984e+16,2.50018e+14,9.32866e+16,4.0474e+23,2.89174e+09
9.52958e+06,199154,3.15544e+07,7.2338e+26,1.32651e+30,6.60369e+10,0.00371148,8.75321e+36,0.03468,0.113817,1798.58,2.16927e-31,6.73753e+15,8.6292e+16,2.49995e+14,9.32795e+16,4.08794e+23,2.89153e+09
9.57958e+06,199144,3.15537e+07,7.34803e+26,1.34705e+30,6.63823e+10,0.00371164,8.75119e+36,0.03468,0.113801,1797.67,2.16687e-31,6.73695e+15,8.62855e+16,2.49972e+14,9.32724e+16,4.12865e+23,2.89132e+09
9.62958e+06,199133,3.1553e+07,7.46345e+26,1.3678e+30,6.67276e+10,0.0037118,8.74916e+36,0.03468,0.113784,1796.76,2.16446e-31,6.73635e+15,8.6279e+16,2.49949e+14,9.32653e+16,4.16952e+23,2.8911e+09
9.67958e+06,199123,3.15523e+07,7.58008e+26,1.38875e+30,6.70729e+10,0.00371196,8.74712e+36,0.03468,0.113768,1795.84,2.16204e-31,6.73576e+15,8.62724e+16,2.49926e+14,9.32581e+16,4.21056e+23,2.89089e+09
9.72958e+06,199112,3.15515e+07,7.6979e+26,1.4099e+30,6.74181e+10,0.00371213,8.74506e+36,0.03468,0.113751,1794.92,2.15961e-31,6.73516e+15,8.62658e+16,2.49903e+14,9.32509e+16,4.25176e+23,2.89067e+09
9.77958e+06,199102,3.15508e+07,7.81694e+26,1.43126e+30,6.77634e+10,0.00371229,8.743e+36,0.03468,0.113734,1794,2.15718e-31,6.73456e+15,8.62592e+16,2.4988e+14,9.32436e+16,4.29313e+23,2.89045e+09
9.82958e+06,199091,3.15501e+07,7.93719e+26,1.45283e+30,6.81086e+10,0.00371245,8.74093e+36,0.03468,0.113718,1793.07,2.15473e-31,6.73396e+15,8.62526e+16,2.49857e+14,9.32364e+16,4.33466e+23,2.89024e+09
9.87958e+06,199080,3.15493e+07,8.05867e+26,1.47461e+30,6.84538e+10,0.00371262,8.73885e+36,0.03468,0.113701,1792.13,2.15227e-31,6.73335e+15,8.62459e+16,2.49833e+14,9.3229e+16,4.37635e+23,2.89002e+09
9.92958e+06,199069,3.15486e+07,8.18138e+26,1.4966e+30,6.8799e+10,0.00371278,8.73675e+36,0.03468,0.113684,1791.19,2.14981e-31,6.73274e+15,8.62391e+16,2.4981e+14,9.32217e+16,4.4182e+23,2.8898e+09
9.97958e+06,199058,3.15478e+07,8.30532e+26,1.51879e+30,6.91442e+10,0.00371295,8.73465e+36,0.03468,0.113667,1790.25,2.14733e-31,6.73213e+15,8.62324e+16,2.49786e+14,9.32143e+16,4.46022e+23,2.88958e+09
1.00296e+07,199047,3.15471e+07,8.43051e+26,1.5412e+30,6.94894e+10,0.00371312,8.73254e+36,0.03468,0.11365,1789.3,2.14485e-31,6.73151e+15,8.62256e+16,2.49762e+14,9.32069e+16,4.50239e+23,2.88935e+09
1.00796e+07,199036,3.15463e+07,8.55694e+26,1.56382e+30,6.98345e+10,0.00371328,8.73042e+36,0.03468,0.113633,1788.35,2.14235e-31,6.73089e+15,8.62188e+16,2.49738e+14,9.31994e+16,4.54473e+23,2.88913e+09
1.01296e+07,199025,3.15456e+07,8.68462e+26,1.58665e+30,7.01796e+10,0.00371345,8.72828e+36,0.03468,0.113615,1787.4,2.13985e-31,6.73027e+15,8.62119e+16,2.49714e+14,9.31919e+16,4.58722e+23,2.88891e+09
1.01796e+07,199014,3.15448e+07,8.81357e+26,1.60969e+30,7.05247e+10,0.00371362,8.72614e+36,0.03468,0.113598,1786.44,2.13733e-31,6.72964e+15,8.6205e+16,2.4969e+14,9.31844e+16,4.62988e+23,2.88868e+09
1.02296e+07,199003,3.1544e+07,8.94378e+26,1.63295e+30,7.08698e+10,0.00371379,8.72399e+36,0.03468,0.113581,1785.47,2.13481e-31,6.72902e+15,8.61981e+16,2.49666e+14,9.31768e+16,4.67269e+23,2.88845e+09
1.02796e+07,198992,3.15433e+07,9.07526e+26,1.65642e+30,7.12149e+10,0.00371396,8.72183e+36,0.03468,0.113563,1784.51,2.13228e-31,6.72839e+15,8.61912e+16,2.49641e+14,9.31692e+16,4.71565e+23,2.88822e+09
1.03296e+07,198981,3.15425e+07,9.20802e+26,1.6801e+30,7.15599e+10,0.00371413,8.71965e+36,0.03468,0.113546,1783.53,2.12973e-31,6.72775e+15,8.61842e+16,2.49617e+14,9.31615e+16,4.75878e+23,2.888e+09
1.03796e+07,198969,3.15417e+07,9.34206e+26,1.70401e+30,7.19049e+10,0.00371431,8.71747e+36,0.03468,0.113528,1782.56,2.12718e-31,6.72711e+15,8.61771e+16,2.49592e+14,9.31538e+16,4.80205e+23,2.88777e+09
1.04296e+07,198958,3.15409e+07,9.47739e+26,1.72813e+30,7.22499e+10,0.00371448,8.71528e+36,0.03468,0.11351,1781.58,2.12462e-31,6.72647e+15,8.61701e+16,2.49568e+14,9.31461e+16,4.84549e+23,2.88753e+09
1.04796e+07,198947,3.15401e+07,9.61402e+26,1.75246e+30,7.25949e+10,0.00371466,8.71308e+36,0.03468,0.113493,1780.59,2.12205e-31,6.72583e+15,8.6163e+16,2.49543e+14,9.31384e+16,4.88907e+23,2.8873e+09
1.05296e+07,198935,3.15394e+07,9.75195e+26,1.77702e+30,7.29399e+10,0.00371483,8.71086e+36,0.03468,0.113475,1779.6,2.11947e-31,6.72518e+15,8.61559e+16,2.49518e+14,9.31306e+16,4.93281e+23,2.88707e+09
1.05796e+07,198924,3.15386e+07,9.89119e+26,1.80179e+30,7.32848e+10,0.00371501,8.70864e+36,0.03468,0.113457,1778.61,2.11689e-31,6.72454e+15,8.61487e+16,2.49493e+14,9.31228e+16,4.9767e+23,2.88683e+09
1.06296e+07,198912,3.15378e+07,1.00317e+27,1.82678e+30,7.36298e+10,0.00371518,8.70641e+36,0.03468,0.113439,1777.61,2.11429e-31,6.72388e+15,8.61415e+16,2.49467e+14,9.31149e+16,5.02075e+23,2.8866e+09
1.06796e+07,198900,3.1537e+07,1.01736e+27,1.852e+30,7.39747e+10,0.00371536,8.70417e+36,0.03468,0.11342,1776.61,2.11168e-31,6.72323e+15,8.61343e+16,2.49442e+14,9.3107e+16,5.06494e+23,2.88636e+09
1.07296e+07,198889,3.15362e+07,1.03168e+27,1.87743e+30,7.43195e+10,0.00371554,8.70191e+36,0.03468,0.113402,1775.61,2.10907e-31,6.72257e+15,8.61271e+16,2.49417e+14,9.3099e+16,5.10929e+23,2.88612e+09
1.07796e+07,198877,3.15354e+07,1.04614e+27,1.90309e+30,7.46644e+10,0.00371572,8.69965e+36,0.03468,0.113384,1774.6,2.10644e-31,6.72191e+15,8.61198e+16,2.49391e+14,9.30911e+16,5.15378e+23,2.88589e+09
1.08296e+07,198865,3.15345e+07,1.06072e+27,1.92897e+30,7.50092e+10,0.0037159,8.69738e+36,0.03468,0.113366,1773.58,2.10381e-31,6.72124e+15,8.61124e+16,2.49366e+14,9.30831e+16,5.19842e+23,2.88565e+09
1.08796e+07,198853,3.15337e+07,1.07544e+27,1.95508e+30,7.53541e+10,0.00371608,8.6951e+36,0.03468,0.113347,1772.57,2.10117e-31,6.72058e+15,8.61051e+16,2.4934e+14,9.3075e+16,5.24321e+23,2.88541e+09
1.09296e+07,198841,3.15329e+07,1.0903e+27,1.9814e+30,7.56989e+10,0.00371626,8.69281e+36,0.03468,0.113328,1771.54,2.09852e-31,6.71991e+15,8.60977e+16,2.49314e+14,9.30669e+16,5.28815e+23,2.88516e+09
1.09796e+07,198830,3.15321e+07,1.10529e+27,2.00796e+30,7.60437e+10,0.00371645,8.6905e+36,0.03468,0.11331,1770.52,2.09586e-31,6.71923e+15,8.60903e+16,2.49288e+14,9.30588e+16,5.33324e+23,2.88492e+09
1.10296e+07,198818,3.15313e+07,1.12042e+27,2.03474e+30,7.63884e+10,0.00371663,8.68819e+36,0.03468,0.113291,1769.49,2.09319e-31,6.71856e+15,8.60828e+16,2.49262e+14,9.30507e+16,5.37846e+23,2.88468e+09
1.10796e+07,198805,3.15304e+07,1.13569e+27,2.06174e+30,7.67332e+10,0.00371682,8.68587e+36,0.03468,0.113272,1768.46,2.09052e-31,6.71788e+15,8.60753e+16,2.49235e+14,9.30425e+16,5.42384e+23,2.88443e+09
1.11296e+07,198793,3.15296e+07,1.15109e+27,2.08898e+30,7.70779e+10,0.003717,8.68354e+36,0.03468,0.113253,1767.42,2.08783e-31,6.7172e+15,8.60678e+16,2.49209e+14,9.30342e+16,5.46936e+23,2.88418e+09
1.11796e+07,198781,3.15288e+07,1.16663e+27,2.11644e+30,7.74226e+10,0.00371719,8.6812e+36,0.03468,0.113234,1766.38,2.08514e-31,6.71651e+15,8.60603e+16,2.49183e+14,9.3026e+16,5.51502e+23,2.88394e+09
1.12296e+07,198769,3.15279e+07,1.18231e+27,2.14413e+30,7.77672e+10,0.00371737,8.67885e+36,0.03468,0.113215,1765.33,2.08243e-31,6.71582e+15,8.60527e+16,2.49156e+14,9.30177e+16,5.56082e+23,2.88369e+09
1.12796e+07,198757,3.15271e+07,1.19813e+27,2.17205e+30,7.81119e+10,0.00371756,8.67649e+36,0.03468,0.113196,1764.28,2.07972e-31,6.71513e+15,8.60451e+16,2.49129e+14,9.30093e+16,5.60677e+23,2.88344e+09
1.13296e+07,198744,3.15262e+07,1.21409e+27,2.20019e+30,7.84565e+10,0.00371775,8.67412e+36,0.03468,0.113177,1763.23,2.077e-31,6.71444e+15,8.60374e+16,2.49102e+14,9.3001e+16,5.65286e+23,2.88319e+09
1.13796e+07,198732,3.15254e+07,1.23019e+27,2.22857e+30,7.88011e+10,0.00371794,8.67174e+36,0.03468,0.113158,1762.17,2.07428e-31,6.71374e+15,8.60297e+16,2.49076e+14,9.29925e+16,5.69908e+23,2.88294e+09
1.14296e+07,198720,3.15245e+07,1.24643e+27,2.25719e+30,7.91457e+10,0.00371813,8.66934e+36,0.03468,0.113138,1761.1,2.07154e-31,6.71304e+15,8.6022e+16,2.49049e+14,9.29841e+16,5.74545e+23,2.88268e+09
1.14796e+07,198707,3.15237e+07,1.26281e+27,2.28603e+30,7.94903e+10,0.00371832,8.66694e+36,0.03468,0.113119,1760.04,2.0688e-31,6.71234e+15,8.60143e+16,2.49021e+14,9.29756e+16,5.79196e+23,2.88243e+09
1.15296e+07,198695,3.15228e+07,1.27933e+27,2.31511e+30,7.98349e+10,0.00371852,8.66453e+36,0.03468,0.113099,1758.97,2.06604e-31,6.71163e+15,8.60065e+16,2.48994e+14,9.29671e+16,5.8386e+23,2.88217e+09
1.15796e+07,198682,3.15219e+07,1.296e+27,2.34442e+30,8.01794e+10,0.00371871,8.66212e+36,0.03468,0.11308,1757.89,2.06328e-31,6.71092e+15,8.59987e+16,2.48967e+14,9.29585e+16,5.88538e+23,2.88151e+09
1.16296e+07,198669,3.15211e+07,1.31281e+27,2.37396e+30,8.05239e+10,0.0037189,8.65969e+36,0.03468,0.11306,1756.82,2.06051e-31,6.71021e+15,8.59908e+16,2.48939e+14,9.295e+16,5.9323e+23,2.88005e+09
1.16796e+07,198657,3.15202e+07,1.32977e+27,2.40374e+30,8.08684e+10,0.0037191,8.65725e+36,0.03468,0.11304,1755.73,2.05774e-31,6.7095e+15,8.59829e+16,2.48912e+14,9.29413e+16,5.97935e+23,2.87725e+09
1.17296e+07,198644,3.15193e+07,1.34687e+27,2.43375e+30,8.12128e+10,0.00371929,8.6548e+36,0.03468,0.113021,1754.65,2.05495e-31,6.70878e+15,8.5975e+16,2.48884e+14,9.29327e+16,6.02654e+23,2.87237e+09
1.17796e+07,198631,3.15184e+07,1.36411e+27,2.464e+30,8.15573e+10,0.00371949,8.65234e+36,0.03468,0.113001,1753.56,2.05216e-31,6.70806e+15,8.59671e+16,2.48856e+14,9.2924e+16,6.07386e+23,2.86437e+09
1.18296e+07,198618,3.15175e+07,1.3815e+27,2.49449e+30,8.19017e+10,0.00371969,8.64987e+36,0.03468,0.112981,1752.46,2.04936e-31,6.70733e+15,8.59591e+16,2.48828e+14,9.29152e+16,6.12131e+23,2.85176e+09
1.18796e+07,198605,3.15166e+07,1.39904e+27,2.52522e+30,8.22461e+10,0.00371988,8.64739e+36,0.03468,0.11296,1751.37,2.04655e-31,6.70661e+15,8.59511e+16,2.488e+14,9.29065e+16,6.1689e+23,2.83238e+09
1.19296e+07,198592,3.15158e+07,1.41672e+27,2.55618e+30,8.25904e+10,0.00372008,8.64491e+36,0.03468,0.11294,1750.26,2.04373e-31,6.70588e+15,8.5943e+16,2.48772e+14,9.28977e+16,6.21662e+23,2.80301e+09
1.19796e+07,198579,3.15149e+07,1.43455e+27,2.58738e+30,8.29348e+10,0.00372028,8.64241e+36,0.03468,0.11292,1749.16,2.0409e-31,6.70514e+15,8.59349e+16,2.48743e+14,9.28888e+16,6.26447e+23,2.75901e+09
1.20296e+07,198566,3.1514e+07,1.45253e+27,2.61883e+30,8.32791e+10,0.00372048,8.6399e+36,0.03468,0.1129,1748.05,2.03807e-31,6.70441e+15,8.59268e+16,2.48715e+14,9.28799e+16,6.31245e+23,2.69821e+09
1.20796e+07,198553,3.15131e+07,1.47066e+27,2.65051e+30,8.36234e+10,0.00372068,8.63738e+36,0.03468,0.112879,1746.94,2.03523e-31,6.70367e+15,8.59187e+16,2.48686e+14,9.2871e+16,6.36056e+23,2.62884e+09
1.21296e+07,198540,3.15121e+07,1.48894e+27,2.68243e+30,8.39677e+10,0.00372089,8.63486e+36,0.03468,0.112859,1745.82,2.03238e-31,6.70293e+15,8.59105e+16,2.48658e+14,9.28621e+16,6.40879e+23,2.55178e+09
1.21796e+07,198527,3.15112e+07,1.50737e+27,2.7146e+30,8.4312e+10,0.00372109,8.63232e+36,0.03468,0.112838,1744.7,2.02952e-31,6.70218e+15,8.59023e+16,2.48629e+14,9.28531e+16,6.45716e+23,2.46792e+09
1.22296e+07,198513,3.15103e+07,1.52595e+27,2.74701e+30,8.46562e+10,0.00372129,8.62977e+36,0.03468,0.112818,1743.57,2.02666e-31,6.70143e+15,8.5894e+16,2.486e+14,9.28441e+16,6.50565e+23,2.37819e+09
1.22796e+07,198500,3.15094e+07,1.54468e+27,2.77965e+30,8.50004e+10,0.0037215,8.62722e+36,0.03468,0.112797,1742.44,2.02379e-31,6.70068e+15,8.58857e+16,2.48571e+14,9.2835e+16,6.55426e+23,2.28354e+09
1.23296e+07,198487,3.15085e+07,1.56356e+27,2.81255e+30,8.53446e+10,0.00372171,8.62465e+36,0.03468,0.112776,1741.31,2.02091e-31,6.69993e+15,8.58774e+16,2.48542e+14,9.28259e+16,6.60301e+23,2.18493e+09
1.23796e+07,198473,3.15075e+07,1.5826e+27,2.84569e+30,8.56888e+10,0.00372191,8.62208e+36,0.03468,0.112755,1740.17,2.01802e-31,6.69917e+15,8.58691e+16,2.48513e+14,9.28168e+16,6.65187e+23,2.08333e+09
1.24296e+07,198460,3.15066e+07,1.60179e+27,2.87907e+30,8.60329e+10,0.00372212,8.61949e+36,0.03468,0.112734,1739.03,2.01513e-31,6.69841e+15,8.58607e+16,2.48483e+14,9.28076e+16,6.70086e+23,1.97967e+09
1.24796e+07,198446,3.15057e+07,1.62113e+27,2.91269e+30,8.6377e+10,0.00372233,8.6169e+36,0.03468,0.112713,1737.89,2.01222e-31,6.69765e+15,8.58523e+16,2.48454e+14,9.27984e+16,6.74998e+23,1.87483e+09
1.25296e+07,198432,3.15047e+07,1.64062e+27,2.94657e+30,8.67211e+10,0.00372254,8.6143e+36,0.03468,0.112692,1736.74,2.00931e-31,6.69688e+15,8.58438e+16,2.48424e+14,9.27892e+16,6.79921e+23,1.76967e+09
1.25796e+07,198419,3.15038e+07,1.66027e+27,2.98069e+30,8.70652e+10,0.00372275,8.61168e+36,0.03468,0.112671,1735.59,2.0064e-31,6.69612e+15,8.58354e+16,2.48395e+14,9.27799e+16,6.84857e+23,1.66496e+09
1.26296e+07,198405,3.15029e+07,1.68008e+27,3.01505e+30,8.74092e+10,0.00372296,8.60906e+36,0.03468,0.112649,1734.43,2.00347e-31,6.69534e+15,8.58269e+16,2.48365e+14,9.27706e+16,6.89804e+23,1.56143e+09
1.26796e+07,198391,3.15019e+07,1.70004e+27,3.04967e+30,8.77532e+10,0.00372317,8.60643e+36,0.03468,0.112628,1733.27,2.00054e-31,6.69457e+15,8.58183e+16,2.48335e+14,9.27612e+16,6.94764e+23,1.45972e+09
1.27296e+07,198377,3.1501e+07,1.72016e+27,3.08453e+30,8.80972e+10,0.00372338,8.60379e+36,0.03468,0.112606,1732.11,1.9976e-31,6.69379e+15,8.58097e+16,2.48305e+14,9.27518e+16,6.99735e+23,1.36041e+09
1.27796e+07,198364,3.15e+07,1.74044e+27,3.11964e+30,8.84412e+10,0.00372359,8.60114e+36,0.03468,0.112585,1730.94,1.99466e-31,6.69301e+15,8.58011e+16,2.48275e+14,9.27424e+16,7.04718e+23,1.26397e+09
1.28296e+07,198350,3.1499e+07,1.76087e+27,3.155e+30,8.87852e+10,0.00372381,8.59847e+36,0.03468,0.112563,1729.77,1.9917e-31,6.69223e+15,8.57925e+16,2.48244e+14,9.2733e+16,7.09713e+23,1.17084e+09
1.28796e+07,198336,3.14981e+07,1.78147e+27,3.19061e+30,8.91291e+10,0.00372402,8.5958e+36,0.03468,0.112542,1728.59,1.98874e-31,6.69144e+15,8.57838e+16,2.48214e+14,9.27235e+16,7.1472e+23,1.08134e+09
1.29296e+07,198322,3.14971e+07,1.80222e+27,3.22647e+30,8.9473e+10,0.00372424,8.59312e+36,0.03468,0.11252,1727.42,1.98578e-31,6.69065e+15,8.57751e+16,2.48183e+14,9.2714e+16,7.19738e+23,9.95752e+08
1.29796e+07,198308,3.14961e+07,1.82313e+27,3.26259e+30,8.98169e+10,0.00372446,8.59043e+36,0.03468,0.112498,1726.23,1.9828e-31,6.68986e+15,8.57664e+16,2.48153e+14,9.27044e+16,7.24767e+23,9.14273e+08
1.30296e+07,198293,3.14952e+07,1.8442e+27,3.29895e+30,9.01607e+10,0.00372467,8.58773e+36,0.03468,0.112476,1725.05,1.97982e-31,6.68907e+15,8.57576e+16,2.48122e+14,9.26948e+16,7.29808e+23,8.37041e+08
1.30796e+07,198279,3.14942e+07,1.86543e+27,3.33557e+30,9.05046e+10,0.00372489,8.58503e+36,0.03468,0.112454,1723.86,1.97683e-31,6.68827e+15,8.57488e+16,2.48091e+14,9.26852e+16,7.3486e+23,7.64136e+08
1.31296e+07,198265,3.14932e+07,1.88683e+27,3.37244e+30,9.08484e+10,0.00372511,8.58231e+36,0.03468,0.112432,1722.66,1.97384e-31,6.68747e+15,8.574e+16,2.4806e+14,9.26755e+16,7.39923e+23,6.95588e+08
1.31796e+07,198251,3.14922e+07,1.90838e+27,3.40956e+30,9.11921e+10,0.00372533,8.57958e+36,0.03468,0.11241,1721.47,1.97084e-31,6.68666e+15,8.57311e+16,2.48029e+14,9.26658e+16,7.44998e+23,6.31381e+08
1.32296e+07,198236,3.14912e+07,1.9301e+27,3.44694e+30,9.15359e+10,0.00372555,8.57684e+36,0.03468,0.112387,1720.27,1.96783e-31,6.68586e+15,8.57222e+16,2.47998e+14,9.2656e+16,7.50083e+23,5.71459e+08
1.32796e+07,198222,3.14902e+07,1.95198e+27,3.48457e+30,9.18796e+10,0.00372577,8.5741e+36,0.03468,0.112365,1719.06,1.96481e-31,6.68505e+15,8.57133e+16,2.47967e+14,9.26463e+16,7.55179e+23,5.15731e+08
1.33296e+07,198207,3.14892e+07,1.97403e+27,3.52246e+30,9.22233e+10,0.003726,8.57134e+36,0.03468,0.112343,1717.85,1.96179e-31,6.68423e+15,8.57043e+16,2.47935e+14,9.26365e+16,7.60287e+23,4.64081e+08
1.33796e+07,198193,3.14882e+07,1.99624e+27,3.5606e+30,9.2567e+10,0.00372622,8.56858e+36,0.03468,0.11232,1716.64,1.95876e-31,6.68342e+15,8.56953e+16,2.47904e+14,9.26266e+16,7.65405e+23,4.16367e+08
1.34296e+07,198178,3.14872e+07,2.01861e+27,3.599e+30,9.29107e+10,0.00372644,8.5658e+36,0.03468,0.112297,1715.43,1.95573e-31,6.6826e+15,8.56863e+16,2.47872e+14,9.26167e+16,7.70533e+23,3.72431e+08
1.34796e+07,198164,3.14862e+07,2.04115e+27,3.63765e+30,9.32543e+10,0.00372667,8.56302e+36,0.03468,0.112275,1714.21,1.95268e-31,6.68178e+15,8.56772e+16,2.4784e+14,9.26068e+16,7.75673e+23,3.32101e+08
1.35296e+07,198149,3.14852e+07,2.06386e+27,3.67657e+30,9.35979e+10,0.0037269,8.56022e+36,0.03468,0.112252,1712.98,1.94964e-31,6.68095e+15,8.56681e+16,2.47809e+14,9.25969e+16,7.80822e+23,2.95194e+08
1.35796e+07,198134,3.14842e+07,2.08673e+27,3.71574e+30,9.39415e+10,0.00372712,8.55742e+36,0.03468,0.112229,1711.76,1.94658e-31,6.68012e+15,8.5659e+16,2.47777e+14,9.25869e+16,7.85983e+23,2.61523e+08
1.36296e+07,198120,3.14832e+07,2.10977e+27,3.75516e+30,9.4285e+10,0.00372735,8.55461e+36,0.03468,0.112206,1710.53,1.94352e-31,6.67929e+15,8.56498e+16,2.47745e+14,9.25768e+16,7.91153e+23,2.30895e+08
1.37638e+07,198080,3.14804e+07,2.17246e+27,3.86229e+30,9.52072e+10,0.00372797,8.54701e+36,0.03468,0.112144,1707.21,1.93527e-31,6.67705e+15,8.5625e+16,2.47658e+14,9.25497e+16,8.05084e+23,2.03121e+08
1.40601e+07,197990,3.14742e+07,2.31519e+27,4.10545e+30,9.72423e+10,0.00372935,8.53e+36,0.03468,0.112006,1699.78,1.9169e-31,6.67202e+15,8.55695e+16,2.47464e+14,9.2489e+16,8.36093e+23,1.7801e+08
1.46209e+07,197815,3.14622e+07,2.60205e+27,4.591e+30,1.01091e+11,0.00373204,8.49692e+36,0.03468,0.111736,1685.4,1.88156e-31,6.6622e+15,8.54613e+16,2.47085e+14,9.23706e+16,8.95676e+23,1.55377e+08
1.55625e+07,197507,3.14409e+07,3.13491e+27,5.4824e+30,1.07546e+11,0.00373679,8.43877e+36,0.03468,0.11126,1660.28,1.82071e-31,6.64488e+15,8.52702e+16,2.46418e+14,9.21615e+16,9.9807e+23,1.3504e+08
1.70059e+07,196996,3.14058e+07,4.08431e+27,7.03916e+30,1.17421e+11,0.00374466,8.34349e+36,0.03468,0.110477,1619.55,1.72437e-31,6.61631e+15,8.4955e+16,2.45318e+14,9.18166e+16,1.15956e+24,1.16826e+08
1.90742e+07,196189,3.13501e+07,5.74911e+27,9.68235e+30,1.31524e+11,0.00375716,8.19448e+36,0.03468,0.109247,1556.96,1.58184e-31,6.57116e+15,8.44567e+16,2.43583e+14,9.12715e+16,1.39665e+24,1.00567e+08
2.18974e+07,194943,3.12641e+07,8.66544e+27,1.4085e+31,1.50674e+11,0.00377659,7.9689e+36,0.03468,0.107366,1464.76,1.38396e-31,6.50175e+15,8.36901e+16,2.40921e+14,9.04328e+16,1.72067e+24,8.61038e+07
2.56217e+07,193052,3.11331e+07,1.38015e+28,2.12612e+31,1.75738e+11,0.00380644,7.63605e+36,0.03468,0.104554,1334.26,1.12828e-31,6.39699e+15,8.2531e+16,2.36908e+14,8.91649e+16,2.12508e+24,7.32858e+07
3.04227e+07,190215,3.09353e+07,2.29023e+28,3.25659e+31,2.07658e+11,0.00385217,7.15723e+36,0.03468,0.100424,1158.07,8.27518e-32,6.24107e+15,8.08015e+16,2.30945e+14,8.72736e+16,2.56225e+24,6.19707e+07
3.54227e+07,186808,3.06956e+07,3.57656e+28,4.62246e+31,2.40362e+11,0.00390872,6.61324e+36,0.03468,0.0956039,974.214,5.66798e-32,6.05586e+15,7.87392e+16,2.2387e+14,8.5019e+16,2.86988e+24,5.20246e+07
4.04227e+07,182972,3.04226e+07,5.24978e+28,6.09881e+31,2.7244e+11,0.00397475,6.03929e+36,0.03468,0.0903534,798.775,3.67005e-32,5.85006e+15,7.64366e+16,2.1601e+14,8.25027e+16,3.00137e+24,4.33227e+07
4.54227e+07,178743,3.01174e+07,7.34599e+28,7.59705e+31,3.03819e+11,0.00405063,5.45138e+36,0.03468,0.0847766,638.48,2.24766e-32,5.62642e+15,7.39208e+16,2.07473e+14,7.97547e+16,2.9593e+24,3.57482e+07
5.04227e+07,174155,2.97816e+07,9.89485e+28,9.03599e+31,3.34434e+11,0.00413679,4.86437e+36,0.03468,0.0789771,497.661,1.30271e-32,5.38778e+15,7.12202e+16,1.98372e+14,7.68063e+16,2.76949e+24,2.91929e+07
5.54227e+07,169245,2.94164e+07,1.29193e+29,1.03514e+32,3.64227e+11,0.00423372,4.29142e+36,0.03468,0.0730557,378.359,7.14967e-33,5.13705e+15,6.83641e+16,1.88821e+14,7.36899e+16,2.47223e+24,2.35564e+07
6.04227e+07,164054,2.90236e+07,1.64354e+29,1.15007e+32,3.93144e+11,0.00434196,3.7436e+36,0.03468,0.0671074,280.665,3.71819e-33,4.87713e+15,6.53822e+16,1.78936e+14,7.04383e+16,2.11295e+24,1.87458e+07
6.54227e+07,158621,2.86048e+07,2.04523e+29,1.24637e+32,4.21141e+11,0.00446215,3.22964e+36,0.03468,0.0612194,203.2,1.83352e-33,4.61089e+15,6.23044e+16,1.68828e+14,6.70841e+16,1.73412e+24,1.46755e+07
7.04227e+07,152985,2.81615e+07,2.49721e+29,1.32396e+32,4.48179e+11,0.00459497,2.7559e+36,0.03468,0.0554691,143.633,8.57955e-34,4.3411e+15,5.91597e+16,1.58605e+14,6.36594e+16,1.36995e+24,1.12665e+07
7.54227e+07,147187,2.76958e+07,2.99907e+29,1.3842e+32,4.74225e+11,0.0047412,2.32639e+36,0.03468,0.0499227,99.1589,3.8124e-34,4.07037e+15,5.59761e+16,1.48369e+14,6.01949e+16,1.04384e+24,8.44614e+06
8.04227e+07,141265,2.72092e+07,3.54972e+29,1.42936e+32,4.99255e+11,0.00490171,1.94306e+36,0.03468,0.0446348,66.8825,1.61001e-34,3.80112e+15,5.27803e+16,1.38214e+14,5.67196e+16,7.68431e+23,6.14772e+06
8.54227e+07,135259,2.67036e+07,4.14752e+29,1.46209e+32,5.23251e+11,0.00507745,1.606e+36,0.03468,0.0396481,44.0916,6.46706e-35,3.53558e+15,4.95971e+16,1.28225e+14,5.32609e+16,5.47353e+23,4.30971e+06
9.04227e+07,129203,2.6181e+07,4.79027e+29,1.48506e+32,5.46201e+11,0.00526948,1.31382e+36,0.03468,0.0349938,28.4201,2.4728e-35,3.27572e+15,4.64493e+16,1.18476e+14,4.98435e+16,3.77744e+23,2.87544e+06
9.54227e+07,123133,2.5643e+07,5.47528e+29,1.50068e+32,5.681e+11,0.00547899,1.06398e+36,0.03468,0.030692,17.9178,9.00811e-36,3.02328e+15,4.33575e+16,1.09034e+14,4.64898e+16,2.52881e+23,1.79247e+06
1.00423e+08,117082,2.50915e+07,6.19947e+29,1.511e+32,5.88947e+11,0.00570726,8.53118e+35,0.03468,0.0267528,11.0535,3.129e-36,2.77972e+15,4.034e+16,9.99526e+13,4.32197e+16,1.64403e+23,1.01196e+06
1.05423e+08,111079,2.45282e+07,6.95935e+29,1.51762e+32,6.08749e+11,0.00595573,6.77396e+35,0.03468,0.0231778,6.67471,1.0372e-36,2.54626e+15,3.74126e+16,9.12758e+13,4.00501e+16,1.03907e+23,487830
1.10423e+08,105151,2.3955e+07,7.75119e+29,1.52176e+32,6.27515e+11,0.00622598,5.3273e+35,0.03468,0.0199608,3.94684,3.28371e-37,2.32386e+15,3.45885e+16,8.3038e+13,3.69954e+16,6.39119e+22,189274
1.15423e+08,99324.9,2.33735e+07,8.57098e+29,1.52427e+32,6.45262e+11,0.00651977,4.15027e+35,0.03468,0.0170896,2.28618,9.93712e-38,2.11324e+15,3.18789e+16,7.52639e+13,3.40674e+16,3.82996e+22,72718.8
1.20423e+08,93621.6,2.27854e+07,9.41458e+29,1.52576e+32,6.62009e+11,0.00683901,3.20348e+35,0.03468,0.0145471,1.29769,2.8767e-38,1.9149e+15,2.92922e+16,6.79695e+13,3.12751e+16,2.23879e+22,27012.8
1.25423e+08,88060.8,2.21921e+07,1.02777e+30,1.52662e+32,6.77779e+11,0.00718585,2.45025e+35,0.03468,0.0123127,0.722072,7.97253e-39,1.72911e+15,2.6835e+16,6.11626e+13,2.86253e+16,1.27841e+22,9347.36
1.30423e+08,82659.5,2.15953e+07,1.11561e+30,1.52711e+32,6.92597e+11,0.00756263,1.85743e+35,0.03468,0.0103635,0.393992,2.11683e-39,1.55599e+15,2.45117e+16,5.48439e+13,2.61225e+16,7.14452e+21,3861.62
1.35423e+08,77431.9,2.09964e+07,1.20455e+30,1.52738e+32,7.06493e+11,0.00797196,1.39568e+35,0.03468,0.00867505,0.210877,5.38843e-40,1.39546e+15,2.23246e+16,4.9008e+13,2.37691e+16,3.91786e+21,1317.51
1.40423e+08,72389.5,2.03966e+07,1.29417e+30,1.52752e+32,7.19498e+11,0.00841674,1.03967e+35,0.03468,0.00722247,0.110747,1.31586e-40,1.24732e+15,2.02747e+16,4.3644e+13,2.15657e+16,2.11607e+21,493.338
1.45423e+08,67541.7,1.97974e+07,1.38405e+30,1.5276e+32,7.31645e+11,0.00890015,7.67877e+34,0.03468,0.00598111,0.0570847,3.08457e-41,1.11123e+15,1.83612e+16,3.87368e+13,1.95112e+16,1.13198e+21,206.509
1.50423e+08,62895.5,1.91999e+07,1.47379e+30,1.52764e+32,7.42968e+11,0.00942574,5.62374e+34,0.03468,0.00492708,0.0288867,6.94464e-42,9.86775e+14,1.65821e+16,3.42676e+13,1.76031e+16,6.04715e+20,196.266
1.55423e+08,58455.8,1.86051e+07,1.56303e+30,1.52767e+32,7.53502e+11,0.00999746,4.08452e+34,0.03468,0.00403772,0.0143538,1.50242e-42,8.73436e+14,1.49342e+16,3.0215e+13,1.58378e+16,3.2635e+20,186.116
1.60423e+08,54225.5,1.80143e+07,1.6514e+30,1.52768e+32,7.63284e+11,0.0106197,2.94224e+34,0.03468,0.00329188,0.00700498,3.12465e-43,7.7065e+14,1.34134e+16,2.65555e+13,1.42106e+16,1.80572e+20,176.491
1.65423e+08,50205.7,1.74281e+07,1.73857e+30,1.52769e+32,7.7235e+11,0.0112973,2.10216e+34,0.03468,0.00267014,0.00335807,6.24933e-44,6.77809e+14,1.2015e+16,2.32645e+13,1.27161e+16,1.04074e+20,166.994
1.70423e+08,46396.2,1.68477e+07,1.82423e+30,1.52769e+32,7.80736e+11,0.0120358,1.48981e+34,0.03468,0.00215486,0.0015815,1.20228e-44,5.94277e+14,1.07335e+16,2.03166e+13,1.13481e+16,6.32697e+19,158.008
1.75423e+08,42795,1.62736e+07,1.9081e+30,1.52769e+32,7.88479e+11,0.0128412,1.04735e+34,0.03468,0.00173025,0.000731783,2.22536e-45,5.19406e+14,9.5631e+15,1.7686e+13,1.01002e+16,4.07444e+19,149.175
1.80423e+08,39399.2,1.57068e+07,1.98993e+30,1.52769e+32,7.95615e+11,0.0137203,7.30385e+33,0.03468,0.00138232,0.000332697,3.96333e-46,4.52547e+14,8.49756e+15,1.53474e+13,8.96545e+15,2.76406e+19,140.525
1.85423e+08,36204.5,1.51476e+07,2.06949e+30,1.5277e+32,8.02179e+11,0.0146809,5.0526e+33,0.03468,0.0010988,0.000148616,6.79174e-47,3.93057e+14,7.53057e+15,1.32761e+13,7.93691e+15,1.95123e+19,132.376
1.90423e+08,33206,1.45969e+07,2.14658e+30,1.5277e+32,8.08206e+11,0.0157315,3.46713e+33,0.03468,0.000869019,6.5225e-05,1.11974e-47,3.40314e+14,6.65574e+15,1.14479e+13,7.0075e+15,1.41359e+19,124.425
1.95423e+08,30397.9,1.40549e+07,2.22103e+30,1.5277e+32,8.13728e+11,0.0168819,2.35992e+33,0.03468,0.000683799,2.81221e-05,1.7757e-48,2.93714e+14,5.86667e+15,9.8401e+12,6.17022e+15,1.03857e+19,116.692
2.00423e+08,27773.8,1.35222e+07,2.2927e+30,1.5277e+32,8.18778e+11,0.018143,1.59317e+33,0.03468,0.000535298,1.19095e-05,2.7076e-49,2.52683e+14,5.15705e+15,8.43092e+12,5.41817e+15,7.67168e+18,109.198
2.05423e+08,25326.8,1.29991e+07,2.36146e+30,1.5277e+32,8.23389e+11,0.0195272,1.06666e+33,0.03468,0.000416871,4.95292e-06,3.96781e-50,2.16679e+14,4.52076e+15,7.20007e+12,4.74464e+15,5.66523e+18,102.186
2.10423e+08,23049.6,1.24858e+07,2.42724e+30,1.5277e+32,8.27589e+11,0.0210488,7.08146e+32,0.03468,0.000322932,2.02218e-06,5.58466e-51,1.85193e+14,3.95186e+15,6.12861e+12,4.14319e+15,4.16755e+18,95.4123
2.15423e+08,20934.8,1.19828e+07,2.48996e+30,1.5277e+32,8.31409e+11,0.0227238,4.66109e+32,0.03468,0.000248815,8.10244e-07,7.54354e-52,1.57749e+14,3.44467e+15,5.19903e+12,3.60762e+15,3.04755e+18,88.8909
2.20423e+08,18974.7,1.14901e+07,2.54957e+30,1.5277e+32,8.34874e+11,0.0245706,3.04109e+32,0.03468,0.000190654,3.1846e-07,9.76941e-53,1.33909e+14,2.99378e+15,4.39526e+12,3.13208e+15,2.21242e+18,82.6323
2.25423e+08,17161.5,1.10079e+07,2.60606e+30,1.5277e+32,8.38012e+11,0.0266104,1.96628e+32,0.03468,0.000145261,1.22718e-07,1.21164e-53,1.13269e+14,2.59407e+15,3.7026e+12,2.71104e+15,1.59322e+18,76.6445
2.30423e+08,15487.6,1.05363e+07,2.6594e+30,1.5277e+32,8.40847e+11,0.0288674,1.25954e+32,0.03468,0.00011003,4.63348e-08,1.43715e-54,9.54605e+13,2.24074e+15,3.10771e+12,2.33931e+15,1.13746e+18,70.9336
2.35423e+08,13945.1,1.00753e+07,2.70963e+30,1.5277e+32,8.43403e+11,0.0313697,7.99062e+31,0.03468,8.28395e-05,1.71292e-08,1.62766e-55,8.01471e+13,1.92931e+15,2.59854e+12,2.01206e+15,8.04739e+17,65.5031
2.40423e+08,12526.6,9.62509e+06,2.75677e+30,1.5277e+32,8.45701e+11,0.03415,5.01867e+31,0.03468,6.19764e-05,6.19481e-09,1.75693e-56,6.70251e+13,1.65561e+15,2.16426e+12,1.72479e+15,5.63978e+17,60.2214
2.45423e+08,11224.5,9.18551e+06,2.80085e+30,1.5277e+32,8.47828e+11,0.0372462,3.1192e+31,0.03468,4.60634e-05,2.18959e-09,1.80367e-57,5.5821e+13,1.41577e+15,1.79516e+12,1.47338e+15,3.91366e+17,55.2432
2.50423e+08,10031.8,8.75656e+06,2.84195e+30,1.5277e+32,8.49903e+11,0.0407026,1.91744e+31,0.03468,3.40007e-05,7.55537e-10,1.75676e-58,4.62892e+13,1.20623e+15,1.4826e+12,1.254e+15,2.68801e+17,50.5645
2.55423e+08,8941.3,8.33818e+06,2.88013e+30,1.5277e+32,8.51928e+11,0.0445715,1.16512e+31,0.03468,2.4915e-05,2.54189e-10,1.61887e-59,3.82108e+13,1.02375e+15,1.21892e+12,1.06318e+15,1.8264e+17,46.0778
2.60423e+08,7946.4,7.93026e+06,2.91547e+30,1.5277e+32,8.53905e+11,0.0489146,6.99364e+30,0.03468,1.81174e-05,8.32594e-11,1.40694e-60,3.13908e+13,8.65323e+14,9.97334e+11,8.97712e+14,1.22698e+17,41.8038
2.65423e+08,7040.58,7.5327e+06,2.94807e+30,1.5277e+32,8.55833e+11,0.0538052,4.14372e+30,0.03468,1.30673e-05,2.65074e-11,1.14901e-61,2.56566e+13,7.28248e+14,8.11882e+11,7.54717e+14,8.14483e+16,37.8424
2.70423e+08,6217.65,7.14535e+06,2.97801e+30,1.5277e+32,8.57711e+11,0.059331,2.42134e+30,0.03468,9.34321e-06,8.1872e-12,8.7815e-63,2.08559e+13,6.10057e+14,6.57331e+11,6.3157e+14,5.3385e+16,34.1052
2.75423e+08,5471.71,6.76806e+06,3.0054e+30,1.5277e+32,8.59539e+11,0.0655975,1.39402e+30,0.03468,6.61845e-06,2.44795e-12,6.25107e-64,1.68548e+13,5.0852e+14,5.29111e+11,5.25904e+14,3.45214e+16,30.6014
2.80423e+08,4797.15,6.40066e+06,3.03035e+30,1.5277e+32,8.61317e+11,0.0727324,7.8985e+29,0.03468,4.6415e-06,7.06801e-13,4.12228e-65,1.3536e+13,4.21628e+14,4.23242e+11,4.35587e+14,2.20028e+16,27.2759
2.85423e+08,4188.67,6.04296e+06,3.05298e+30,1.5277e+32,8.63046e+11,0.0808917,4.39864e+29,0.03468,3.21997e-06,1.96513e-13,2.50284e-66,1.07972e+13,3.47573e+14,3.36272e+11,3.58707e+14,1.38075e+16,24.2045
2.90423e+08,3641.23,5.69478e+06,3.0734e+30,1.5277e+32,8.64723e+11,0.0902673,2.40406e+29,0.03468,2.20765e-06,5.24417e-14,1.38917e-67,8.54931e+12,2.84738e+14,2.65215e+11,2.93552e+14,8.52019e+15,21.3369
2.95423e+08,3150.1,5.3559e+06,3.09174e+30,1.5277e+32,8.6635e+11,0.101097,1.28731e+29,0.03468,1.49427e-06,1.33822e-14,6.99114e-69,6.7152e+12,2.31674e+14,2.075e+11,2.38597e+14,5.16239e+15,18.6846
3.00423e+08,2710.84,5.02611e+06,3.10811e+30,1.5277e+32,8.67925e+11,0.113681,6.74014e+28,0.03468,9.97256e-07,3.25131e-15,3.16003e-70,5.22826e+12,1.87092e+14,1.60923e+11,1.92481e+14,3.06609e+15,16.2179
3.05423e+08,2319.25,4.70519e+06,3.12263e+30,1.5277e+32,8.69449e+11,0.128395,3.44272e+28,0.03468,6.55291e-07,7.4831e-16,0,4.03118e+12,1.49846e+14,1.23595e+11,1.54001e+14,1.78154e+15,13.9528
3.10423e+08,1971.44,4.39293e+06,3.13543e+30,1.5277e+32,8.70921e+11,0.145725,1.71083e+28,0.03468,4.23229e-07,1.62192e-16,0,3.07485e+12,1.18921e+14,9.39088e+10,1.2209e+14,1.01036e+15,11.8983
3.15423e+08,1663.73,4.08908e+06,3.14663e+30,1.5277e+32,8.7234e+11,0.1663,8.24525e+27,0.03468,2.6814e-07,3.28759e-17,0,2.31734e+12,9.34177e+13,7.05007e+10,9.58055e+13,5.57751e+14,10.0347
3.20423e+08,1392.7,3.79343e+06,3.15635e+30,1.5277e+32,8.73706e+11,0.190949,3.83923e+27,0.03468,1.6625e-07,6.18057e-18,0,1.72299e+12,7.25456e+13,5.22176e+10,7.43208e+13,2.98729e+14,8.35143
3.25423e+08,1155.17,3.50573e+06,3.16471e+30,1.5277e+32,8.75018e+11,0.220778,1.71932e+27,0.03468,1.00586e-07,1.06702e-18,0,1.26163e+12,5.56091e+13,3.80893e+10,5.69089e+13,1.54628e+14,6.84372
3.30423e+08,948.167,3.22575e+06,3.17183e+30,1.5277e+32,8.76274e+11,0.257299,7.36461e+26,0.03468,5.91812e-08,1.67139e-19,0,9.07806e+11,4.19987e+13,2.73032e+10,4.29339e+13,7.69872e+13,5.50982
3.35423e+08,768.917,2.95326e+06,3.17782e+30,1.5277e+32,8.77476e+11,0.30261,2.99703e+26,0.03468,3.37182e-08,2.34065e-20,0,6.40203e+11,3.11819e+13,1.91822e+10,3.18413e+13,3.66555e+13,4.33886
3.40423e+08,614.852,2.68803e+06,3.18279e+30,1.5277e+32,8.7862e+11,0.359702,1.14902e+26,0.03468,1.85049e-08,2.87716e-21,0,4.41031e+11,2.26948e+13,1.31653e+10,2.3149e+13,1.65693e+13,3.32725
3.45423e+08,483.58,2.42983e+06,3.18685e+30,1.5277e+32,8.79706e+11,0.432951,4.10625e+25,0.03468,9.71732e-09,3.03294e-22,0,2.95551e+11,1.61348e+13,8.79008e+09,1.64392e+13,7.04573e+12,2.46823
3.50423e+08,372.877,2.17842e+06,3.19012e+30,1.5277e+32,8.80733e+11,0.528967,1.34922e+25,0.03468,4.84068e-09,2.66081e-23,0,1.91629e+11,1.11539e+13,5.67877e+09,1.13512e+13,2.78526e+12,1.75562
3.55423e+08,280.677,1.93357e+06,3.19268e+30,1.5277e+32,8.81698e+11,0.658126,4.00292e+24,0.03468,2.26164e-09,1.86732e-24,0,1.19361e+11,7.45224e+12,3.52478e+09,7.57513e+12,1.0077e+12,1.18291
3.60423e+08,205.052,1.69507e+06,3.19463e+30,1.5277e+32,8.826e+11,0.837483,1.04627e+24,0.03468,9.7586e-10,9.93405e-26,0,7.07334e+10,4.77278e+12,2.0818e+09,4.84559e+12,3.26652e+11,0.763874
3.65423e+08,144.206,1.46268e+06,3.19608e+30,1.5277e+32,8.83436e+11,1.09671,2.32738e+23,0.03468,3.80503e-10,3.71449e-27,0,3.93393e+10,2.89637e+12,1.15422e+09,2.93687e+12,9.20755e+10,0.484593
3.70423e+08,96.4587,1.23619e+06,3.1971e+30,1.5277e+32,8.84203e+11,1.49131,4.18762e+22,0.03468,1.29855e-10,8.73528e-29,0,2.01259e+10,1.63737e+12,5.88885e+08,1.65809e+12,2.15976e+10,0.305231
3.75423e+08,60.2261,1.01538e+06,3.19778e+30,1.5277e+32,8.84897e+11,2.1354,5.63079e+21,0.03468,3.69038e-11,1.0867e-30,0,9.17966e+09,8.39717e+11,2.6804e+08,8.49165e+11,3.93647e+09,0.191593
3.80423e+08,34.0066,800025,3.19821e+30,1.5277e+32,8.85512e+11,3.29653,4.9516e+20,0.03468,8.03072e-12,5.34279e-33,0,3.54099e+09,3.73584e+11,1.03301e+08,3.77228e+11,4.96662e+08,0.119915
3.85423e+08,16.3537,589916,3.19843e+30,1.5277e+32,8.86042e+11,5.73577,2.21283e+19,0.03468,1.1417e-12,5.98103e-36,0,1.04523e+09,1.32473e+11,3.05387e+07,1.33548e+11,3.48539e+07,0.0750353
3.90423e+08,6.31617,384775,3.19853e+30,1.5277e+32,8.86445e+11,13.1499,2.93842e+17,0.03468,7.98096e-14,4.68275e-40,0,2.14096e+08,3.33719e+10,5.52733e+06,3.35915e+10,965581,0.0469479
3.93829e+08,2.3899,247814,3.19856e+30,1.5277e+32,8.86687e+11,31.0637,3.44624e+15,0.03468,5.19584e-15,2.79197e-44,0,4.23791e+07,8.13253e+09,951022,8.17586e+09,24202.6,0.0293735
3.96193e+08,0.858258,154047,3.19857e+30,1.5277e+32,8.86834e+11,80.0895,2.86227e+13,0.03468,2.78614e-16,7.8044e-49,0,7.68921e+06,1.81548e+09,142004,1.82331e+09,471.676,0.0183783
3.97885e+08,0.282748,87544.7,3.19857e+30,1.5277e+32,8.86926e+11,266.074,1.01577e+11,0.03468,9.57403e-18,3.35901e-54,0,1.20833e+06,3.39899e+08,14811.8,3.41122e+08,5.38541,0.0114998
3.98807e+08,0.0954763,51495,3.19857e+30,1.5277e+32,8.86982e+11,797.216,4.97578e+08,0.03468,3.87018e-19,2.94074e-59,0,197854,6.7512e+07,1773.17,6.77116e+07,0.073852,0.00719663
3.99277e+08,0.036128,33195.4,3.19857e+30,1.5277e+32,8.87013e+11,1877.34,5.88377e+06,0.03468,2.5289e-20,1.78542e-63,0,39167.4,1.64681e+07,306.198,1.65075e+07,0.00183035,0.00450468
3.99603e+08,0.0128555,20502.9,3.19857e+30,1.5277e+32,8.87031e+11,4918.49,45911.1,0.03468,1.30957e-21,4.35178e-68,0,6998.39,3.6193e+06,44.5609,3.62634e+06,3.37819e-05,0.00282067
3.99614e+08,0.0122717,20109.6,3.19857e+30,1.5277e+32,8.87032e+11,5095.03,37680,0.03468,1.15689e-21,2.82532e-68,0,6476.75,3.38865e+06,41.2385,3.39517e+06,2.84895e-05,0.0017672
3.99624e+08,0.0116887,19705.8,3.19857e+30,1.5277e+32,8.87032e+11,5286.7,30637.4,0.03468,1.01605e-21,1.79726e-68,0,5972.1,3.16285e+06,38.0245,3.16886e+06,2.38337e-05,0.00110819
3.99634e+08,0.0111334,19310.1,3.19857e+30,1.5277e+32,8.87033e+11,5485.58,24911.2,0.03468,8.92353e-22,1.1433e-68,0,5506.77,2.9521e+06,35.061,2.95764e+06,1.99388e-05,0.000695925
3.99645e+08,0.010581,18904.9,3.19857e+30,1.5277e+32,8.87033e+11,5701.49,20065.7,0.03468,7.79108e-22,7.12492e-69,0,5059.01,2.74677e+06,32.2095,2.75186e+06,1.65456e-05,0.000438027
3.99655e+08,0.0100561,18508.2,3.19857e+30,1.5277e+32,8.87034e+11,5925.9,16162.8,0.03468,6.80235e-22,4.44021e-69,0,4647.66,2.55572e+06,29.5899,2.5604e+06,1.37299e-05,0.000276694
3.99665e+08,0.00953608,18103.1,3.19857e+30,1.5277e+32,8.87034e+11,6169.47,12897.2,0.03468,5.90417e-22,2.71082e-69,0,4254.04,2.37052e+06,27.0834,2.3748e+06,1.13014e-05,0.000175769
3.99675e+08,0.00904295,17706.9,3.19857e+30,1.5277e+32,8.87035e+11,6423.05,10291.4,0.03468,5.12459e-22,1.65502e-69,0,3893.76,2.19874e+06,24.7892,2.20266e+06,9.30238e-06,0.000112633
3.99686e+08,0.00855638,17303.5,3.19857e+30,1.5277e+32,8.87035e+11,6698.28,8135.27,0.03468,4.42179e-22,9.89867e-70,0,3550.87,2.03303e+06,22.6059,2.0366e+06,7.59513e-06,7.31374e-05
3.99696e+08,0.00809598,16909.2,3.19857e+30,1.5277e+32,8.87035e+11,6985.29,6430.88,0.03468,3.81537e-22,5.92046e-70,0,3238.18,1.87981e+06,20.6149,1.88307e+06,6.20121e-06,4.84301e-05
3.99706e+08,0.00764344,16508.7,3.19857e+30,1.5277e+32,8.87035e+11,7296.83,5036.02,0.03468,3.27276e-22,3.46903e-70,0,2942.16,1.73269e+06,18.7301,1.73565e+06,5.02221e-06,3.2974e-05
3.99716e+08,0.00721619,16117.7,3.19857e+30,1.5277e+32,8.87036e+11,7622.25,3943.71,0.03468,2.80733e-22,2.03266e-70,0,2673.2,1.59709e+06,17.0177,1.59978e+06,4.06738e-06,2.33051e-05
3.99727e+08,0.00679776,15721.4,3.19857e+30,1.5277e+32,8.87036e+11,7975.54,3059.43,0.03468,2.39392e-22,1.1668e-70,0,2419.89,1.4675e+06,15.4049,1.46994e+06,3.26747e-06,1.72566e-05
3.99737e+08,0.00638945,15320.8,3.19857e+30,1.5277e+32,8.87036e+11,8359.21,2351.23,0.03468,2.02939e-22,0,0,2182.52,1.3442e+06,13.8936,1.3464e+06,2.60368e-06,1.34728e-05
3.99747e+08,0.00600567,14930.4,3.19857e+30,1.5277e+32,8.87036e+11,8761.33,1806.97,0.03468,1.72037e-22,0,0,1968.43,1.23127e+06,12.5307,1.23325e+06,2.07473e-06,1.11058e-05
3.99757e+08,0.00563246,14536.5,3.19857e+30,1.5277e+32,8.87036e+11,9198.2,1375.7,0.03468,1.44983e-22,0,0,1768.81,1.12429e+06,11.2598,1.12607e+06,1.63989e-06,9.62505e-06
3.99767e+08,0.00527077,14140,3.19857e+30,1.5277e+32,8.87036e+11,9673.05,1037.57,0.03468,1.21464e-22,0,0,1583.59,1.0234e+06,10.0807,1.02499e+06,1.28572e-06,8.69875e-06
3.99778e+08,0.00492141,13741.7,3.19857e+30,1.5277e+32,8.87036e+11,10189.5,775.222,0.03468,1.01163e-22,0,0,1412.54,928643,8.99179,930065,9.99902e-07,8.11928e-06
3.99788e+08,0.00458505,13342.2,3.19857e+30,1.5277e+32,8.87036e+11,10751.5,573.793,0.03468,8.37592e-23,0,0,1255.33,840026,7.99103,841289,7.71339e-07,7.75678e-06
3.99798e+08,0.00426224,12942.5,3.19857e+30,1.5277e+32,8.87036e+11,11363.5,420.729,0.03468,6.89417e-23,0,0,1111.51,757488,7.07552,758606,5.90217e-07,7.53002e-06
3.99808e+08,0.0039534,12543.1,3.19857e+30,1.5277e+32,8.87036e+11,12030.5,305.611,0.03468,5.64119e-23,0,0,980.551,680923,6.24186,681909,4.47977e-07,7.38816e-06
3.99819e+08,0.00365884,12144.9,3.19857e+30,1.5277e+32,8.87036e+11,12758.1,219.915,0.03468,4.5888e-23,0,0,861.835,610181,5.48617,611049,3.37271e-07,7.29942e-06
3.99829e+08,0.00337874,11748.5,3.19857e+30,1.5277e+32,8.87036e+11,13552.3,156.769,0.03468,3.71079e-23,0,0,754.705,545079,4.80424,545839,2.51872e-07,7.2439e-06
3.99839e+08,0.0031132,11354.6,3.19857e+30,1.5277e+32,8.87036e+11,14420.1,110.71,0.03468,2.98313e-23,0,0,658.46,485400,4.1916,486062,1.86577e-07,7.20917e-06
3.99849e+08,0.00286218,10963.8,3.19857e+30,1.5277e+32,8.87036e+11,15369.1,77.4515,0.03468,2.38406e-23,0,0,572.374,430902,3.64364,431478,1.37093e-07,7.18745e-06
3.99859e+08,0.00261979,10567,3.19857e+30,1.5277e+32,8.87036e+11,16435.7,53.1754,0.03468,1.88296e-23,0,0,493.887,380133,3.14405,380630,9.9113e-08,7.17386e-06
3.99869e+08,0.00239262,10175.1,3.19857e+30,1.5277e+32,8.87036e+11,17605.7,36.167,0.03468,1.47844e-23,0,0,424.595,334297,2.70298,334725,7.1076e-08,7.16536e-06
3.9988e+08,0.00217551,9779.73,3.19857e+30,1.5277e+32,8.87036e+11,18922.3,24.1407,0.03468,1.14721e-23,0,0,362.343,292151,2.30673,292516,5.01502e-08,7.16004e-06
3.9989e+08,0.00197373,9391.07,3.19857e+30,1.5277e+32,8.87036e+11,20371.5,15.9628,0.03468,8.84959e-24,0,0,308.08,254520,1.96133,254830,3.50994e-08,7.15671e-06
3.999e+08,0.00178275,9001.26,3.19857e+30,1.5277e+32,8.87036e+11,22005.3,10.3587,0.03468,6.74654e-24,0,0,260.018,220351,1.6554,220613,2.41704e-08,7.15463e-06
3.9991e+08,0.00160315,8611.76,3.19857e+30,1.5277e+32,8.87036e+11,23849.9,6.59694,0.03468,5.08297e-24,0,0,217.843,189578,1.38694,189797,1.63767e-08,7.15333e-06
3.9992e+08,0.00143211,8216.36,3.19857e+30,1.5277e+32,8.87036e+11,25979.5,4.08446,0.03468,3.76244e-24,0,0,180.5,161576,1.14923,161757,1.08293e-08,7.15251e-06
3.9993e+08,0.00127367,7824.7,3.19857e+30,1.5277e+32,8.87036e+11,28394.1,2.48179,0.03468,2.75234e-24,0,0,148.46,136850,0.94528,136999,7.04587e-09,7.152e-06
3.9994e+08,0.00112526,7431.14,3.19857e+30,1.5277e+32,8.87036e+11,31189.6,1.46607,0.03468,1.97811e-24,0,0,120.765,114823,0.768974,114944,4.47407e-09,7.15169e-06
3.9995e+08,0.000987571,7037.9,3.19857e+30,1.5277e+32,8.87036e+11,34432.9,0.841979,0.03468,1.39674e-24,0,0,97.1551,95440.3,0.618674,95538.1,2.77272e-09,7.15138e-06
3.9996e+08,0.000860997,6647.08,3.19857e+30,1.5277e+32,8.87036e+11,38205,0.470117,0.03468,9.68947e-25,0,0,77.3014,78587.4,0.492281,78665.2,1.67705e-09,0
3.9997e+08,0.000744033,6254.87,3.19857e+30,1.5277e+32,8.87036e+11,42675.3,0.252807,0.03468,6.56508e-25,0,0,60.6045,63904.4,0.385978,63965.4,9.81969e-10,0
3.9998e+08,0.000637294,5864.16,3.19857e+30,1.5277e+32,8.87036e+11,47989.3,0.130933,0.03468,4.34448e-25,0,0,46.8185,51317.5,0.298203,51364.6,5.56627e-10,0
