X = 0.734
Y = 0.25
Z = 0.016
mu = 0.601142
Radius,Density,Temp,Mass,Lum,OptD,Kff,KH,Kes,PP,CNO,3a,Deg,Gas,Rad,TotPres, dLdr, dPdT
0,0,0,0,0,0,-nan,0,0.03468,0,0,0,0,0,0,0, 0,0
1,75150,6.28058e+06,314788,21.2189,40077.9,0.533306,2.6363e+30,0.03468,6.7407e-05,7.59573e-12,4.39682e-63,1.3276e+15,6.48111e+15,3.92365e+11,7.8091e+15, 63.6567,1.032e+09
100009,75149.9,6.28058e+06,3.14875e+20,2.12247e+16,4.00816e+09,0.533306,2.63629e+30,0.03468,6.74068e-05,7.59566e-12,4.39673e-63,1.3276e+15,6.4811e+15,3.92364e+11,7.80909e+15, 6.36682e+11,1.032e+09
200083,75149.7,6.28057e+06,2.52142e+21,1.6996e+17,8.0189e+09,0.533307,2.63625e+30,0.03468,6.74063e-05,7.59546e-12,4.39648e-63,1.32759e+15,6.48108e+15,3.92362e+11,7.80906e+15, 2.54834e+12,1.032e+09
300086,75149.4,6.28056e+06,8.50651e+21,5.73391e+17,1.20268e+10,0.533309,2.6362e+30,0.03468,6.74055e-05,7.59512e-12,4.39605e-63,1.32758e+15,6.48104e+15,3.92359e+11,7.80901e+15, 5.7322e+12,1.03199e+09
400294,75148.9,6.28054e+06,2.01908e+22,1.36097e+18,1.6043e+10,0.533312,2.63613e+30,0.03468,6.74043e-05,7.59464e-12,4.39544e-63,1.32757e+15,6.48098e+15,3.92355e+11,7.80894e+15, 1.01995e+13,1.03198e+09
500305,75148.3,6.28052e+06,3.942e+22,2.65709e+18,2.00512e+10,0.533316,2.63603e+30,0.03468,6.74028e-05,7.59403e-12,4.39467e-63,1.32755e+15,6.4809e+15,3.92349e+11,7.80885e+15, 1.59323e+13,1.03197e+09
600367,75147.6,6.28049e+06,6.81175e+22,4.59135e+18,2.40614e+10,0.533321,2.63591e+30,0.03468,6.74009e-05,7.59329e-12,4.39372e-63,1.32753e+15,6.48081e+15,3.92342e+11,7.80873e+15, 2.29416e+13,1.03196e+09
700777,75146.8,6.28046e+06,1.08329e+23,7.3016e+18,2.80856e+10,0.533327,2.63577e+30,0.03468,6.73987e-05,7.5924e-12,4.3926e-63,1.3275e+15,6.4807e+15,3.92334e+11,7.8086e+15, 3.12558e+13,1.03194e+09
800852,75145.8,6.28042e+06,1.61681e+23,1.08974e+19,3.20964e+10,0.533333,2.63561e+30,0.03468,6.73962e-05,7.59138e-12,4.39131e-63,1.32747e+15,6.48058e+15,3.92324e+11,7.80844e+15, 4.08182e+13,1.03192e+09
901206,75144.6,6.28038e+06,2.30394e+23,1.55283e+19,3.61184e+10,0.53334,2.63542e+30,0.03468,6.73933e-05,7.59023e-12,4.38985e-63,1.32744e+15,6.48044e+15,3.92313e+11,7.80827e+15, 5.1686e+13,1.0319e+09
1.00179e+06,75143.4,6.28033e+06,3.16468e+23,2.1329e+19,4.01497e+10,0.533348,2.63522e+30,0.03468,6.73901e-05,7.58893e-12,4.3882e-63,1.3274e+15,6.48028e+15,3.92301e+11,7.80807e+15, 6.38637e+13,1.03187e+09
1.10303e+06,75142,6.28027e+06,4.22431e+23,2.84696e+19,4.42071e+10,0.533358,2.63499e+30,0.03468,6.73865e-05,7.58749e-12,4.38638e-63,1.32736e+15,6.4801e+15,3.92288e+11,7.80785e+15, 7.74181e+13,1.0318e+09
1.21652e+06,75140.2,6.28021e+06,5.6669e+23,3.81904e+19,4.87555e+10,0.533369,2.63471e+30,0.03468,6.73821e-05,7.58571e-12,4.38412e-63,1.32731e+15,6.47988e+15,3.92271e+11,7.80758e+15, 9.41603e+13,1.03174e+09
1.32642e+06,75138.4,6.28014e+06,7.34552e+23,4.95009e+19,5.316e+10,0.533381,2.63441e+30,0.03468,6.73774e-05,7.58381e-12,4.38173e-63,1.32726e+15,6.47965e+15,3.92253e+11,7.8073e+15, 1.11931e+14,1.03165e+09
1.48445e+06,75135.4,6.28002e+06,1.02959e+24,6.93788e+19,5.94934e+10,0.5334,2.63393e+30,0.03468,6.73699e-05,7.58081e-12,4.37792e-63,1.32717e+15,6.47928e+15,3.92225e+11,7.80684e+15, 1.40169e+14,1.03151e+09
1.70058e+06,75130.9,6.27985e+06,1.5479e+24,1.04294e+20,6.81552e+10,0.533429,2.63319e+30,0.03468,6.73583e-05,7.57615e-12,4.37203e-63,1.32703e+15,6.4787e+15,3.92181e+11,7.80613e+15, 1.83913e+14,1.0313e+09
1.98588e+06,75123.9,6.27958e+06,2.46482e+24,1.66048e+20,7.95891e+10,0.533473,2.63206e+30,0.03468,6.73406e-05,7.56904e-12,4.36305e-63,1.32683e+15,6.47783e+15,3.92115e+11,7.80505e+15, 2.50709e+14,1.03098e+09
2.35337e+06,75113.3,6.27918e+06,4.10167e+24,2.76252e+20,9.43168e+10,0.533541,2.63035e+30,0.03468,6.73137e-05,7.55827e-12,4.34946e-63,1.32652e+15,6.47649e+15,3.92014e+11,7.8034e+15, 3.51893e+14,1.03049e+09
2.81891e+06,75097.3,6.27857e+06,7.04819e+24,4.74532e+20,1.12974e+11,0.533643,2.62776e+30,0.03468,6.72732e-05,7.54203e-12,4.32903e-63,1.32605e+15,6.47448e+15,3.91861e+11,7.80092e+15, 5.04472e+14,1.02977e+09
3.40209e+06,75073.2,6.27765e+06,1.23877e+25,8.33573e+20,1.36345e+11,0.533797,2.62388e+30,0.03468,6.72121e-05,7.51764e-12,4.29842e-63,1.32534e+15,6.47146e+15,3.91631e+11,7.79718e+15, 7.33896e+14,1.02868e+09
4.12726e+06,75036.9,6.27626e+06,2.21112e+25,1.48665e+21,1.65404e+11,0.534029,2.61804e+30,0.03468,6.71204e-05,7.48107e-12,4.25276e-63,1.32427e+15,6.4669e+15,3.91286e+11,7.79156e+15, 1.07811e+15,1.02704e+09
5.02456e+06,74982.3,6.27418e+06,3.98779e+25,2.67791e+21,2.0136e+11,0.534378,2.60928e+30,0.03468,6.69826e-05,7.42641e-12,4.18501e-63,1.32266e+15,6.46005e+15,3.90766e+11,7.78311e+15, 1.59341e+15,1.02458e+09
6.13133e+06,74900.3,6.27105e+06,7.24134e+25,4.85377e+21,2.45706e+11,0.534902,2.59616e+30,0.03468,6.67759e-05,7.34499e-12,4.08517e-63,1.32026e+15,6.44977e+15,3.89987e+11,7.77042e+15, 2.36277e+15,1.0209e+09
7.49366e+06,74777.3,6.26634e+06,1.32072e+26,8.82808e+21,3.00284e+11,0.535691,2.57658e+30,0.03468,6.64665e-05,7.22428e-12,3.93956e-63,1.31664e+15,6.43435e+15,3.88819e+11,7.75138e+15, 3.50727e+15,1.01539e+09
9.16842e+06,74592.7,6.25928e+06,2.41531e+26,1.60775e+22,3.67367e+11,0.53688,2.54742e+30,0.03468,6.60041e-05,7.04656e-12,3.73041e-63,1.31123e+15,6.41123e+15,3.87069e+11,7.72285e+15, 5.20075e+15,1.00716e+09
1.12257e+07,74316.1,6.24869e+06,4.42355e+26,2.92618e+22,4.49749e+11,0.538671,2.5042e+30,0.03468,6.53151e-05,6.78762e-12,3.43674e-63,1.30314e+15,6.37664e+15,3.84454e+11,7.68016e+15, 7.68662e+15,9.94899e+08
1.37521e+07,73902.2,6.23279e+06,8.10572e+26,5.31188e+22,5.5087e+11,0.541375,2.44061e+30,0.03468,6.42928e-05,6.41616e-12,3.03819e-63,1.29106e+15,6.32499e+15,3.80557e+11,7.61644e+15, 1.1292e+16,9.76713e+08
1.68546e+07,73284,6.20896e+06,1.48478e+27,9.59438e+22,6.74968e+11,0.545465,2.34802e+30,0.03468,6.27856e-05,5.89551e-12,2.52418e-63,1.27311e+15,6.24811e+15,3.7477e+11,7.5216e+15, 1.64254e+16,9.49915e+08
2.06657e+07,72363.8,6.17328e+06,2.71639e+27,1.71877e+23,8.27261e+11,0.551676,2.21532e+30,0.03468,6.05845e-05,5.19078e-12,1.91e-63,1.24658e+15,6.1342e+15,3.66231e+11,7.38115e+15, 2.35285e+16,9.17995e+08
2.53507e+07,71000.1,6.11997e+06,4.95795e+27,3.04022e+23,1.0142e+12,0.561157,2.02957e+30,0.03468,5.74159e-05,4.28559e-12,1.25536e-63,1.20767e+15,5.96663e+15,3.53743e+11,7.17465e+15, 3.29216e+16,8.82036e+08
3.03507e+07,69280.2,6.05193e+06,8.3852e+27,4.94035e+23,1.21328e+12,0.573618,1.81293e+30,0.03468,5.35749e-05,3.34767e-12,7.30868e-64,1.15931e+15,5.75737e+15,3.38272e+11,6.91702e+15, 4.29654e+16,8.42636e+08
3.53507e+07,67311.6,5.97287e+06,1.30249e+28,7.32651e+23,1.41183e+12,0.588639,1.58752e+30,0.03468,4.93853e-05,2.50362e-12,3.86817e-64,1.10493e+15,5.52069e+15,3.20938e+11,6.62594e+15, 5.22028e+16,8.00421e+08
4.03507e+07,65120.7,5.88333e+06,1.89943e+28,1.01401e+24,1.60979e+12,0.606386,1.363e+30,0.03468,4.49766e-05,1.79331e-12,1.86264e-64,1.04564e+15,5.26093e+15,3.02122e+11,6.30688e+15, 5.99264e+16,7.56027e+08
4.53507e+07,62735.2,5.78392e+06,2.63788e+28,1.32917e+24,1.80705e+12,0.627053,1.1476e+30,0.03468,4.04742e-05,1.23079e-12,8.1677e-65,9.82586e+14,4.98258e+15,2.82215e+11,5.96545e+15, 6.56247e+16,7.10091e+08
5.03507e+07,60184.3,5.67533e+06,3.523e+28,1.66721e+24,2.00356e+12,0.650873,9.4774e+29,0.03468,3.59934e-05,8.09732e-13,3.2647e-65,9.16903e+14,4.69023e+15,2.61609e+11,5.6074e+15, 6.90123e+16,6.63228e+08
5.53507e+07,57497.9,5.55824e+06,4.55663e+28,2.01631e+24,2.19922e+12,0.678114,7.67872e+29,0.03468,3.16356e-05,5.10903e-13,1.19072e-65,8.49712e+14,4.38843e+15,2.40679e+11,5.23839e+15, 7.003e+16,6.16023e+08
6.03507e+07,54706.1,5.43339e+06,5.73736e+28,2.36489e+24,2.39396e+12,0.709092,6.10502e+29,0.03468,2.7485e-05,3.09307e-13,3.96714e-66,7.82069e+14,4.08157e+15,2.19773e+11,4.86386e+15, 6.88188e+16,5.69022e+08
6.53507e+07,51838.7,5.30155e+06,7.06065e+28,2.70248e+24,2.58769e+12,0.74417,4.76416e+29,0.03468,2.36071e-05,1.79771e-13,1.20874e-66,7.14949e+14,3.77379e+15,1.99206e+11,4.48894e+15, 6.56761e+16,5.22715e+08
7.03507e+07,48924.2,5.1635e+06,8.51913e+28,3.02036e+24,2.78032e+12,0.783769,3.64997e+29,0.03468,2.00482e-05,1.00358e-13,3.37186e-67,6.49219e+14,3.46887e+15,1.79253e+11,4.11827e+15, 6.10024e+16,4.77538e+08
7.53507e+07,45990.1,5.02e+06,1.01029e+29,3.31197e+24,2.97179e+12,0.828375,2.74599e+29,0.03468,1.68367e-05,5.38412e-14,8.62156e-68,5.85633e+14,3.17022e+15,1.60142e+11,3.75601e+15, 5.52466e+16,4.33865e+08
8.03507e+07,43061.9,4.87184e+06,1.17997e+29,3.57302e+24,3.16199e+12,0.878547,2.02916e+29,0.03468,1.39844e-05,2.77734e-14,2.02288e-68,5.24817e+14,2.88076e+15,1.42057e+11,3.40572e+15, 4.88568e+16,3.92008e+08
8.53507e+07,40163.2,4.71978e+06,1.35958e+29,3.80135e+24,3.35085e+12,0.934931,1.47312e+29,0.03468,1.14892e-05,1.37819e-14,4.36002e-69,4.67267e+14,2.60298e+15,1.25134e+11,3.07037e+15, 4.22418e+16,3.52218e+08
9.03507e+07,37315,4.56456e+06,1.54758e+29,3.99674e+24,3.53828e+12,0.998272,1.0509e+29,0.03468,9.338e-06,6.58199e-15,8.64148e-70,4.13355e+14,2.33885e+15,1.09467e+11,2.75231e+15, 3.57446e+16,3.14683e+08
9.53507e+07,34536.1,4.4069e+06,1.74233e+29,4.16043e+24,3.72419e+12,1.06943,7.36822e+28,0.03468,7.50897e-06,3.02662e-15,1.57643e-70,3.63334e+14,2.0899e+15,9.5109e+10,2.45333e+15, 2.96286e+16,2.79538e+08
1.00351e+08,31842.6,4.24749e+06,1.94215e+29,4.29484e+24,3.90849e+12,1.1494,5.07835e+28,0.03468,5.97465e-06,1.34053e-15,0,3.17345e+14,1.85721e+15,8.20764e+10,2.17464e+15, 2.40753e+16,2.46864e+08
1.05351e+08,29248.1,4.08698e+06,2.14533e+29,4.40306e+24,4.09111e+12,1.23933,3.44114e+28,0.03468,4.70419e-06,5.72072e-16,0,2.75432e+14,1.64143e+15,7.03559e+10,1.91693e+15, 1.91897e+16,2.16695e+08
1.10351e+08,26763.8,3.92599e+06,2.35017e+29,4.48855e+24,4.27194e+12,1.34056,2.29272e+28,0.03468,3.66541e-06,2.35281e-16,0,2.37555e+14,1.44284e+15,5.99086e+10,1.68046e+15, 1.50117e+16,1.89026e+08
1.15351e+08,24398.3,3.7651e+06,2.55504e+29,4.55486e+24,4.45089e+12,1.45465,1.5021e+28,0.03468,2.82645e-06,9.32727e-17,0,2.03603e+14,1.26141e+15,5.06753e+10,1.46506e+15, 1.15306e+16,1.63815e+08
1.20351e+08,22157.9,3.60483e+06,2.75834e+29,4.60537e+24,4.62789e+12,1.58343,9.6774e+27,0.03468,2.15697e-06,3.56434e-17,0,1.73407e+14,1.09682e+15,4.25824e+10,1.27027e+15, 8.69924e+15,1.40993e+08
1.25351e+08,20047,3.44567e+06,2.95862e+29,4.64316e+24,4.80283e+12,1.72903,6.13081e+27,0.03468,1.629e-06,1.31292e-17,0,1.46758e+14,9.48515e+14,3.55455e+10,1.09531e+15, 6.44813e+15,1.20467e+08
1.30351e+08,18067.9,3.28806e+06,3.15452e+29,4.67094e+24,4.97563e+12,1.89397,3.81891e+27,0.03468,1.21742e-06,4.66063e-18,0,1.23414e+14,8.15768e+14,2.94746e+10,9.39211e+14, 4.69661e+15,1.02124e+08
1.35351e+08,16221.1,3.13239e+06,3.3448e+29,4.69102e+24,5.14618e+12,2.0812,2.3386e+27,0.03468,9.00243e-07,1.59388e-18,0,1.03114e+14,6.97711e+14,2.4277e+10,8.0085e+14, 3.36178e+15,8.58406e+07
1.40351e+08,14505.7,2.97902e+06,3.5284e+29,4.70527e+24,5.31441e+12,2.29427,1.40755e+27,0.03468,6.58581e-07,5.24862e-19,0,8.55886e+13,5.9338e+14,1.98603e+10,6.78988e+14, 2.36476e+15,7.14833e+07
1.45351e+08,12919.5,2.82825e+06,3.70438e+29,4.71522e+24,5.48021e+12,2.53737,8.32375e+26,0.03468,4.76537e-07,1.66305e-19,0,7.05662e+13,5.01749e+14,1.61348e+10,5.72331e+14, 1.63451e+15,5.8914e+07
1.50351e+08,11459.3,2.68035e+06,3.87196e+29,4.72204e+24,5.64348e+12,2.81555,4.83436e+26,0.03468,3.40959e-07,5.06551e-20,0,5.77804e+13,4.21765e+14,1.30154e+10,4.79558e+14, 1.10989e+15,4.79924e+07
1.55351e+08,10120.7,2.53555e+06,4.0305e+29,4.72663e+24,5.80414e+12,3.13488,2.75602e+26,0.03468,2.41142e-07,1.48143e-20,0,4.69751e+13,3.52372e+14,1.04226e+10,3.99358e+14, 7.40148e+14,3.85797e+07
1.60351e+08,8898.77,2.39402e+06,4.17953e+29,4.72967e+24,5.96207e+12,3.50274,1.54117e+26,0.03468,1.68507e-07,4.15359e-21,0,3.79084e+13,2.92536e+14,8.2833e+09,3.30452e+14, 4.84508e+14,3.05396e+07
1.65351e+08,7788.08,2.25593e+06,4.31869e+29,4.73164e+24,6.11719e+12,3.92815,8.44646e+25,0.03468,1.16281e-07,1.11442e-21,0,3.03554e+13,2.41255e+14,6.53119e+09,2.71617e+14, 3.11143e+14,2.37412e+07
1.70351e+08,6782.7,2.12139e+06,4.44779e+29,4.7329e+24,6.26938e+12,4.4222,4.5322e+25,0.03468,7.91876e-08,2.8548e-22,0,2.41096e+13,1.9758e+14,5.10704e+09,2.21695e+14, 1.95865e+14,1.80591e+07
1.75351e+08,5876.49,1.99048e+06,4.56673e+29,4.73368e+24,6.41855e+12,4.99869,2.37798e+25,0.03468,5.31771e-08,6.96335e-23,0,1.89837e+13,1.60619e+14,3.95842e+09,1.79606e+14, 1.20745e+14,1.33753e+07
1.80351e+08,5063.15,1.86327e+06,4.67555e+29,4.73416e+24,6.56457e+12,5.67486,1.21821e+25,0.03468,3.51803e-08,1.61194e-23,0,1.48099e+13,1.29544e+14,3.03944e+09,1.44357e+14, 7.28059e+13,9.57871e+06
1.85351e+08,4336.37,1.73979e+06,4.77439e+29,4.73444e+24,6.70735e+12,6.47257,6.08222e+24,0.03468,2.29028e-08,3.52734e-24,0,1.14392e+13,1.03596e+14,2.31034e+09,1.15038e+14, 4.28759e+13,6.56619e+06
1.90351e+08,3689.88,1.62005e+06,4.86346e+29,4.73461e+24,6.84675e+12,7.41975,2.95313e+24,0.03468,1.4652e-08,7.26185e-25,0,8.74056e+12,8.20844e+13,1.737e+09,9.08267e+13, 2.46167e+13,4.24192e+06
1.95351e+08,3117.54,1.50403e+06,4.94309e+29,4.7347e+24,6.98267e+12,8.55256,1.39074e+24,0.03468,9.19631e-09,1.39848e-25,0,6.59991e+12,6.43856e+13,1.29038e+09,7.09868e+13, 1.37488e+13,2.5171e+06
2.00351e+08,2613.37,1.39171e+06,5.01364e+29,4.73475e+24,7.11495e+12,9.91849,6.33244e+23,0.03468,5.65162e-09,2.50187e-26,0,4.91873e+12,4.99425e+13,9.45989e+08,5.48622e+13, 7.45016e+12,1.30907e+06
2.05351e+08,2171.65,1.28304e+06,5.07556e+29,4.73478e+24,7.24348e+12,11.5808,2.77708e+23,0.03468,3.39255e-09,4.123e-27,0,3.61272e+12,3.82605e+13,6.83363e+08,4.18739e+13, 3.90408e+12,539575
2.10351e+08,1786.89,1.17796e+06,5.12934e+29,4.7348e+24,7.36809e+12,13.6251,1.16748e+23,0.03468,1.98332e-09,6.19474e-28,0,2.61025e+12,2.89034e+13,4.85523e+08,3.15141e+13, 1.97056e+12,171171
2.15351e+08,1453.91,1.07639e+06,5.17552e+29,4.7348e+24,7.48862e+12,16.1699,4.6776e+22,0.03468,1.1251e-09,8.37854e-29,0,1.85102e+12,2.14895e+13,3.38507e+08,2.33408e+13, 9.53297e+11,54472.2
2.20351e+08,1167.79,978249,5.21465e+29,4.73481e+24,7.60491e+12,19.3825,1.7732e+22,0.03468,6.16509e-10,1.00404e-29,0,1.28468e+12,1.56869e+13,2.30934e+08,1.69718e+13, 4.39283e+11,17223.9
2.25351e+08,923.964,883442,5.24731e+29,4.73481e+24,7.71674e+12,23.505,6.30174e+21,0.03468,3.24447e-10,1.04482e-30,0,8.69514e+11,1.12087e+13,1.53604e+08,1.20783e+13, 1.91305e+11,6457.52
2.30351e+08,718.128,791866,5.27412e+29,4.73481e+24,7.82391e+12,28.8992,2.0749e+21,0.03468,1.62774e-10,9.20054e-32,0,5.71288e+11,7.80862e+12,9.91511e+07,8.38001e+12, 7.79428e+10,2241.03
2.35351e+08,546.299,703412,5.29567e+29,4.73481e+24,7.92615e+12,36.1238,6.23207e+20,0.03468,7.70983e-11,6.6274e-33,0,3.62162e+11,5.27668e+12,6.17346e+07,5.6389e+12, 2.93168e+10,715.86
2.40351e+08,404.779,617964,5.31258e+29,4.73481e+24,8.02319e+12,46.0795,1.67227e+20,0.03468,3.40288e-11,3.73098e-34,0,2.19726e+11,3.4348e+12,3.67741e+07,3.65457e+12, 9.9992e+09,253.871
2.45351e+08,290.148,535402,5.32546e+29,4.73481e+24,8.11468e+12,60.2947,3.89459e+19,0.03468,1.37441e-11,1.54097e-35,0,1.26149e+11,2.13314e+12,2.0721e+07,2.25931e+12, 3.01662e+09,79.5985
2.50351e+08,199.243,455603,5.33489e+29,4.73481e+24,8.20023e+12,81.5349,7.55088e+18,0.03468,4.94885e-12,4.26274e-37,0,6.74257e+10,1.2465e+12,1.08651e+07,1.31393e+12, 7.76598e+08,30.148
2.55351e+08,129.14,378436,5.34148e+29,4.73481e+24,8.27933e+12,115.238,1.14418e+18,0.03468,1.52689e-12,6.87948e-39,0,3.27307e+10,6.71082e+11,5.17202e+06,7.03818e+11, 1.61568e+08,11.3121
2.60351e+08,77.123,303770,5.34577e+29,4.73481e+24,8.35135e+12,173.36,1.22326e+17,0.03468,3.78562e-13,5.17912e-41,0,1.3862e+10,3.21698e+11,2.14717e+06,3.35562e+11, 2.48684e+07,4.23185
2.65351e+08,40.6488,231463,5.3483e+29,4.73481e+24,8.41547e+12,286.73,7.68933e+15,0.03468,6.72589e-14,1.22088e-43,0,4.76721e+09,1.29196e+11,723797,1.33964e+11, 2.41907e+06,1.5793
2.70351e+08,17.2937,161366,5.34958e+29,4.73481e+24,8.47055e+12,557.19,1.95112e+14,0.03468,6.75946e-15,3.96089e-47,0,1.14726e+09,3.83195e+10,170978,3.94669e+10, 107365,0.590883
2.75351e+08,5.7265,93165.4,5.35004e+29,4.73481e+24,8.50999e+12,1757.75,8.00323e+11,0.03468,2.48704e-16,2.3469e-52,0,1.8183e+08,7.32595e+09,18998,7.5078e+09, 1356.92,0.221038
2.77958e+08,2.09163,58468.8,5.35013e+29,4.73481e+24,8.53233e+12,4435.37,7.30448e+09,0.03468,1.40915e-17,8.06706e-57,0,3.39358e+07,1.6793e+09,2947.05,1.71324e+09, 28.616,0.0827151
2.79803e+08,0.701291,34191.8,5.35015e+29,4.73481e+24,8.54631e+12,13496.7,3.38278e+07,0.03468,5.52536e-19,6.24281e-62,0,5.49138e+06,3.29261e+08,344.649,3.34753e+08, 0.381219,0.0309579
2.80744e+08,0.263869,21918.7,5.35016e+29,4.73481e+24,8.55387e+12,32280.8,379370,0.03468,3.51096e-20,3.3733e-66,0,1.07688e+06,7.9419e+07,58.2038,8.04959e+07, 0.00917581,0.0116277
2.81398e+08,0.0928235,13406.6,5.35016e+29,4.73481e+24,8.55642e+12,86810.9,2695.99,0.03468,1.72864e-21,0,0,188776,1.70882e+07,8.14631,1.7277e+07, 0.000159666,0.00437875
2.81869e+08,0.0299884,7278.87,5.35016e+29,4.73481e+24,8.55644e+12,333787,6.28173,0.03468,4.8527e-23,0,0,28714.8,2.99735e+06,0.707856,3.02606e+06, 1.45291e-06,0.00166039
2.82041e+08,0.0124337,5050.15,5.35016e+29,4.73481e+24,8.55644e+12,647858,0.150685,0.03468,4.66222e-24,0,0,6619.88,862232,0.164024,868852, 5.79463e-08,0.000642559
2.82199e+08,0.00422798,3540.69,5.35016e+29,4.73481e+24,8.55644e+12,1.05514e+06,0.00359661,0.03468,3.83056e-25,0,0,1096.66,205561,0.0396318,206658, 1.62075e-09,0.000259848
2.82299e+08,0.00163226,3306.7,5.35016e+29,4.73481e+24,8.55644e+12,688491,0.00120775,0.03468,1.12498e-25,0,0,224.475,74114.9,0.0301487,74339.4, 1.83893e-10,0.000116013
2.824e+08,0.00060641,3263.9,5.35016e+29,4.73481e+24,8.55644e+12,360315,0.000654704,0.03468,3.96725e-26,0,0,43.0985,27178.4,0.0286179,27221.5, 2.41098e-11,6.20128e-05
2.825e+08,0.000223143,3254.72,5.35016e+29,4.73481e+24,8.55644e+12,180732,0.000387208,0.03468,1.44349e-26,0,0,8.14373,9972.8,0.0282973,9980.98, 3.2303e-12,4.16637e-05
2.826e+08,8.20726e-05,3252.7,5.35016e+29,4.73481e+24,8.55644e+12,89931.5,0.000233519,0.03468,5.29601e-27,0,0,1.53762,3665.75,0.028227,3667.31, 4.36215e-13,3.40062e-05
2.827e+08,3.01835e-05,3252.25,5.35016e+29,4.73481e+24,8.55644e+12,44670.5,0.000141438,0.03468,1.94661e-27,0,0,0.290269,1347.95,0.0282114,1348.27, 5.90078e-14,3.03552e-05
2.828e+08,1.11002e-05,3252.15,5.35016e+29,4.73481e+24,8.55644e+12,22180,8.57487e-05,0.03468,7.15792e-28,0,0,0.0547942,495.702,0.0282079,495.785, 7.98518e-15,0
2.829e+08,4.08214e-06,3252.13,5.35016e+29,4.73481e+24,8.55644e+12,11011.9,5.19972e-05,0.03468,2.63229e-28,0,0,0.0103434,182.295,0.0282072,182.334, 1.08068e-15,0
2.83e+08,1.50122e-06,3252.12,5.35016e+29,4.73481e+24,8.55644e+12,5467.07,3.15321e-05,0.03468,9.68029e-29,0,0,0.00195252,67.0398,0.028207,67.07, 1.46257e-16,0
2.831e+08,5.53372e-07,3252.12,5.35016e+29,4.73481e+24,8.55644e+12,2718.66,1.91442e-05,0.03468,3.56828e-29,0,0,0.000370011,24.7118,0.028207,24.7404, 1.98869e-17,0
2.832e+08,2.04024e-07,3252.12,5.35016e+29,4.73481e+24,8.55644e+12,1352.13,1.16243e-05,0.03468,1.31559e-29,0,0,7.01432e-05,9.11102,0.0282069,9.1393, 2.7052e-18,0
2.833e+08,7.52059e-08,3252.12,5.35016e+29,4.73481e+24,8.55644e+12,672.388,7.05755e-06,0.03468,4.84946e-30,0,0,1.32924e-05,3.35845,0.0282069,3.38667, 3.67832e-19,0
2.83401e+08,2.77278e-08,3252.12,5.35016e+29,4.73481e+24,8.55644e+12,334.413,4.28534e-06,0.03468,1.78795e-30,0,0,2.51986e-06,1.23823,0.0282069,1.26644, 5.0036e-20,0
2.83501e+08,1.02469e-08,3252.12,5.35016e+29,4.73481e+24,8.55644e+12,166.593,2.6051e-06,0.03468,6.60744e-31,0,0,4.79554e-07,0.457592,0.0282069,0.4858, 6.83821e-21,0
2.83601e+08,3.78677e-09,3252.12,5.35016e+29,4.73481e+24,8.55644e+12,82.991,1.58366e-06,0.03468,2.4418e-31,0,0,9.12639e-08,0.169105,0.0282069,0.197312, 9.34551e-22,0
2.83701e+08,1.39941e-09,3252.12,5.35016e+29,4.73481e+24,8.55644e+12,41.3433,9.62722e-07,0.03468,9.02375e-32,0,0,1.73684e-08,0.0624931,0.0282069,0.0907001, 1.27721e-22,0
2.83801e+08,5.18366e-10,3252.12,5.35016e+29,4.73481e+24,8.55644e+12,20.6295,5.85931e-07,0.03468,3.34255e-32,0,0,3.31827e-09,0.0231485,0.0282069,0.0513555, 1.75369e-23,0
2.83901e+08,1.92052e-10,3252.12,5.35016e+29,4.73481e+24,8.55644e+12,10.2952,3.56646e-07,0.03468,1.2384e-32,0,0,6.34184e-10,0.0085764,0.0282069,0.0367833, 2.40892e-24,0
