X = 0.734
Y = 0.25
Z = 0.016
mu = 0.601142
Radius,Density,Temp,Mass,Lum,OptD,Kff,KH,Kes,PP,CNO,3a,Deg,Gas,Rad,TotPres, dLdr, dPdT
0,0,0,0,0,0,-nan,0,0.03468,0,0,0,0,0,0,0,0,0
0.01,200150,3.03389e+07,838386,6.93572e+08,6941.2,0.00427341,6.1618e+36,0.03468,0.0977533,827.173,3.89038e-32,6.79377e+15,8.33827e+16,2.13644e+14,9.03902e+16,208072,2.91182e+09
10709.2,200150,3.03389e+07,1.0297e+18,8.51838e+20,7.43413e+07,0.00427341,6.1618e+36,0.03468,0.0977533,827.173,3.89038e-32,6.79377e+15,8.33827e+16,2.13644e+14,9.03902e+16,2.38629e+17,2.91182e+09
21268.9,200150,3.03389e+07,8.0664e+18,6.6731e+21,1.47639e+08,0.00427341,6.1618e+36,0.03468,0.0977533,827.172,3.89038e-32,6.79377e+15,8.33827e+16,2.13644e+14,9.03901e+16,9.41247e+17,2.91182e+09
32102.5,200150,3.03389e+07,2.77372e+19,2.29461e+22,2.22837e+08,0.00427341,6.1618e+36,0.03468,0.0977533,827.172,3.89037e-32,6.79377e+15,8.33827e+16,2.13644e+14,9.03901e+16,2.14433e+18,2.91182e+09
42241.1,200150,3.03389e+07,6.31903e+19,5.22755e+22,2.93211e+08,0.00427341,6.1618e+36,0.03468,0.0977533,827.172,3.89037e-32,6.79377e+15,8.33827e+16,2.13644e+14,9.03901e+16,3.71264e+18,2.91182e+09
55581.7,200150,3.03389e+07,1.43959e+20,1.19093e+23,3.8581e+08,0.00427341,6.1618e+36,0.03468,0.0977533,827.171,3.89036e-32,6.79377e+15,8.33827e+16,2.13644e+14,9.03901e+16,6.42799e+18,2.91182e+09
73135.4,200150,3.03389e+07,3.27965e+20,2.71315e+23,5.07654e+08,0.00427341,6.16179e+36,0.03468,0.0977532,827.17,3.89035e-32,6.79377e+15,8.33827e+16,2.13644e+14,9.03901e+16,1.11293e+19,2.91182e+09
83893,200150,3.03389e+07,4.95018e+20,4.09513e+23,5.82325e+08,0.00427341,6.16179e+36,0.03468,0.0977532,827.169,3.89035e-32,6.79377e+15,8.33827e+16,2.13644e+14,9.03901e+16,1.46441e+19,2.91182e+09
96232.9,200150,3.03389e+07,7.47163e+20,6.18104e+23,6.67979e+08,0.00427341,6.16179e+36,0.03468,0.0977532,827.168,3.89034e-32,6.79377e+15,8.33827e+16,2.13644e+14,9.03901e+16,1.92689e+19,2.91182e+09
110388,200150,3.03389e+07,1.12774e+21,9.32943e+23,7.66232e+08,0.00427341,6.16178e+36,0.03468,0.0977531,827.167,3.89032e-32,6.79376e+15,8.33827e+16,2.13643e+14,9.03901e+16,2.53544e+19,2.91182e+09
126625,200150,3.03389e+07,1.70217e+21,1.40815e+24,8.78937e+08,0.00427342,6.16178e+36,0.03468,0.0977531,827.165,3.8903e-32,6.79376e+15,8.33826e+16,2.13643e+14,9.039e+16,3.33617e+19,2.91182e+09
145251,200150,3.03389e+07,2.5692e+21,2.12541e+24,1.00822e+09,0.00427342,6.16177e+36,0.03468,0.097753,827.163,3.89028e-32,6.79376e+15,8.33826e+16,2.13643e+14,9.039e+16,4.38978e+19,2.91181e+09
166616,200150,3.03389e+07,3.87785e+21,3.208e+24,1.15652e+09,0.00427342,6.16176e+36,0.03468,0.0977529,827.16,3.89025e-32,6.79375e+15,8.33825e+16,2.13643e+14,9.03899e+16,5.77614e+19,2.91181e+09
191123,200150,3.03389e+07,5.85309e+21,4.84203e+24,1.32663e+09,0.00427342,6.16175e+36,0.03468,0.0977528,827.156,3.89021e-32,6.79375e+15,8.33825e+16,2.13643e+14,9.03899e+16,7.60031e+19,2.91181e+09
219236,200149,3.03389e+07,8.83445e+21,7.30836e+24,1.52177e+09,0.00427342,6.16173e+36,0.03468,0.0977526,827.151,3.89015e-32,6.79374e+15,8.33824e+16,2.13643e+14,9.03898e+16,1.00006e+20,2.91181e+09
251484,200149,3.03389e+07,1.33344e+22,1.10309e+25,1.7456e+09,0.00427342,6.1617e+36,0.03468,0.0977523,827.144,3.89008e-32,6.79373e+15,8.33823e+16,2.13642e+14,9.03897e+16,1.31588e+20,2.9118e+09
288475,200149,3.03388e+07,2.01265e+22,1.66496e+25,2.00237e+09,0.00427343,6.16167e+36,0.03468,0.097752,827.135,3.88999e-32,6.79372e+15,8.33822e+16,2.13642e+14,9.03895e+16,1.73144e+20,2.9118e+09
330907,200149,3.03388e+07,3.03781e+22,2.513e+25,2.2969e+09,0.00427343,6.16163e+36,0.03468,0.0977516,827.123,3.88987e-32,6.7937e+15,8.3382e+16,2.13641e+14,9.03893e+16,2.27822e+20,2.91179e+09
379581,200148,3.03388e+07,4.58517e+22,3.79299e+25,2.63475e+09,0.00427344,6.16158e+36,0.03468,0.0977511,827.107,3.8897e-32,6.79368e+15,8.33817e+16,2.13641e+14,9.03891e+16,2.99767e+20,2.91179e+09
429581,200148,3.03388e+07,6.64624e+22,5.49791e+25,2.9818e+09,0.00427345,6.16152e+36,0.03468,0.0977505,827.089,3.88951e-32,6.79365e+15,8.33815e+16,2.1364e+14,9.03888e+16,3.83932e+20,2.91178e+09
479581,200147,3.03387e+07,9.24754e+22,7.64964e+25,3.32886e+09,0.00427346,6.16145e+36,0.03468,0.0977498,827.068,3.8893e-32,6.79362e+15,8.33812e+16,2.13639e+14,9.03884e+16,4.78493e+20,2.91177e+09
529581,200147,3.03387e+07,1.24519e+23,1.03002e+26,3.67591e+09,0.00427347,6.16137e+36,0.03468,0.097749,827.045,3.88906e-32,6.79359e+15,8.33808e+16,2.13638e+14,9.0388e+16,5.8345e+20,2.91176e+09
579581,200146,3.03387e+07,1.63223e+23,1.35015e+26,4.02297e+09,0.00427348,6.16128e+36,0.03468,0.0977482,827.02,3.88881e-32,6.79355e+15,8.33804e+16,2.13637e+14,9.03876e+16,6.98799e+20,2.91174e+09
629581,200145,3.03386e+07,2.09215e+23,1.73055e+26,4.37002e+09,0.00427349,6.16119e+36,0.03468,0.0977473,826.992,3.88852e-32,6.79351e+15,8.338e+16,2.13635e+14,9.03872e+16,8.24539e+20,2.91173e+09
679581,200145,3.03386e+07,2.63124e+23,2.17642e+26,4.71707e+09,0.0042735,6.16109e+36,0.03468,0.0977463,826.962,3.88822e-32,6.79347e+15,8.33796e+16,2.13634e+14,9.03867e+16,9.60668e+20,2.91172e+09
729581,200144,3.03385e+07,3.25579e+23,2.69295e+26,5.06412e+09,0.00427352,6.16098e+36,0.03468,0.0977452,826.93,3.88789e-32,6.79343e+15,8.33791e+16,2.13632e+14,9.03862e+16,1.10718e+21,2.9117e+09
779581,200143,3.03385e+07,3.97209e+23,3.28533e+26,5.41117e+09,0.00427353,6.16086e+36,0.03468,0.097744,826.896,3.88753e-32,6.79338e+15,8.33786e+16,2.13631e+14,9.03856e+16,1.26408e+21,2.91168e+09
829581,200142,3.03384e+07,4.78641e+23,3.95876e+26,5.75822e+09,0.00427355,6.16074e+36,0.03468,0.0977428,826.859,3.88716e-32,6.79333e+15,8.3378e+16,2.13629e+14,9.0385e+16,1.43136e+21,2.91166e+09
879581,200141,3.03383e+07,5.70506e+23,4.71842e+26,6.10527e+09,0.00427357,6.1606e+36,0.03468,0.0977415,826.821,3.88676e-32,6.79327e+15,8.33774e+16,2.13627e+14,9.03843e+16,1.60902e+21,2.91164e+09
929581,200140,3.03383e+07,6.73431e+23,5.5695e+26,6.45231e+09,0.00427358,6.16046e+36,0.03468,0.0977401,826.779,3.88633e-32,6.79321e+15,8.33768e+16,2.13625e+14,9.03837e+16,1.79705e+21,2.91162e+09
979581,200139,3.03382e+07,7.88045e+23,6.5172e+26,6.79935e+09,0.0042736,6.16032e+36,0.03468,0.0977387,826.736,3.88589e-32,6.79315e+15,8.33762e+16,2.13623e+14,9.03829e+16,1.99545e+21,2.9116e+09
1.02958e+06,200138,3.03381e+07,9.14976e+23,7.56668e+26,7.14639e+09,0.00427362,6.16016e+36,0.03468,0.0977371,826.69,3.88541e-32,6.79309e+15,8.33755e+16,2.13621e+14,9.03822e+16,2.20422e+21,2.91158e+09
1.07958e+06,200137,3.0338e+07,1.05485e+24,8.72314e+26,7.49343e+09,0.00427364,6.16e+36,0.03468,0.0977355,826.642,3.88492e-32,6.79302e+15,8.33748e+16,2.13619e+14,9.03814e+16,2.42335e+21,2.91156e+09
1.12958e+06,200135,3.0338e+07,1.20831e+24,9.99176e+26,7.84047e+09,0.00427367,6.15983e+36,0.03468,0.0977338,826.592,3.8844e-32,6.79295e+15,8.3374e+16,2.13617e+14,9.03806e+16,2.65284e+21,2.91153e+09
1.17958e+06,200134,3.03379e+07,1.37596e+24,1.13777e+27,8.1875e+09,0.00427369,6.15965e+36,0.03468,0.0977321,826.54,3.88386e-32,6.79287e+15,8.33732e+16,2.13614e+14,9.03797e+16,2.89269e+21,2.91151e+09
1.22958e+06,200133,3.03378e+07,1.55845e+24,1.28862e+27,8.53453e+09,0.00427371,6.15946e+36,0.03468,0.0977302,826.485,3.8833e-32,6.79279e+15,8.33724e+16,2.13612e+14,9.03788e+16,3.14288e+21,2.91148e+09
1.27958e+06,200131,3.03377e+07,1.7564e+24,1.45223e+27,8.88156e+09,0.00427374,6.15927e+36,0.03468,0.0977283,826.428,3.88271e-32,6.79271e+15,8.33715e+16,2.13609e+14,9.03779e+16,3.40343e+21,2.91145e+09
1.32958e+06,200130,3.03376e+07,1.97044e+24,1.62913e+27,9.22859e+09,0.00427377,6.15906e+36,0.03468,0.0977263,826.369,3.8821e-32,6.79263e+15,8.33707e+16,2.13606e+14,9.03769e+16,3.67431e+21,2.91142e+09
1.37958e+06,200128,3.03375e+07,2.20119e+24,1.81984e+27,9.57561e+09,0.00427379,6.15885e+36,0.03468,0.0977242,826.307,3.88147e-32,6.79254e+15,8.33697e+16,2.13603e+14,9.03759e+16,3.95554e+21,2.91139e+09
1.42958e+06,200127,3.03374e+07,2.44929e+24,2.02486e+27,9.92263e+09,0.00427382,6.15864e+36,0.03468,0.0977221,826.243,3.88081e-32,6.79245e+15,8.33688e+16,2.136e+14,9.03748e+16,4.24709e+21,2.91136e+09
1.47958e+06,200125,3.03373e+07,2.71536e+24,2.24472e+27,1.02696e+10,0.00427385,6.15841e+36,0.03468,0.0977199,826.177,3.88014e-32,6.79236e+15,8.33678e+16,2.13597e+14,9.03737e+16,4.54897e+21,2.91133e+09
1.52958e+06,200123,3.03372e+07,3.00004e+24,2.47993e+27,1.06167e+10,0.00427388,6.15818e+36,0.03468,0.0977176,826.109,3.87943e-32,6.79226e+15,8.33668e+16,2.13594e+14,9.03726e+16,4.86117e+21,2.91129e+09
1.57958e+06,200121,3.0337e+07,3.30394e+24,2.73101e+27,1.09637e+10,0.00427391,6.15794e+36,0.03468,0.0977152,826.038,3.87871e-32,6.79216e+15,8.33657e+16,2.13591e+14,9.03714e+16,5.18369e+21,2.91126e+09
1.62958e+06,200120,3.03369e+07,3.62771e+24,2.99847e+27,1.13107e+10,0.00427394,6.15769e+36,0.03468,0.0977128,825.965,3.87796e-32,6.79205e+15,8.33646e+16,2.13588e+14,9.03702e+16,5.51651e+21,2.91122e+09
1.67958e+06,200118,3.03368e+07,3.97196e+24,3.28283e+27,1.16577e+10,0.00427398,6.15743e+36,0.03468,0.0977102,825.89,3.87718e-32,6.79195e+15,8.33635e+16,2.13584e+14,9.0369e+16,5.85964e+21,2.91118e+09
1.72958e+06,200116,3.03367e+07,4.33733e+24,3.5846e+27,1.20047e+10,0.00427401,6.15717e+36,0.03468,0.0977076,825.812,3.87639e-32,6.79184e+15,8.33623e+16,2.1358e+14,9.03677e+16,6.21306e+21,2.91115e+09
1.77958e+06,200114,3.03365e+07,4.72444e+24,3.90431e+27,1.23517e+10,0.00427404,6.1569e+36,0.03468,0.097705,825.733,3.87557e-32,6.79172e+15,8.33611e+16,2.13577e+14,9.03664e+16,6.57678e+21,2.91111e+09
1.82958e+06,200112,3.03364e+07,5.13392e+24,4.24245e+27,1.26987e+10,0.00427408,6.15662e+36,0.03468,0.0977022,825.651,3.87473e-32,6.79161e+15,8.33599e+16,2.13573e+14,9.03651e+16,6.95078e+21,2.91107e+09
1.87958e+06,200110,3.03363e+07,5.5664e+24,4.59956e+27,1.30457e+10,0.00427412,6.15633e+36,0.03468,0.0976994,825.567,3.87386e-32,6.79149e+15,8.33586e+16,2.13569e+14,9.03637e+16,7.33505e+21,2.91103e+09
1.92958e+06,200107,3.03361e+07,6.02251e+24,4.97613e+27,1.33927e+10,0.00427416,6.15603e+36,0.03468,0.0976965,825.48,3.87297e-32,6.79136e+15,8.33573e+16,2.13565e+14,9.03622e+16,7.7296e+21,2.91098e+09
1.97958e+06,200105,3.0336e+07,6.50288e+24,5.37269e+27,1.37397e+10,0.0042742,6.15573e+36,0.03468,0.0976935,825.391,3.87206e-32,6.79124e+15,8.3356e+16,2.13561e+14,9.03608e+16,8.13441e+21,2.91094e+09
2.02958e+06,200103,3.03358e+07,7.00813e+24,5.78974e+27,1.40866e+10,0.00427424,6.15542e+36,0.03468,0.0976904,825.3,3.87113e-32,6.79111e+15,8.33546e+16,2.13557e+14,9.03593e+16,8.54947e+21,2.91089e+09
2.07958e+06,200101,3.03357e+07,7.53889e+24,6.22781e+27,1.44336e+10,0.00427428,6.1551e+36,0.03468,0.0976873,825.207,3.87017e-32,6.79098e+15,8.33532e+16,2.13552e+14,9.03577e+16,8.97479e+21,2.91085e+09
2.12958e+06,200098,3.03355e+07,8.09579e+24,6.68739e+27,1.47806e+10,0.00427432,6.15478e+36,0.03468,0.0976841,825.112,3.86919e-32,6.79084e+15,8.33518e+16,2.13548e+14,9.03562e+16,9.41034e+21,2.9108e+09
2.17958e+06,200096,3.03353e+07,8.67946e+24,7.16901e+27,1.51276e+10,0.00427436,6.15444e+36,0.03468,0.0976808,825.014,3.86819e-32,6.7907e+15,8.33503e+16,2.13543e+14,9.03546e+16,9.85613e+21,2.91075e+09
2.22958e+06,200093,3.03352e+07,9.29052e+24,7.67318e+27,1.54745e+10,0.00427441,6.1541e+36,0.03468,0.0976774,824.914,3.86716e-32,6.79056e+15,8.33488e+16,2.13539e+14,9.03529e+16,1.03121e+22,2.9107e+09
2.27958e+06,200091,3.0335e+07,9.9296e+24,8.2004e+27,1.58215e+10,0.00427445,6.15375e+36,0.03468,0.097674,824.811,3.86611e-32,6.79041e+15,8.33473e+16,2.13534e+14,9.03512e+16,1.07784e+22,2.91065e+09
2.32958e+06,200088,3.03348e+07,1.05973e+25,8.75118e+27,1.61684e+10,0.0042745,6.1534e+36,0.03468,0.0976705,824.707,3.86504e-32,6.79027e+15,8.33457e+16,2.13529e+14,9.03495e+16,1.12548e+22,2.9106e+09
2.37958e+06,200085,3.03347e+07,1.12944e+25,9.32605e+27,1.65154e+10,0.00427454,6.15303e+36,0.03468,0.0976669,824.6,3.86394e-32,6.79011e+15,8.33441e+16,2.13524e+14,9.03477e+16,1.17414e+22,2.91055e+09
2.42958e+06,200083,3.03345e+07,1.20213e+25,9.9255e+27,1.68623e+10,0.00427459,6.15266e+36,0.03468,0.0976632,824.491,3.86282e-32,6.78996e+15,8.33425e+16,2.13519e+14,9.03459e+16,1.22382e+22,2.91049e+09
2.47958e+06,200080,3.03343e+07,1.27787e+25,1.055e+28,1.72093e+10,0.00427464,6.15228e+36,0.03468,0.0976595,824.38,3.86168e-32,6.7898e+15,8.33408e+16,2.13514e+14,9.03441e+16,1.27452e+22,2.91044e+09
2.52958e+06,200077,3.03341e+07,1.35673e+25,1.12002e+28,1.75562e+10,0.00427469,6.15189e+36,0.03468,0.0976557,824.266,3.86052e-32,6.78964e+15,8.33391e+16,2.13508e+14,9.03422e+16,1.32624e+22,2.91038e+09
2.57958e+06,200074,3.03339e+07,1.43877e+25,1.18765e+28,1.79031e+10,0.00427474,6.1515e+36,0.03468,0.0976518,824.15,3.85933e-32,6.78947e+15,8.33373e+16,2.13503e+14,9.03403e+16,1.37898e+22,2.91032e+09
2.62958e+06,200071,3.03337e+07,1.52406e+25,1.25793e+28,1.82501e+10,0.00427479,6.1511e+36,0.03468,0.0976478,824.032,3.85812e-32,6.78931e+15,8.33356e+16,2.13497e+14,9.03384e+16,1.43272e+22,2.91027e+09
2.67958e+06,200068,3.03335e+07,1.61264e+25,1.33093e+28,1.8597e+10,0.00427485,6.15069e+36,0.03468,0.0976438,823.912,3.85689e-32,6.78913e+15,8.33337e+16,2.13492e+14,9.03364e+16,1.48749e+22,2.91021e+09
2.72958e+06,200065,3.03333e+07,1.7046e+25,1.4067e+28,1.89439e+10,0.0042749,6.15027e+36,0.03468,0.0976396,823.789,3.85563e-32,6.78896e+15,8.33319e+16,2.13486e+14,9.03344e+16,1.54326e+22,2.91015e+09
2.77958e+06,200062,3.03331e+07,1.79998e+25,1.48528e+28,1.92908e+10,0.00427496,6.14984e+36,0.03468,0.0976354,823.665,3.85435e-32,6.78878e+15,8.333e+16,2.1348e+14,9.03323e+16,1.60005e+22,2.91008e+09
2.82958e+06,200059,3.03329e+07,1.89885e+25,1.56672e+28,1.96377e+10,0.00427501,6.14941e+36,0.03468,0.0976312,823.538,3.85305e-32,6.7886e+15,8.33281e+16,2.13474e+14,9.03302e+16,1.65785e+22,2.91002e+09
2.87958e+06,200055,3.03327e+07,2.00128e+25,1.65108e+28,1.99846e+10,0.00427507,6.14897e+36,0.03468,0.0976268,823.408,3.85173e-32,6.78842e+15,8.33262e+16,2.13468e+14,9.03281e+16,1.71666e+22,2.90996e+09
2.92958e+06,200052,3.03325e+07,2.10733e+25,1.73841e+28,2.03315e+10,0.00427513,6.14852e+36,0.03468,0.0976224,823.277,3.85038e-32,6.78823e+15,8.33242e+16,2.13462e+14,9.03259e+16,1.77648e+22,2.90989e+09
2.97958e+06,200049,3.03322e+07,2.21706e+25,1.82875e+28,2.06784e+10,0.00427519,6.14806e+36,0.03468,0.0976179,823.143,3.84901e-32,6.78804e+15,8.33222e+16,2.13456e+14,9.03237e+16,1.83731e+22,2.90983e+09
3.02958e+06,200045,3.0332e+07,2.33053e+25,1.92215e+28,2.10253e+10,0.00427525,6.1476e+36,0.03468,0.0976133,823.007,3.84762e-32,6.78784e+15,8.33201e+16,2.1345e+14,9.03214e+16,1.89915e+22,2.90976e+09
3.07958e+06,200042,3.03318e+07,2.44781e+25,2.01868e+28,2.13721e+10,0.00427531,6.14712e+36,0.03468,0.0976087,822.869,3.8462e-32,6.78765e+15,8.3318e+16,2.13443e+14,9.03191e+16,1.96199e+22,2.90969e+09
3.12958e+06,200038,3.03316e+07,2.56896e+25,2.11837e+28,2.1719e+10,0.00427537,6.14664e+36,0.03468,0.0976039,822.728,3.84476e-32,6.78745e+15,8.33159e+16,2.13436e+14,9.03168e+16,2.02583e+22,2.90962e+09
3.17958e+06,200035,3.03313e+07,2.69404e+25,2.22128e+28,2.20659e+10,0.00427543,6.14616e+36,0.03468,0.0975991,822.585,3.8433e-32,6.78724e+15,8.33138e+16,2.1343e+14,9.03145e+16,2.09068e+22,2.90955e+09
3.22958e+06,200031,3.03311e+07,2.82311e+25,2.32745e+28,2.24127e+10,0.0042755,6.14566e+36,0.03468,0.0975942,822.44,3.84182e-32,6.78704e+15,8.33116e+16,2.13423e+14,9.03121e+16,2.15653e+22,2.90948e+09
3.27958e+06,200027,3.03308e+07,2.95624e+25,2.43695e+28,2.27596e+10,0.00427556,6.14516e+36,0.03468,0.0975893,822.293,3.84032e-32,6.78683e+15,8.33094e+16,2.13416e+14,9.03096e+16,2.22338e+22,2.90941e+09
3.32958e+06,200023,3.03306e+07,3.09349e+25,2.54981e+28,2.31064e+10,0.00427563,6.14465e+36,0.03468,0.0975842,822.144,3.83879e-32,6.78661e+15,8.33071e+16,2.13409e+14,9.03072e+16,2.29123e+22,2.90933e+09
3.37958e+06,200020,3.03303e+07,3.23492e+25,2.66609e+28,2.34533e+10,0.0042757,6.14413e+36,0.03468,0.0975791,821.992,3.83724e-32,6.7864e+15,8.33048e+16,2.13402e+14,9.03046e+16,2.36008e+22,2.90926e+09
3.42958e+06,200016,3.03301e+07,3.38059e+25,2.78583e+28,2.38001e+10,0.00427576,6.1436e+36,0.03468,0.0975739,821.838,3.83567e-32,6.78618e+15,8.33025e+16,2.13395e+14,9.03021e+16,2.42993e+22,2.90918e+09
3.47958e+06,200012,3.03298e+07,3.53057e+25,2.9091e+28,2.41469e+10,0.00427583,6.14307e+36,0.03468,0.0975687,821.682,3.83407e-32,6.78596e+15,8.33002e+16,2.13388e+14,9.02995e+16,2.50078e+22,2.9091e+09
3.52958e+06,200008,3.03295e+07,3.68492e+25,3.03593e+28,2.44937e+10,0.0042759,6.14253e+36,0.03468,0.0975633,821.524,3.83245e-32,6.78573e+15,8.32978e+16,2.1338e+14,9.02969e+16,2.57262e+22,2.90902e+09
3.57958e+06,200004,3.03293e+07,3.84371e+25,3.16638e+28,2.48405e+10,0.00427597,6.14198e+36,0.03468,0.0975579,821.363,3.83081e-32,6.7855e+15,8.32954e+16,2.13373e+14,9.02942e+16,2.64545e+22,2.90894e+09
3.62958e+06,200000,3.0329e+07,4.00699e+25,3.30049e+28,2.51874e+10,0.00427605,6.14142e+36,0.03468,0.0975524,821.2,3.82915e-32,6.78527e+15,8.32929e+16,2.13365e+14,9.02915e+16,2.71927e+22,2.90886e+09
3.67958e+06,199995,3.03287e+07,4.17482e+25,3.43832e+28,2.55341e+10,0.00427612,6.14086e+36,0.03468,0.0975469,821.035,3.82747e-32,6.78503e+15,8.32904e+16,2.13357e+14,9.02888e+16,2.79409e+22,2.90878e+09
3.72958e+06,199991,3.03285e+07,4.34728e+25,3.57991e+28,2.58809e+10,0.00427619,6.14029e+36,0.03468,0.0975412,820.868,3.82576e-32,6.78479e+15,8.32879e+16,2.13349e+14,9.0286e+16,2.86989e+22,2.9087e+09
3.77958e+06,199987,3.03282e+07,4.52442e+25,3.72533e+28,2.62277e+10,0.00427627,6.13971e+36,0.03468,0.0975355,820.699,3.82403e-32,6.78455e+15,8.32853e+16,2.13342e+14,9.02832e+16,2.94669e+22,2.90861e+09
3.82958e+06,199983,3.03279e+07,4.7063e+25,3.8746e+28,2.65745e+10,0.00427635,6.13912e+36,0.03468,0.0975297,820.527,3.82228e-32,6.78431e+15,8.32828e+16,2.13333e+14,9.02804e+16,3.02447e+22,2.90853e+09
3.87958e+06,199978,3.03276e+07,4.893e+25,4.02779e+28,2.69213e+10,0.00427642,6.13852e+36,0.03468,0.0975239,820.353,3.82051e-32,6.78406e+15,8.32801e+16,2.13325e+14,9.02775e+16,3.10323e+22,2.90844e+09
3.92958e+06,199974,3.03273e+07,5.08456e+25,4.18494e+28,2.7268e+10,0.0042765,6.13792e+36,0.03468,0.0975179,820.177,3.81871e-32,6.78381e+15,8.32775e+16,2.13317e+14,9.02746e+16,3.18298e+22,2.90836e+09
3.97958e+06,199969,3.0327e+07,5.28106e+25,4.3461e+28,2.76148e+10,0.00427658,6.13731e+36,0.03468,0.0975119,819.998,3.81689e-32,6.78355e+15,8.32748e+16,2.13309e+14,9.02716e+16,3.26372e+22,2.90827e+09
4.02958e+06,199965,3.03267e+07,5.48255e+25,4.51133e+28,2.79615e+10,0.00427666,6.13669e+36,0.03468,0.0975058,819.818,3.81505e-32,6.78329e+15,8.3272e+16,2.133e+14,9.02686e+16,3.34543e+22,2.90818e+09
4.07958e+06,199960,3.03264e+07,5.6891e+25,4.68066e+28,2.83082e+10,0.00427674,6.13607e+36,0.03468,0.0974996,819.635,3.81319e-32,6.78303e+15,8.32693e+16,2.13292e+14,9.02656e+16,3.42812e+22,2.90809e+09
4.12958e+06,199955,3.03261e+07,5.90077e+25,4.85416e+28,2.8655e+10,0.00427682,6.13543e+36,0.03468,0.0974934,819.45,3.81131e-32,6.78277e+15,8.32665e+16,2.13283e+14,9.02625e+16,3.5118e+22,2.90799e+09
4.17958e+06,199951,3.03258e+07,6.11763e+25,5.03186e+28,2.90017e+10,0.00427691,6.13479e+36,0.03468,0.0974871,819.263,3.8094e-32,6.7825e+15,8.32637e+16,2.13274e+14,9.02594e+16,3.59644e+22,2.9079e+09
4.22958e+06,199946,3.03255e+07,6.33973e+25,5.21382e+28,2.93484e+10,0.00427699,6.13414e+36,0.03468,0.0974807,819.073,3.80747e-32,6.78223e+15,8.32608e+16,2.13265e+14,9.02563e+16,3.68207e+22,2.90781e+09
4.27958e+06,199941,3.03251e+07,6.56713e+25,5.40008e+28,2.96951e+10,0.00427708,6.13349e+36,0.03468,0.0974742,818.882,3.80552e-32,6.78196e+15,8.32579e+16,2.13256e+14,9.02531e+16,3.76866e+22,2.90771e+09
4.32958e+06,199936,3.03248e+07,6.79991e+25,5.5907e+28,3.00418e+10,0.00427716,6.13282e+36,0.03468,0.0974677,818.688,3.80355e-32,6.78168e+15,8.3255e+16,2.13247e+14,9.02499e+16,3.85623e+22,2.90762e+09
4.37958e+06,199931,3.03245e+07,7.03812e+25,5.78572e+28,3.03885e+10,0.00427725,6.13215e+36,0.03468,0.097461,818.492,3.80156e-32,6.7814e+15,8.3252e+16,2.13238e+14,9.02466e+16,3.94477e+22,2.90752e+09
4.42958e+06,199926,3.03242e+07,7.28183e+25,5.98519e+28,3.07352e+10,0.00427734,6.13147e+36,0.03468,0.0974543,818.294,3.79954e-32,6.78111e+15,8.3249e+16,2.13229e+14,9.02434e+16,4.03428e+22,2.90742e+09
4.47958e+06,199921,3.03238e+07,7.5311e+25,6.18917e+28,3.10818e+10,0.00427743,6.13079e+36,0.03468,0.0974476,818.093,3.79751e-32,6.78083e+15,8.3246e+16,2.13219e+14,9.024e+16,4.12475e+22,2.90732e+09
4.52958e+06,199916,3.03235e+07,7.78598e+25,6.39769e+28,3.14285e+10,0.00427752,6.13009e+36,0.03468,0.0974407,817.891,3.79545e-32,6.78054e+15,8.32429e+16,2.1321e+14,9.02367e+16,4.21619e+22,2.90722e+09
4.57958e+06,199911,3.03232e+07,8.04655e+25,6.6108e+28,3.17751e+10,0.00427761,6.12939e+36,0.03468,0.0974338,817.686,3.79337e-32,6.78024e+15,8.32398e+16,2.132e+14,9.02333e+16,4.3086e+22,2.90712e+09
4.62958e+06,199906,3.03228e+07,8.31287e+25,6.82856e+28,3.21218e+10,0.0042777,6.12868e+36,0.03468,0.0974268,817.479,3.79126e-32,6.77995e+15,8.32367e+16,2.1319e+14,9.02298e+16,4.40196e+22,2.90701e+09
4.67958e+06,199900,3.03225e+07,8.58499e+25,7.05102e+28,3.24684e+10,0.00427779,6.12796e+36,0.03468,0.0974197,817.27,3.78914e-32,6.77965e+15,8.32335e+16,2.13181e+14,9.02263e+16,4.49629e+22,2.90691e+09
4.72958e+06,199895,3.03221e+07,8.86298e+25,7.27821e+28,3.2815e+10,0.00427789,6.12724e+36,0.03468,0.0974125,817.058,3.78699e-32,6.77935e+15,8.32303e+16,2.13171e+14,9.02228e+16,4.59157e+22,2.9068e+09
4.77958e+06,199889,3.03217e+07,9.14691e+25,7.51019e+28,3.31616e+10,0.00427798,6.12651e+36,0.03468,0.0974053,816.845,3.78483e-32,6.77904e+15,8.32271e+16,2.13161e+14,9.02193e+16,4.68782e+22,2.9067e+09
4.82958e+06,199884,3.03214e+07,9.43683e+25,7.74701e+28,3.35082e+10,0.00427808,6.12577e+36,0.03468,0.097398,816.629,3.78264e-32,6.77873e+15,8.32238e+16,2.13151e+14,9.02157e+16,4.78501e+22,2.90659e+09
4.87958e+06,199878,3.0321e+07,9.73281e+25,7.98871e+28,3.38548e+10,0.00427818,6.12502e+36,0.03468,0.0973906,816.411,3.78043e-32,6.77842e+15,8.32205e+16,2.1314e+14,9.02121e+16,4.88316e+22,2.90648e+09
4.92958e+06,199873,3.03207e+07,1.00349e+26,8.23534e+28,3.42014e+10,0.00427827,6.12426e+36,0.03468,0.0973832,816.191,3.7782e-32,6.7781e+15,8.32172e+16,2.1313e+14,9.02084e+16,4.98227e+22,2.90637e+09
4.97958e+06,199867,3.03203e+07,1.03432e+26,8.48695e+28,3.4548e+10,0.00427837,6.1235e+36,0.03468,0.0973756,815.968,3.77594e-32,6.77778e+15,8.32138e+16,2.13119e+14,9.02047e+16,5.08232e+22,2.90626e+09
5.02958e+06,199862,3.03199e+07,1.06577e+26,8.74359e+28,3.48946e+10,0.00427847,6.12273e+36,0.03468,0.097368,815.744,3.77367e-32,6.77746e+15,8.32104e+16,2.13109e+14,9.0201e+16,5.18332e+22,2.90615e+09
5.07958e+06,199856,3.03195e+07,1.09785e+26,9.0053e+28,3.52411e+10,0.00427858,6.12195e+36,0.03468,0.0973604,815.517,3.77137e-32,6.77713e+15,8.3207e+16,2.13098e+14,9.01972e+16,5.28527e+22,2.90604e+09
5.12958e+06,199850,3.03191e+07,1.13057e+26,9.27213e+28,3.55877e+10,0.00427868,6.12117e+36,0.03468,0.0973526,815.288,3.76906e-32,6.77681e+15,8.32035e+16,2.13087e+14,9.01934e+16,5.38816e+22,2.90592e+09
5.17958e+06,199844,3.03188e+07,1.16394e+26,9.54413e+28,3.59342e+10,0.00427878,6.12037e+36,0.03468,0.0973448,815.057,3.76672e-32,6.77647e+15,8.32e+16,2.13077e+14,9.01895e+16,5.492e+22,2.90581e+09
5.22958e+06,199838,3.03184e+07,1.19795e+26,9.82135e+28,3.62807e+10,0.00427888,6.11957e+36,0.03468,0.0973369,814.824,3.76436e-32,6.77614e+15,8.31964e+16,2.13066e+14,9.01856e+16,5.59677e+22,2.90569e+09
5.27958e+06,199832,3.0318e+07,1.23262e+26,1.01038e+29,3.66272e+10,0.00427899,6.11876e+36,0.03468,0.0973289,814.588,3.76198e-32,6.7758e+15,8.31929e+16,2.13054e+14,9.01817e+16,5.70249e+22,2.90557e+09
5.32958e+06,199826,3.03176e+07,1.26795e+26,1.03916e+29,3.69737e+10,0.0042791,6.11795e+36,0.03468,0.0973208,814.351,3.75958e-32,6.77546e+15,8.31893e+16,2.13043e+14,9.01778e+16,5.80914e+22,2.90545e+09
5.37958e+06,199820,3.03172e+07,1.30395e+26,1.06848e+29,3.73202e+10,0.0042792,6.11712e+36,0.03468,0.0973127,814.111,3.75716e-32,6.77512e+15,8.31856e+16,2.13032e+14,9.01738e+16,5.91672e+22,2.90533e+09
5.42958e+06,199814,3.03168e+07,1.34062e+26,1.09833e+29,3.76667e+10,0.00427931,6.11629e+36,0.03468,0.0973045,813.869,3.75471e-32,6.77477e+15,8.31819e+16,2.13021e+14,9.01697e+16,6.02524e+22,2.90521e+09
5.47958e+06,199808,3.03164e+07,1.37797e+26,1.12873e+29,3.80132e+10,0.00427942,6.11545e+36,0.03468,0.0972962,813.625,3.75225e-32,6.77442e+15,8.31782e+16,2.13009e+14,9.01657e+16,6.13469e+22,2.90509e+09
5.52958e+06,199801,3.03159e+07,1.41601e+26,1.15968e+29,3.83597e+10,0.00427953,6.11461e+36,0.03468,0.0972879,813.379,3.74976e-32,6.77406e+15,8.31745e+16,2.12997e+14,9.01615e+16,6.24507e+22,2.90497e+09
5.57958e+06,199795,3.03155e+07,1.45474e+26,1.19118e+29,3.87061e+10,0.00427964,6.11375e+36,0.03468,0.0972794,813.13,3.74725e-32,6.77371e+15,8.31707e+16,2.12986e+14,9.01574e+16,6.35638e+22,2.90484e+09
5.62958e+06,199789,3.03151e+07,1.49418e+26,1.22324e+29,3.90525e+10,0.00427976,6.11289e+36,0.03468,0.0972709,812.88,3.74473e-32,6.77335e+15,8.31669e+16,2.12974e+14,9.01532e+16,6.46861e+22,2.90472e+09
5.67958e+06,199782,3.03147e+07,1.53431e+26,1.25587e+29,3.9399e+10,0.00427987,6.11202e+36,0.03468,0.0972623,812.627,3.74218e-32,6.77298e+15,8.31631e+16,2.12962e+14,9.0149e+16,6.58177e+22,2.90459e+09
5.72958e+06,199776,3.03142e+07,1.57516e+26,1.28906e+29,3.97454e+10,0.00427998,6.11115e+36,0.03468,0.0972537,812.372,3.73961e-32,6.77261e+15,8.31592e+16,2.1295e+14,9.01447e+16,6.69585e+22,2.90446e+09
5.77958e+06,199769,3.03138e+07,1.61673e+26,1.32283e+29,4.00918e+10,0.0042801,6.11026e+36,0.03468,0.0972449,812.115,3.73702e-32,6.77224e+15,8.31553e+16,2.12938e+14,9.01405e+16,6.81084e+22,2.90433e+09
5.82958e+06,199763,3.03134e+07,1.65902e+26,1.35717e+29,4.04382e+10,0.00428021,6.10937e+36,0.03468,0.0972361,811.856,3.73441e-32,6.77187e+15,8.31513e+16,2.12926e+14,9.01361e+16,6.92675e+22,2.9042e+09
5.87958e+06,199756,3.03129e+07,1.70204e+26,1.3921e+29,4.07846e+10,0.00428033,6.10847e+36,0.03468,0.0972272,811.595,3.73178e-32,6.77149e+15,8.31473e+16,2.12913e+14,9.01318e+16,7.04358e+22,2.90407e+09
5.92958e+06,199749,3.03125e+07,1.7458e+26,1.42761e+29,4.11309e+10,0.00428045,6.10757e+36,0.03468,0.0972183,811.331,3.72913e-32,6.77112e+15,8.31433e+16,2.12901e+14,9.01273e+16,7.16132e+22,2.90394e+09
5.97958e+06,199742,3.03121e+07,1.7903e+26,1.46371e+29,4.14773e+10,0.00428057,6.10665e+36,0.03468,0.0972093,811.066,3.72646e-32,6.77073e+15,8.31393e+16,2.12888e+14,9.01229e+16,7.27997e+22,2.90381e+09
6.02958e+06,199736,3.03116e+07,1.83555e+26,1.50041e+29,4.18237e+10,0.00428069,6.10573e+36,0.03468,0.0972001,810.798,3.72376e-32,6.77035e+15,8.31352e+16,2.12875e+14,9.01184e+16,7.39953e+22,2.90367e+09
6.07958e+06,199729,3.03111e+07,1.88155e+26,1.53771e+29,4.217e+10,0.00428081,6.1048e+36,0.03468,0.097191,810.528,3.72105e-32,6.76996e+15,8.31311e+16,2.12863e+14,9.01139e+16,7.52e+22,2.90354e+09
6.12958e+06,199722,3.03107e+07,1.92832e+26,1.57561e+29,4.25163e+10,0.00428093,6.10386e+36,0.03468,0.0971817,810.256,3.71832e-32,6.76956e+15,8.31269e+16,2.1285e+14,9.01094e+16,7.64137e+22,2.9034e+09
6.17958e+06,199715,3.03102e+07,1.97585e+26,1.61413e+29,4.28626e+10,0.00428106,6.10292e+36,0.03468,0.0971724,809.982,3.71556e-32,6.76917e+15,8.31228e+16,2.12837e+14,9.01048e+16,7.76364e+22,2.90326e+09
6.22958e+06,199708,3.03098e+07,2.02416e+26,1.65325e+29,4.32089e+10,0.00428118,6.10197e+36,0.03468,0.097163,809.706,3.71279e-32,6.76877e+15,8.31185e+16,2.12824e+14,9.01001e+16,7.88682e+22,2.90313e+09
6.27958e+06,199701,3.03093e+07,2.07325e+26,1.693e+29,4.35552e+10,0.00428131,6.10101e+36,0.03468,0.0971535,809.427,3.71e-32,6.76837e+15,8.31143e+16,2.12811e+14,9.00955e+16,8.01089e+22,2.90299e+09
6.32958e+06,199693,3.03088e+07,2.12312e+26,1.73336e+29,4.39015e+10,0.00428143,6.10004e+36,0.03468,0.0971439,809.147,3.70718e-32,6.76796e+15,8.311e+16,2.12797e+14,9.00908e+16,8.13585e+22,2.90285e+09
6.37958e+06,199686,3.03083e+07,2.17378e+26,1.77436e+29,4.42477e+10,0.00428156,6.09907e+36,0.03468,0.0971343,808.864,3.70435e-32,6.76756e+15,8.31057e+16,2.12784e+14,9.0086e+16,8.26171e+22,2.9027e+09
6.42958e+06,199679,3.03079e+07,2.22525e+26,1.81598e+29,4.4594e+10,0.00428169,6.09809e+36,0.03468,0.0971246,808.579,3.70149e-32,6.76714e+15,8.31013e+16,2.1277e+14,9.00813e+16,8.38846e+22,2.90256e+09
6.47958e+06,199672,3.03074e+07,2.27752e+26,1.85824e+29,4.49402e+10,0.00428182,6.0971e+36,0.03468,0.0971148,808.292,3.69862e-32,6.76673e+15,8.3097e+16,2.12757e+14,9.00764e+16,8.5161e+22,2.90242e+09
6.52958e+06,199664,3.03069e+07,2.3306e+26,1.90114e+29,4.52865e+10,0.00428195,6.0961e+36,0.03468,0.097105,808.003,3.69572e-32,6.76631e+15,8.30925e+16,2.12743e+14,9.00716e+16,8.64462e+22,2.90227e+09
6.57958e+06,199657,3.03064e+07,2.38449e+26,1.94469e+29,4.56327e+10,0.00428208,6.09509e+36,0.03468,0.097095,807.712,3.69281e-32,6.76589e+15,8.30881e+16,2.12729e+14,9.00667e+16,8.77403e+22,2.90212e+09
6.62958e+06,199649,3.03059e+07,2.43921e+26,1.98889e+29,4.59789e+10,0.00428221,6.09408e+36,0.03468,0.097085,807.419,3.68987e-32,6.76547e+15,8.30836e+16,2.12715e+14,9.00618e+16,8.90432e+22,2.90198e+09
6.67958e+06,199642,3.03054e+07,2.49476e+26,2.03373e+29,4.63251e+10,0.00428235,6.09306e+36,0.03468,0.0970749,807.123,3.68692e-32,6.76504e+15,8.30791e+16,2.12701e+14,9.00568e+16,9.03549e+22,2.90183e+09
6.72958e+06,199634,3.03049e+07,2.55115e+26,2.07924e+29,4.66712e+10,0.00428248,6.09204e+36,0.03468,0.0970648,806.826,3.68394e-32,6.76461e+15,8.30745e+16,2.12687e+14,9.00518e+16,9.16754e+22,2.90168e+09
6.77958e+06,199626,3.03044e+07,2.60838e+26,2.12541e+29,4.70174e+10,0.00428261,6.091e+36,0.03468,0.0970546,806.526,3.68095e-32,6.76417e+15,8.307e+16,2.12673e+14,9.00468e+16,9.30046e+22,2.90153e+09
6.82958e+06,199619,3.03039e+07,2.66645e+26,2.17225e+29,4.73635e+10,0.00428275,6.08996e+36,0.03468,0.0970442,806.225,3.67794e-32,6.76374e+15,8.30653e+16,2.12659e+14,9.00417e+16,9.43425e+22,2.90138e+09
6.87958e+06,199611,3.03034e+07,2.72538e+26,2.21976e+29,4.77097e+10,0.00428289,6.08891e+36,0.03468,0.0970339,805.921,3.6749e-32,6.7633e+15,8.30607e+16,2.12644e+14,9.00366e+16,9.56891e+22,2.90122e+09
6.92958e+06,199603,3.03028e+07,2.78517e+26,2.26794e+29,4.80558e+10,0.00428303,6.08785e+36,0.03468,0.0970234,805.615,3.67185e-32,6.76285e+15,8.3056e+16,2.1263e+14,9.00315e+16,9.70444e+22,2.90107e+09
6.97958e+06,199595,3.03023e+07,2.84583e+26,2.3168e+29,4.84019e+10,0.00428317,6.08679e+36,0.03468,0.0970129,805.307,3.66878e-32,6.76241e+15,8.30513e+16,2.12615e+14,9.00263e+16,9.84084e+22,2.90091e+09
7.02958e+06,199587,3.03018e+07,2.90736e+26,2.36635e+29,4.8748e+10,0.00428331,6.08572e+36,0.03468,0.0970023,804.997,3.66569e-32,6.76196e+15,8.30465e+16,2.126e+14,9.00211e+16,9.9781e+22,2.90076e+09
7.07958e+06,199579,3.03013e+07,2.96977e+26,2.41658e+29,4.90941e+10,0.00428345,6.08464e+36,0.03468,0.0969916,804.685,3.66258e-32,6.7615e+15,8.30417e+16,2.12585e+14,9.00158e+16,1.01162e+23,2.9006e+09
7.12958e+06,199571,3.03007e+07,3.03306e+26,2.46751e+29,4.94401e+10,0.00428359,6.08355e+36,0.03468,0.0969809,804.371,3.65945e-32,6.76105e+15,8.30369e+16,2.1257e+14,9.00105e+16,1.02552e+23,2.90044e+09
7.17958e+06,199563,3.03002e+07,3.09725e+26,2.51914e+29,4.97862e+10,0.00428373,6.08246e+36,0.03468,0.09697,804.054,3.6563e-32,6.76059e+15,8.30321e+16,2.12555e+14,9.00052e+16,1.0395e+23,2.90028e+09
7.22958e+06,199555,3.02997e+07,3.16233e+26,2.57146e+29,5.01322e+10,0.00428388,6.08136e+36,0.03468,0.0969591,803.736,3.65313e-32,6.76013e+15,8.30272e+16,2.1254e+14,8.99998e+16,1.05357e+23,2.90012e+09
7.27958e+06,199546,3.02991e+07,3.22832e+26,2.6245e+29,5.04782e+10,0.00428402,6.08025e+36,0.03468,0.0969482,803.415,3.64994e-32,6.75966e+15,8.30222e+16,2.12525e+14,8.99944e+16,1.06772e+23,2.89996e+09
7.32958e+06,199538,3.02986e+07,3.29522e+26,2.67824e+29,5.08242e+10,0.00428417,6.07913e+36,0.03468,0.0969371,803.093,3.64673e-32,6.75919e+15,8.30173e+16,2.1251e+14,8.9989e+16,1.08196e+23,2.89979e+09
7.37958e+06,199530,3.0298e+07,3.36303e+26,2.73269e+29,5.11702e+10,0.00428432,6.07801e+36,0.03468,0.096926,802.768,3.6435e-32,6.75872e+15,8.30123e+16,2.12494e+14,8.99835e+16,1.09629e+23,2.89963e+09
7.42958e+06,199521,3.02975e+07,3.43177e+26,2.78787e+29,5.15162e+10,0.00428447,6.07688e+36,0.03468,0.0969148,802.441,3.64026e-32,6.75825e+15,8.30073e+16,2.12478e+14,8.9978e+16,1.11069e+23,2.89946e+09
7.47958e+06,199513,3.02969e+07,3.50143e+26,2.84377e+29,5.18622e+10,0.00428462,6.07574e+36,0.03468,0.0969035,802.113,3.63699e-32,6.75777e+15,8.30022e+16,2.12463e+14,8.99724e+16,1.12518e+23,2.8993e+09
7.52958e+06,199504,3.02963e+07,3.57203e+26,2.90039e+29,5.22081e+10,0.00428477,6.07459e+36,0.03468,0.0968922,801.782,3.63371e-32,6.75729e+15,8.29971e+16,2.12447e+14,8.99669e+16,1.13976e+23,2.89913e+09
7.57958e+06,199496,3.02958e+07,3.64357e+26,2.95774e+29,5.2554e+10,0.00428492,6.07344e+36,0.03468,0.0968808,801.449,3.63041e-32,6.7568e+15,8.2992e+16,2.12431e+14,8.99612e+16,1.15442e+23,2.89896e+09
7.62958e+06,199487,3.02952e+07,3.71605e+26,3.01583e+29,5.29e+10,0.00428507,6.07228e+36,0.03468,0.0968693,801.114,3.62709e-32,6.75631e+15,8.29868e+16,2.12415e+14,8.99556e+16,1.16916e+23,2.89879e+09
7.67958e+06,199478,3.02946e+07,3.78949e+26,3.07466e+29,5.32459e+10,0.00428522,6.07111e+36,0.03468,0.0968577,800.777,3.62375e-32,6.75582e+15,8.29817e+16,2.12399e+14,8.99499e+16,1.18398e+23,2.89862e+09
7.72958e+06,199470,3.0294e+07,3.86389e+26,3.13423e+29,5.35918e+10,0.00428538,6.06993e+36,0.03468,0.0968461,800.438,3.62039e-32,6.75533e+15,8.29764e+16,2.12383e+14,8.99441e+16,1.19889e+23,2.89845e+09
7.77958e+06,199461,3.02935e+07,3.93926e+26,3.19455e+29,5.39376e+10,0.00428553,6.06875e+36,0.03468,0.0968343,800.096,3.61701e-32,6.75483e+15,8.29712e+16,2.12366e+14,8.99384e+16,1.21388e+23,2.89828e+09
7.82958e+06,199452,3.02929e+07,4.01559e+26,3.25562e+29,5.42835e+10,0.00428569,6.06756e+36,0.03468,0.0968226,799.753,3.61362e-32,6.75433e+15,8.29659e+16,2.1235e+14,8.99326e+16,1.22895e+23,2.8981e+09
7.87958e+06,199443,3.02923e+07,4.09291e+26,3.31745e+29,5.46293e+10,0.00428585,6.06636e+36,0.03468,0.0968107,799.408,3.6102e-32,6.75383e+15,8.29606e+16,2.12334e+14,8.99267e+16,1.2441e+23,2.89793e+09
7.92958e+06,199434,3.02917e+07,4.1712e+26,3.38003e+29,5.49752e+10,0.00428601,6.06516e+36,0.03468,0.0967988,799.061,3.60677e-32,6.75332e+15,8.29552e+16,2.12317e+14,8.99208e+16,1.25934e+23,2.89775e+09
7.97958e+06,199425,3.02911e+07,4.25049e+26,3.44338e+29,5.5321e+10,0.00428617,6.06395e+36,0.03468,0.0967867,798.711,3.60332e-32,6.75281e+15,8.29498e+16,2.123e+14,8.99149e+16,1.27465e+23,2.89757e+09
8.02958e+06,199416,3.02905e+07,4.33078e+26,3.5075e+29,5.56668e+10,0.00428633,6.06273e+36,0.03468,0.0967747,798.36,3.59985e-32,6.7523e+15,8.29444e+16,2.12283e+14,8.9909e+16,1.29005e+23,2.8974e+09
8.07958e+06,199407,3.02899e+07,4.41206e+26,3.57239e+29,5.60125e+10,0.00428649,6.0615e+36,0.03468,0.0967625,798.007,3.59636e-32,6.75178e+15,8.29389e+16,2.12266e+14,8.9903e+16,1.30553e+23,2.89722e+09
8.12958e+06,199398,3.02893e+07,4.49436e+26,3.63805e+29,5.63583e+10,0.00428665,6.06026e+36,0.03468,0.0967503,797.651,3.59285e-32,6.75126e+15,8.29334e+16,2.12249e+14,8.98969e+16,1.32109e+23,2.89704e+09
8.17958e+06,199388,3.02887e+07,4.57767e+26,3.7045e+29,5.67041e+10,0.00428681,6.05902e+36,0.03468,0.096738,797.294,3.58933e-32,6.75074e+15,8.29279e+16,2.12232e+14,8.98909e+16,1.33673e+23,2.89685e+09
8.22958e+06,199379,3.02881e+07,4.662e+26,3.77173e+29,5.70498e+10,0.00428698,6.05777e+36,0.03468,0.0967256,796.934,3.58579e-32,6.75021e+15,8.29223e+16,2.12215e+14,8.98848e+16,1.35245e+23,2.89667e+09
8.27958e+06,199370,3.02874e+07,4.74735e+26,3.83975e+29,5.73955e+10,0.00428715,6.05652e+36,0.03468,0.0967131,796.573,3.58223e-32,6.74969e+15,8.29167e+16,2.12198e+14,8.98786e+16,1.36824e+23,2.89649e+09
8.32958e+06,199360,3.02868e+07,4.83375e+26,3.90855e+29,5.77412e+10,0.00428731,6.05525e+36,0.03468,0.0967006,796.209,3.57865e-32,6.74915e+15,8.29111e+16,2.1218e+14,8.98725e+16,1.38412e+23,2.8963e+09
8.37958e+06,199351,3.02862e+07,4.92117e+26,3.97816e+29,5.80869e+10,0.00428748,6.05398e+36,0.03468,0.096688,795.843,3.57505e-32,6.74862e+15,8.29055e+16,2.12163e+14,8.98662e+16,1.40008e+23,2.89611e+09
8.42958e+06,199341,3.02856e+07,5.00965e+26,4.04856e+29,5.84326e+10,0.00428765,6.0527e+36,0.03468,0.0966753,795.476,3.57144e-32,6.74808e+15,8.28998e+16,2.12145e+14,8.986e+16,1.41612e+23,2.89593e+09
8.47958e+06,199332,3.02849e+07,5.09918e+26,4.11977e+29,5.87782e+10,0.00428782,6.05142e+36,0.03468,0.0966626,795.106,3.56781e-32,6.74754e+15,8.2894e+16,2.12127e+14,8.98537e+16,1.43223e+23,2.89574e+09
8.52958e+06,199322,3.02843e+07,5.18976e+26,4.19179e+29,5.91238e+10,0.00428799,6.05012e+36,0.03468,0.0966497,794.735,3.56416e-32,6.74699e+15,8.28883e+16,2.12109e+14,8.98474e+16,1.44842e+23,2.89555e+09
8.57958e+06,199312,3.02836e+07,5.28141e+26,4.26462e+29,5.94694e+10,0.00428816,6.04882e+36,0.03468,0.0966368,794.361,3.56049e-32,6.74645e+15,8.28825e+16,2.12091e+14,8.9841e+16,1.46469e+23,2.89536e+09
8.62958e+06,199303,3.0283e+07,5.37413e+26,4.33826e+29,5.9815e+10,0.00428833,6.04751e+36,0.03468,0.0966239,793.985,3.55681e-32,6.74589e+15,8.28767e+16,2.12073e+14,8.98346e+16,1.48104e+23,2.89517e+09
8.67958e+06,199293,3.02824e+07,5.46792e+26,4.41272e+29,6.01606e+10,0.00428851,6.0462e+36,0.03468,0.0966108,793.608,3.5531e-32,6.74534e+15,8.28708e+16,2.12055e+14,8.98282e+16,1.49747e+23,2.89497e+09
8.72958e+06,199283,3.02817e+07,5.5628e+26,4.48801e+29,6.05062e+10,0.00428868,6.04488e+36,0.03468,0.0965977,793.228,3.54938e-32,6.74478e+15,8.28649e+16,2.12037e+14,8.98217e+16,1.51397e+23,2.89478e+09
8.77958e+06,199273,3.0281e+07,5.65876e+26,4.56412e+29,6.08517e+10,0.00428886,6.04355e+36,0.03468,0.0965845,792.847,3.54565e-32,6.74422e+15,8.2859e+16,2.12018e+14,8.98152e+16,1.53055e+23,2.89459e+09
8.82958e+06,199263,3.02804e+07,5.75582e+26,4.64106e+29,6.11973e+10,0.00428903,6.04221e+36,0.03468,0.0965713,792.463,3.54189e-32,6.74366e+15,8.2853e+16,2.12e+14,8.98087e+16,1.54721e+23,2.89439e+09
8.87958e+06,199253,3.02797e+07,5.85398e+26,4.71884e+29,6.15428e+10,0.00428921,6.04087e+36,0.03468,0.0965579,792.077,3.53812e-32,6.74309e+15,8.2847e+16,2.11981e+14,8.98021e+16,1.56394e+23,2.89419e+09
8.92958e+06,199243,3.02791e+07,5.95325e+26,4.79746e+29,6.18883e+10,0.00428939,6.03951e+36,0.03468,0.0965445,791.69,3.53433e-32,6.74252e+15,8.2841e+16,2.11963e+14,8.97955e+16,1.58075e+23,2.89399e+09
8.97958e+06,199233,3.02784e+07,6.05363e+26,4.87692e+29,6.22338e+10,0.00428957,6.03816e+36,0.03468,0.096531,791.3,3.53053e-32,6.74195e+15,8.28349e+16,2.11944e+14,8.97888e+16,1.59763e+23,2.89379e+09
9.02958e+06,199222,3.02777e+07,6.15512e+26,4.95722e+29,6.25792e+10,0.00428975,6.03679e+36,0.03468,0.0965175,790.909,3.5267e-32,6.74137e+15,8.28288e+16,2.11925e+14,8.97821e+16,1.61459e+23,2.89359e+09
9.07958e+06,199212,3.0277e+07,6.25775e+26,5.03838e+29,6.29247e+10,0.00428993,6.03542e+36,0.03468,0.0965038,790.515,3.52286e-32,6.74079e+15,8.28227e+16,2.11906e+14,8.97754e+16,1.63162e+23,2.89339e+09
9.12958e+06,199202,3.02763e+07,6.3615e+26,5.12039e+29,6.32701e+10,0.00429012,6.03403e+36,0.03468,0.0964901,790.12,3.519e-32,6.74021e+15,8.28166e+16,2.11887e+14,8.97687e+16,1.64873e+23,2.89319e+09
9.17958e+06,199191,3.02757e+07,6.46639e+26,5.20325e+29,6.36155e+10,0.0042903,6.03265e+36,0.03468,0.0964764,789.722,3.51513e-32,6.73963e+15,8.28104e+16,2.11868e+14,8.97619e+16,1.66592e+23,2.89299e+09
9.22958e+06,199181,3.0275e+07,6.57243e+26,5.28698e+29,6.39609e+10,0.00429048,6.03125e+36,0.03468,0.0964625,789.323,3.51124e-32,6.73904e+15,8.28041e+16,2.11848e+14,8.9755e+16,1.68317e+23,2.89278e+09
9.27958e+06,199170,3.02743e+07,6.67961e+26,5.37157e+29,6.43063e+10,0.00429067,6.02985e+36,0.03468,0.0964486,788.921,3.50733e-32,6.73845e+15,8.27979e+16,2.11829e+14,8.97482e+16,1.70051e+23,2.89257e+09
9.32958e+06,199160,3.02736e+07,6.78795e+26,5.45703e+29,6.46516e+10,0.00429086,6.02844e+36,0.03468,0.0964346,788.518,3.50341e-32,6.73785e+15,8.27916e+16,2.11809e+14,8.97412e+16,1.71791e+23,2.89237e+09
9.37958e+06,199149,3.02729e+07,6.89745e+26,5.54337e+29,6.49969e+10,0.00429104,6.02702e+36,0.03468,0.0964205,788.113,3.49947e-32,6.73725e+15,8.27853e+16,2.1179e+14,8.97343e+16,1.73539e+23,2.89216e+09
9.42958e+06,199139,3.02722e+07,7.00812e+26,5.63057e+29,6.53423e+10,0.00429123,6.0256e+36,0.03468,0.0964064,787.705,3.49551e-32,6.73665e+15,8.27789e+16,2.1177e+14,8.97273e+16,1.75294e+23,2.89195e+09
9.47958e+06,199128,3.02715e+07,7.11997e+26,5.71866e+29,6.56876e+10,0.00429142,6.02417e+36,0.03468,0.0963922,787.296,3.49153e-32,6.73605e+15,8.27725e+16,2.1175e+14,8.97203e+16,1.77056e+23,2.89174e+09
9.52958e+06,199117,3.02708e+07,7.23299e+26,5.80763e+29,6.60328e+10,0.00429161,6.02273e+36,0.03468,0.0963779,786.885,3.48754e-32,6.73544e+15,8.27661e+16,2.1173e+14,8.97132e+16,1.78826e+23,2.89153e+09
9.57958e+06,199106,3.027e+07,7.3472e+26,5.89749e+29,6.63781e+10,0.00429181,6.02128e+36,0.03468,0.0963635,786.472,3.48354e-32,6.73483e+15,8.27596e+16,2.1171e+14,8.97062e+16,1.80603e+23,2.89132e+09
9.62958e+06,199095,3.02693e+07,7.4626e+26,5.98824e+29,6.67233e+10,0.004292,6.01983e+36,0.03468,0.0963491,786.057,3.47951e-32,6.73422e+15,8.27531e+16,2.1169e+14,8.9699e+16,1.82387e+23,2.8911e+09
9.67958e+06,199084,3.02686e+07,7.5792e+26,6.07988e+29,6.70686e+10,0.00429219,6.01837e+36,0.03468,0.0963346,785.64,3.47547e-32,6.7336e+15,8.27466e+16,2.1167e+14,8.96919e+16,1.84178e+23,2.89089e+09
9.72958e+06,199073,3.02679e+07,7.697e+26,6.17242e+29,6.74138e+10,0.00429239,6.0169e+36,0.03468,0.09632,785.221,3.47142e-32,6.73298e+15,8.274e+16,2.1165e+14,8.96847e+16,1.85976e+23,2.89067e+09
9.77958e+06,199062,3.02671e+07,7.81602e+26,6.26586e+29,6.7759e+10,0.00429258,6.01543e+36,0.03468,0.0963053,784.8,3.46735e-32,6.73236e+15,8.27334e+16,2.11629e+14,8.96774e+16,1.87781e+23,2.89045e+09
9.82958e+06,199051,3.02664e+07,7.93625e+26,6.3602e+29,6.81041e+10,0.00429278,6.01395e+36,0.03468,0.0962906,784.377,3.46326e-32,6.73173e+15,8.27268e+16,2.11609e+14,8.96702e+16,1.89593e+23,2.89024e+09
9.87958e+06,199040,3.02657e+07,8.0577e+26,6.45545e+29,6.84493e+10,0.00429298,6.01246e+36,0.03468,0.0962758,783.953,3.45916e-32,6.7311e+15,8.27202e+16,2.11588e+14,8.96628e+16,1.91413e+23,2.89002e+09
9.92958e+06,199029,3.02649e+07,8.18039e+26,6.55161e+29,6.87944e+10,0.00429318,6.01096e+36,0.03468,0.096261,783.526,3.45504e-32,6.73047e+15,8.27135e+16,2.11567e+14,8.96555e+16,1.93239e+23,2.8898e+09
9.97958e+06,199018,3.02642e+07,8.3043e+26,6.64869e+29,6.91395e+10,0.00429338,6.00946e+36,0.03468,0.096246,783.098,3.4509e-32,6.72983e+15,8.27067e+16,2.11546e+14,8.96481e+16,1.95072e+23,2.88958e+09
1.00296e+07,199006,3.02634e+07,8.42946e+26,6.74669e+29,6.94846e+10,0.00429358,6.00795e+36,0.03468,0.096231,782.667,3.44675e-32,6.72919e+15,8.27e+16,2.11525e+14,8.96407e+16,1.96912e+23,2.88935e+09
1.00796e+07,198995,3.02627e+07,8.55587e+26,6.84561e+29,6.98296e+10,0.00429378,6.00643e+36,0.03468,0.0962159,782.235,3.44258e-32,6.72855e+15,8.26932e+16,2.11504e+14,8.96332e+16,1.98759e+23,2.88913e+09
1.01296e+07,198983,3.02619e+07,8.68352e+26,6.94545e+29,7.01747e+10,0.00429398,6.0049e+36,0.03468,0.0962008,781.801,3.4384e-32,6.72791e+15,8.26864e+16,2.11483e+14,8.96258e+16,2.00613e+23,2.88891e+09
1.01796e+07,198972,3.02612e+07,8.81244e+26,7.04622e+29,7.05197e+10,0.00429419,6.00337e+36,0.03468,0.0961855,781.364,3.4342e-32,6.72726e+15,8.26795e+16,2.11462e+14,8.96182e+16,2.02474e+23,2.88868e+09
1.02296e+07,198960,3.02604e+07,8.94262e+26,7.14792e+29,7.08647e+10,0.00429439,6.00183e+36,0.03468,0.0961702,780.926,3.42999e-32,6.72661e+15,8.26726e+16,2.11441e+14,8.96107e+16,2.04341e+23,2.88845e+09
1.02796e+07,198949,3.02596e+07,9.07407e+26,7.25056e+29,7.12097e+10,0.0042946,6.00029e+36,0.03468,0.0961548,780.486,3.42576e-32,6.72595e+15,8.26657e+16,2.11419e+14,8.96031e+16,2.06215e+23,2.88822e+09
1.03296e+07,198937,3.02588e+07,9.20681e+26,7.35414e+29,7.15547e+10,0.00429481,5.99873e+36,0.03468,0.0961394,780.045,3.42152e-32,6.72529e+15,8.26587e+16,2.11397e+14,8.95954e+16,2.08096e+23,2.888e+09
1.03796e+07,198925,3.02581e+07,9.34082e+26,7.45866e+29,7.18996e+10,0.00429501,5.99717e+36,0.03468,0.0961239,779.601,3.41726e-32,6.72463e+15,8.26517e+16,2.11376e+14,8.95878e+16,2.09984e+23,2.88777e+09
1.04296e+07,198914,3.02573e+07,9.47612e+26,7.56413e+29,7.22446e+10,0.00429522,5.99561e+36,0.03468,0.0961083,779.155,3.41298e-32,6.72397e+15,8.26447e+16,2.11354e+14,8.958e+16,2.11878e+23,2.88753e+09
1.04796e+07,198902,3.02565e+07,9.61272e+26,7.67054e+29,7.25895e+10,0.00429543,5.99403e+36,0.03468,0.0960926,778.708,3.40869e-32,6.7233e+15,8.26377e+16,2.11332e+14,8.95723e+16,2.13779e+23,2.8873e+09
1.05296e+07,198890,3.02557e+07,9.75062e+26,7.77791e+29,7.29344e+10,0.00429564,5.99245e+36,0.03468,0.0960769,778.258,3.40439e-32,6.72263e+15,8.26306e+16,2.1131e+14,8.95645e+16,2.15686e+23,2.88707e+09
1.05796e+07,198878,3.02549e+07,9.88983e+26,7.88623e+29,7.32792e+10,0.00429586,5.99086e+36,0.03468,0.096061,777.807,3.40007e-32,6.72196e+15,8.26234e+16,2.11288e+14,8.95567e+16,2.176e+23,2.88683e+09
1.06296e+07,198866,3.02541e+07,1.00303e+27,7.99551e+29,7.36241e+10,0.00429607,5.98927e+36,0.03468,0.0960452,777.354,3.39573e-32,6.72128e+15,8.26163e+16,2.11266e+14,8.95488e+16,2.1952e+23,2.8866e+09
1.06796e+07,198854,3.02533e+07,1.01722e+27,8.10575e+29,7.39689e+10,0.00429628,5.98766e+36,0.03468,0.0960292,776.899,3.39138e-32,6.7206e+15,8.26091e+16,2.11244e+14,8.95409e+16,2.21447e+23,2.88636e+09
1.07296e+07,198842,3.02525e+07,1.03154e+27,8.21696e+29,7.43137e+10,0.0042965,5.98605e+36,0.03468,0.0960132,776.442,3.38702e-32,6.71992e+15,8.26019e+16,2.11221e+14,8.9533e+16,2.23381e+23,2.88612e+09
1.07796e+07,198830,3.02517e+07,1.04599e+27,8.32913e+29,7.46585e+10,0.00429671,5.98443e+36,0.03468,0.0959971,775.983,3.38264e-32,6.71924e+15,8.25946e+16,2.11199e+14,8.95251e+16,2.25321e+23,2.88589e+09
1.08296e+07,198817,3.02509e+07,1.06057e+27,8.44228e+29,7.50032e+10,0.00429693,5.98281e+36,0.03468,0.0959809,775.523,3.37825e-32,6.71855e+15,8.25873e+16,2.11176e+14,8.95171e+16,2.27267e+23,2.88565e+09
1.08796e+07,198805,3.02501e+07,1.07529e+27,8.5564e+29,7.5348e+10,0.00429715,5.98118e+36,0.03468,0.0959647,775.06,3.37384e-32,6.71786e+15,8.258e+16,2.11153e+14,8.9509e+16,2.29219e+23,2.88541e+09
1.09296e+07,198793,3.02493e+07,1.09014e+27,8.6715e+29,7.56927e+10,0.00429737,5.97954e+36,0.03468,0.0959484,774.596,3.36942e-32,6.71716e+15,8.25727e+16,2.11131e+14,8.9501e+16,2.31178e+23,2.88516e+09
1.09796e+07,198780,3.02485e+07,1.10513e+27,8.78758e+29,7.60374e+10,0.00429759,5.9779e+36,0.03468,0.095932,774.13,3.36498e-32,6.71646e+15,8.25653e+16,2.11108e+14,8.94928e+16,2.33143e+23,2.88492e+09
1.10296e+07,198768,3.02477e+07,1.12025e+27,8.90464e+29,7.63821e+10,0.00429781,5.97624e+36,0.03468,0.0959155,773.662,3.36053e-32,6.71576e+15,8.25579e+16,2.11085e+14,8.94847e+16,2.35114e+23,2.88468e+09
1.10796e+07,198755,3.02468e+07,1.13551e+27,9.0227e+29,7.67267e+10,0.00429803,5.97458e+36,0.03468,0.095899,773.192,3.35606e-32,6.71506e+15,8.25504e+16,2.11062e+14,8.94765e+16,2.37092e+23,2.88443e+09
1.11296e+07,198743,3.0246e+07,1.15091e+27,9.14174e+29,7.70713e+10,0.00429826,5.97292e+36,0.03468,0.0958824,772.721,3.35158e-32,6.71435e+15,8.25429e+16,2.11038e+14,8.94683e+16,2.39076e+23,2.88418e+09
1.11796e+07,198730,3.02452e+07,1.16645e+27,9.26177e+29,7.7416e+10,0.00429848,5.97124e+36,0.03468,0.0958657,772.247,3.34709e-32,6.71364e+15,8.25354e+16,2.11015e+14,8.946e+16,2.41065e+23,2.88394e+09
1.12296e+07,198717,3.02443e+07,1.18213e+27,9.3828e+29,7.77605e+10,0.00429871,5.96956e+36,0.03468,0.0958489,771.772,3.34258e-32,6.71293e+15,8.25278e+16,2.10992e+14,8.94518e+16,2.43061e+23,2.88369e+09
1.12796e+07,198705,3.02435e+07,1.19794e+27,9.50484e+29,7.81051e+10,0.00429893,5.96788e+36,0.03468,0.0958321,771.295,3.33806e-32,6.71221e+15,8.25203e+16,2.10968e+14,8.94434e+16,2.45063e+23,2.88344e+09
1.13296e+07,198692,3.02426e+07,1.2139e+27,9.62787e+29,7.84496e+10,0.00429916,5.96618e+36,0.03468,0.0958152,770.816,3.33352e-32,6.71149e+15,8.25126e+16,2.10945e+14,8.94351e+16,2.47071e+23,2.88319e+09
1.13796e+07,198679,3.02418e+07,1.22999e+27,9.75191e+29,7.87942e+10,0.00429939,5.96448e+36,0.03468,0.0957983,770.335,3.32897e-32,6.71077e+15,8.2505e+16,2.10921e+14,8.94267e+16,2.49086e+23,2.88294e+09
1.14296e+07,198666,3.02409e+07,1.24623e+27,9.87696e+29,7.91387e+10,0.00429962,5.96277e+36,0.03468,0.0957812,769.853,3.32441e-32,6.71004e+15,8.24973e+16,2.10897e+14,8.94182e+16,2.51106e+23,2.88268e+09
1.14796e+07,198653,3.02401e+07,1.2626e+27,1.0003e+30,7.94831e+10,0.00429985,5.96106e+36,0.03468,0.0957641,769.368,3.31983e-32,6.70931e+15,8.24896e+16,2.10873e+14,8.94098e+16,2.53131e+23,2.88243e+09
1.15296e+07,198640,3.02392e+07,1.27912e+27,1.01301e+30,7.98276e+10,0.00430008,5.95933e+36,0.03468,0.095747,768.882,3.31524e-32,6.70858e+15,8.24818e+16,2.10849e+14,8.94013e+16,2.55163e+23,2.88217e+09
1.15796e+07,198627,3.02383e+07,1.29579e+27,1.02582e+30,8.0172e+10,0.00430031,5.9576e+36,0.03468,0.0957297,768.394,3.31064e-32,6.70784e+15,8.24741e+16,2.10825e+14,8.93927e+16,2.57201e+23,2.88151e+09
1.16296e+07,198614,3.02375e+07,1.31259e+27,1.03873e+30,8.05164e+10,0.00430054,5.95587e+36,0.03468,0.0957124,767.905,3.30602e-32,6.70711e+15,8.24662e+16,2.10801e+14,8.93841e+16,2.59244e+23,2.88005e+09
1.16796e+07,198601,3.02366e+07,1.32954e+27,1.05174e+30,8.08608e+10,0.00430078,5.95412e+36,0.03468,0.095695,767.413,3.30139e-32,6.70636e+15,8.24584e+16,2.10777e+14,8.93755e+16,2.61294e+23,2.87725e+09
1.17296e+07,198588,3.02357e+07,1.34664e+27,1.06486e+30,8.12052e+10,0.00430101,5.95237e+36,0.03468,0.0956776,766.92,3.29675e-32,6.70562e+15,8.24505e+16,2.10752e+14,8.93669e+16,2.63349e+23,2.87237e+09
1.17796e+07,198574,3.02349e+07,1.36388e+27,1.07808e+30,8.15495e+10,0.00430125,5.95062e+36,0.03468,0.09566,766.425,3.29209e-32,6.70487e+15,8.24426e+16,2.10728e+14,8.93582e+16,2.6541e+23,2.86437e+09
1.18296e+07,198561,3.0234e+07,1.38126e+27,1.0914e+30,8.18938e+10,0.00430149,5.94885e+36,0.03468,0.0956424,765.928,3.28742e-32,6.70412e+15,8.24347e+16,2.10703e+14,8.93495e+16,2.67476e+23,2.85176e+09
1.18796e+07,198548,3.02331e+07,1.39879e+27,1.10483e+30,8.22381e+10,0.00430173,5.94708e+36,0.03468,0.0956247,765.429,3.28273e-32,6.70337e+15,8.24267e+16,2.10678e+14,8.93407e+16,2.69548e+23,2.83238e+09
1.19296e+07,198534,3.02322e+07,1.41647e+27,1.11835e+30,8.25824e+10,0.00430197,5.9453e+36,0.03468,0.095607,764.929,3.27804e-32,6.70261e+15,8.24187e+16,2.10653e+14,8.93319e+16,2.71626e+23,2.80301e+09
1.19796e+07,198521,3.02313e+07,1.4343e+27,1.13199e+30,8.29267e+10,0.00430221,5.94352e+36,0.03468,0.0955892,764.427,3.27333e-32,6.70185e+15,8.24106e+16,2.10629e+14,8.93231e+16,2.73709e+23,2.75901e+09
1.20296e+07,198507,3.02304e+07,1.45228e+27,1.14573e+30,8.32709e+10,0.00430245,5.94173e+36,0.03468,0.0955713,763.923,3.2686e-32,6.70109e+15,8.24025e+16,2.10603e+14,8.93142e+16,2.75798e+23,2.69821e+09
1.20796e+07,198494,3.02295e+07,1.4704e+27,1.15957e+30,8.36151e+10,0.00430269,5.93993e+36,0.03468,0.0955533,763.417,3.26387e-32,6.70032e+15,8.23944e+16,2.10578e+14,8.93053e+16,2.77892e+23,2.62884e+09
1.21296e+07,198480,3.02286e+07,1.48867e+27,1.17352e+30,8.39593e+10,0.00430294,5.93812e+36,0.03468,0.0955353,762.909,3.25912e-32,6.69955e+15,8.23863e+16,2.10553e+14,8.92964e+16,2.79992e+23,2.55178e+09
1.21796e+07,198466,3.02277e+07,1.5071e+27,1.18757e+30,8.43034e+10,0.00430318,5.93631e+36,0.03468,0.0955172,762.4,3.25436e-32,6.69878e+15,8.23781e+16,2.10528e+14,8.92874e+16,2.82097e+23,2.46792e+09
1.22296e+07,198452,3.02268e+07,1.52567e+27,1.20173e+30,8.46475e+10,0.00430343,5.93449e+36,0.03468,0.095499,761.889,3.24959e-32,6.698e+15,8.23699e+16,2.10502e+14,8.92784e+16,2.84207e+23,2.37819e+09
1.22796e+07,198439,3.02259e+07,1.54439e+27,1.21599e+30,8.49916e+10,0.00430367,5.93266e+36,0.03468,0.0954808,761.376,3.2448e-32,6.69723e+15,8.23617e+16,2.10477e+14,8.92694e+16,2.86323e+23,2.28354e+09
1.23296e+07,198425,3.02249e+07,1.56327e+27,1.23036e+30,8.53357e+10,0.00430392,5.93083e+36,0.03468,0.0954625,760.862,3.24001e-32,6.69644e+15,8.23534e+16,2.10451e+14,8.92603e+16,2.88445e+23,2.18493e+09
1.23796e+07,198411,3.0224e+07,1.5823e+27,1.24483e+30,8.56798e+10,0.00430417,5.92899e+36,0.03468,0.0954441,760.346,3.2352e-32,6.69566e+15,8.23451e+16,2.10425e+14,8.92512e+16,2.90571e+23,2.08333e+09
1.24296e+07,198397,3.02231e+07,1.60148e+27,1.25941e+30,8.60238e+10,0.00430442,5.92715e+36,0.03468,0.0954256,759.828,3.23037e-32,6.69487e+15,8.23367e+16,2.104e+14,8.9242e+16,2.92703e+23,1.97967e+09
1.24796e+07,198383,3.02221e+07,1.62082e+27,1.2741e+30,8.63678e+10,0.00430467,5.92529e+36,0.03468,0.0954071,759.308,3.22554e-32,6.69408e+15,8.23284e+16,2.10374e+14,8.92328e+16,2.9484e+23,1.87483e+09
1.25296e+07,198368,3.02212e+07,1.64031e+27,1.2889e+30,8.67118e+10,0.00430492,5.92343e+36,0.03468,0.0953885,758.787,3.22069e-32,6.69329e+15,8.232e+16,2.10348e+14,8.92236e+16,2.96982e+23,1.76967e+09
1.25796e+07,198354,3.02203e+07,1.65995e+27,1.3038e+30,8.70558e+10,0.00430517,5.92156e+36,0.03468,0.0953699,758.264,3.21583e-32,6.69249e+15,8.23115e+16,2.10322e+14,8.92143e+16,2.99129e+23,1.66496e+09
1.26296e+07,198340,3.02193e+07,1.67975e+27,1.31881e+30,8.73997e+10,0.00430543,5.91969e+36,0.03468,0.0953511,757.739,3.21096e-32,6.69169e+15,8.2303e+16,2.10295e+14,8.9205e+16,3.01282e+23,1.56143e+09
1.26796e+07,198326,3.02184e+07,1.69971e+27,1.33393e+30,8.77436e+10,0.00430568,5.91781e+36,0.03468,0.0953323,757.212,3.20608e-32,6.69089e+15,8.22945e+16,2.10269e+14,8.91957e+16,3.03439e+23,1.45972e+09
1.27296e+07,198311,3.02174e+07,1.71982e+27,1.34916e+30,8.80875e+10,0.00430594,5.91592e+36,0.03468,0.0953134,756.684,3.20119e-32,6.69008e+15,8.2286e+16,2.10243e+14,8.91863e+16,3.05601e+23,1.36041e+09
1.27796e+07,198297,3.02165e+07,1.74009e+27,1.36449e+30,8.84314e+10,0.00430619,5.91403e+36,0.03468,0.0952945,756.154,3.19628e-32,6.68927e+15,8.22774e+16,2.10216e+14,8.91769e+16,3.07769e+23,1.26397e+09
1.28296e+07,198283,3.02155e+07,1.76052e+27,1.37993e+30,8.87752e+10,0.00430645,5.91212e+36,0.03468,0.0952755,755.623,3.19136e-32,6.68846e+15,8.22688e+16,2.10189e+14,8.91675e+16,3.09941e+23,1.17084e+09
1.28796e+07,198268,3.02146e+07,1.7811e+27,1.39548e+30,8.9119e+10,0.00430671,5.91022e+36,0.03468,0.0952564,755.089,3.18643e-32,6.68765e+15,8.22602e+16,2.10163e+14,8.9158e+16,3.12118e+23,1.08134e+09
1.29296e+07,198254,3.02136e+07,1.80185e+27,1.41115e+30,8.94628e+10,0.00430697,5.9083e+36,0.03468,0.0952372,754.554,3.18149e-32,6.68683e+15,8.22515e+16,2.10136e+14,8.91485e+16,3.14301e+23,9.95752e+08
1.29796e+07,198239,3.02126e+07,1.82275e+27,1.42692e+30,8.98065e+10,0.00430723,5.90638e+36,0.03468,0.095218,754.018,3.17654e-32,6.68601e+15,8.22428e+16,2.10109e+14,8.9139e+16,3.16488e+23,9.14273e+08
1.30296e+07,198224,3.02117e+07,1.84382e+27,1.44279e+30,9.01503e+10,0.00430749,5.90445e+36,0.03468,0.0951987,753.479,3.17158e-32,6.68518e+15,8.22341e+16,2.10082e+14,8.91294e+16,3.18679e+23,8.37041e+08
1.30796e+07,198210,3.02107e+07,1.86504e+27,1.45878e+30,9.0494e+10,0.00430776,5.90252e+36,0.03468,0.0951793,752.939,3.1666e-32,6.68435e+15,8.22254e+16,2.10055e+14,8.91198e+16,3.20876e+23,7.64136e+08
1.31296e+07,198195,3.02097e+07,1.88643e+27,1.47488e+30,9.08377e+10,0.00430802,5.90057e+36,0.03468,0.0951599,752.398,3.16162e-32,6.68352e+15,8.22166e+16,2.10027e+14,8.91101e+16,3.23077e+23,6.95588e+08
1.31796e+07,198180,3.02087e+07,1.90798e+27,1.49109e+30,9.11813e+10,0.00430829,5.89863e+36,0.03468,0.0951404,751.854,3.15662e-32,6.68269e+15,8.22077e+16,2.1e+14,8.91004e+16,3.25283e+23,6.31381e+08
1.32296e+07,198165,3.02077e+07,1.92969e+27,1.50741e+30,9.1525e+10,0.00430855,5.89667e+36,0.03468,0.0951208,751.309,3.15161e-32,6.68185e+15,8.21989e+16,2.09973e+14,8.90907e+16,3.27494e+23,5.71459e+08
1.32796e+07,198150,3.02067e+07,1.95156e+27,1.52384e+30,9.18686e+10,0.00430882,5.89471e+36,0.03468,0.0951012,750.762,3.1466e-32,6.68101e+15,8.219e+16,2.09945e+14,8.90809e+16,3.29709e+23,5.15731e+08
1.33296e+07,198135,3.02057e+07,1.9736e+27,1.54038e+30,9.22121e+10,0.00430909,5.89274e+36,0.03468,0.0950815,750.214,3.14157e-32,6.68017e+15,8.2181e+16,2.09917e+14,8.90711e+16,3.31929e+23,4.64081e+08
1.33796e+07,198120,3.02048e+07,1.9958e+27,1.55703e+30,9.25557e+10,0.00430936,5.89076e+36,0.03468,0.0950617,749.664,3.13653e-32,6.67932e+15,8.21721e+16,2.0989e+14,8.90613e+16,3.34153e+23,4.16367e+08
1.35133e+07,198080,3.02021e+07,2.05599e+27,1.60212e+30,9.34744e+10,0.00431008,5.88545e+36,0.03468,0.0950084,748.185,3.12299e-32,6.67705e+15,8.2148e+16,2.09815e+14,8.90348e+16,3.40124e+23,3.72431e+08
1.38077e+07,197989,3.01961e+07,2.1927e+27,1.70419e+30,9.54961e+10,0.0043117,5.87357e+36,0.03468,0.0948894,744.887,3.09294e-32,6.67195e+15,8.2094e+16,2.09648e+14,8.89756e+16,3.53377e+23,3.32101e+08
1.43635e+07,197812,3.01844e+07,2.46698e+27,1.90765e+30,9.93108e+10,0.00431486,5.85053e+36,0.03468,0.094658,738.51,3.03526e-32,6.66204e+15,8.19891e+16,2.09324e+14,8.88605e+16,3.78787e+23,2.95194e+08
1.52951e+07,197501,3.01637e+07,2.97599e+27,2.28075e+30,1.05697e+11,0.00432042,5.81008e+36,0.03468,0.0942511,727.389,2.9361e-32,6.64458e+15,8.18041e+16,2.08752e+14,8.86575e+16,4.22381e+23,2.61523e+08
1.67212e+07,196987,3.01297e+07,3.88248e+27,2.93192e+30,1.15453e+11,0.00432962,5.74386e+36,0.03468,0.0935823,709.38,2.77931e-32,6.61578e+15,8.14992e+16,2.07812e+14,8.83228e+16,4.91043e+23,2.30895e+08
1.87628e+07,196174,3.00758e+07,5.47185e+27,4.03709e+30,1.29373e+11,0.00434423,5.64038e+36,0.03468,0.0925309,681.727,2.54762e-32,6.57032e+15,8.10175e+16,2.06329e+14,8.77942e+16,5.91721e+23,2.03121e+08
2.15476e+07,194919,2.99926e+07,8.25622e+27,5.87721e+30,1.48261e+11,0.00436693,5.48379e+36,0.03468,0.0909255,641.016,2.22636e-32,6.50045e+15,8.02767e+16,2.04054e+14,8.69812e+16,7.2911e+23,1.7801e+08
2.52196e+07,193016,2.98658e+07,1.31604e+28,8.87497e+30,1.72969e+11,0.00440181,5.25285e+36,0.03468,0.0885251,583.448,1.8119e-32,6.39501e+15,7.91569e+16,2.00626e+14,8.57525e+16,9.0022e+23,1.55377e+08
2.99516e+07,190161,2.96745e+07,2.18511e+28,1.35931e+31,2.04424e+11,0.00445524,4.9208e+36,0.03468,0.0850019,505.801,1.32546e-32,6.23812e+15,7.74863e+16,1.95534e+14,8.39199e+16,1.08449e+24,1.3504e+08
3.49516e+07,186678,2.94389e+07,3.43436e+28,1.9375e+31,2.37113e+11,0.00452238,4.53804e+36,0.03468,0.0808267,423.709,8.99508e-33,6.04888e+15,7.54633e+16,1.89398e+14,8.17016e+16,1.21448e+24,1.16826e+08
3.99516e+07,182752,2.91701e+07,5.06478e+28,2.56162e+31,2.6916e+11,0.00460095,4.13431e+36,0.03468,0.0762765,345.596,5.75806e-33,5.83835e+15,7.32017e+16,1.82575e+14,7.92227e+16,1.26709e+24,1.00567e+08
4.49516e+07,178419,2.88694e+07,7.11219e+28,3.1929e+31,3.00492e+11,0.00469141,3.72125e+36,0.03468,0.0714443,274.53,3.4787e-33,5.60946e+15,7.07293e+16,1.75162e+14,7.6514e+16,1.24407e+24,8.61038e+07
4.99516e+07,173717,2.85381e+07,9.60584e+28,3.79618e+31,3.31042e+11,0.00479431,3.30963e+36,0.03468,0.0664231,212.446,1.98464e-33,5.36521e+15,6.80749e+16,1.6726e+14,7.36074e+16,1.15753e+24,7.32858e+07
5.49516e+07,168684,2.81778e+07,1.25681e+29,4.34407e+31,3.60748e+11,0.00491024,2.90893e+36,0.03468,0.0613027,160.203,1.06992e-33,5.10869e+15,6.52683e+16,1.58972e+14,7.0536e+16,1.02585e+24,6.19707e+07
5.99516e+07,163364,2.77901e+07,1.60143e+29,4.81906e+31,3.89558e+11,0.0050399,2.52704e+36,0.03468,0.056168,117.759,5.45413e-34,4.84296e+15,6.23398e+16,1.504e+14,6.73332e+16,8.693e+23,5.20246e+07
6.49516e+07,157797,2.73765e+07,1.99527e+29,5.21345e+31,4.17424e+11,0.00518406,2.17012e+36,0.03468,0.051096,84.4047,2.63101e-34,4.57104e+15,5.93194e+16,1.41646e+14,6.40321e+16,7.06508e+23,4.33227e+07
6.99516e+07,152026,2.6939e+07,2.43846e+29,5.52796e+31,4.44307e+11,0.00534361,1.84254e+36,0.03468,0.0461548,59.0116,1.20192e-34,4.29582e+15,5.62365e+16,1.32805e+14,6.06651e+16,5.52076e+23,3.57482e+07
7.49516e+07,146093,2.64792e+07,2.93046e+29,5.76938e+31,4.70176e+11,0.00551951,1.54698e+36,0.03468,0.0414021,40.2593,5.20393e-35,4.02006e+15,5.31194e+16,1.23967e+14,5.72634e+16,4.15636e+23,2.91929e+07
7.99516e+07,140039,2.5999e+07,3.47011e+29,5.9481e+31,4.95005e+11,0.00571285,1.28458e+36,0.03468,0.036885,26.8114,2.13724e-35,3.74627e+15,4.99948e+16,1.15217e+14,5.38563e+16,3.02015e+23,2.35564e+07
8.49516e+07,133904,2.55002e+07,4.05562e+29,6.0759e+31,5.18778e+11,0.00592484,1.05517e+36,0.03468,0.0326397,17.4366,8.33315e-36,3.47675e+15,4.68876e+16,1.06627e+14,5.0471e+16,2.12139e+23,1.87458e+07
8.99516e+07,127726,2.49848e+07,4.68469e+29,6.16431e+31,5.41482e+11,0.00615682,8.57534e+35,0.03468,0.0286919,11.0782,3.08726e-36,3.21355e+15,4.38204e+16,9.82637e+13,4.71322e+16,1.44244e+23,1.46755e+07
9.49516e+07,121542,2.44545e+07,5.35454e+29,6.22356e+31,5.63115e+11,0.00641029,6.8964e+35,0.03468,0.0250574,6.87872,1.08773e-36,2.95843e+15,4.08136e+16,9.01832e+13,4.38622e+16,9.50663e+22,1.12665e+07
9.99516e+07,115384,2.39112e+07,6.06196e+29,6.26206e+31,5.83677e+11,0.00668688,5.48929e+35,0.03468,0.0217434,4.17595,3.64785e-37,2.71287e+15,3.78851e+16,8.2432e+13,4.06804e+16,6.08061e+22,8.44614e+06
1.04952e+08,109285,2.33567e+07,6.80339e+29,6.28637e+31,6.03176e+11,0.00698842,4.32525e+35,0.03468,0.0187491,2.47961,1.16545e-37,2.4781e+15,3.50504e+16,7.50473e+13,3.76035e+16,3.77923e+22,6.14772e+06
1.09952e+08,103272,2.27927e+07,7.575e+29,6.30129e+31,6.21625e+11,0.00731693,3.37431e+35,0.03468,0.0160673,1.44066,3.5503e-38,2.25506e+15,3.23221e+16,6.80571e+13,3.46453e+16,2.28547e+22,4.30971e+06
1.14952e+08,97371.6,2.2221e+07,8.37274e+29,6.31021e+31,6.39039e+11,0.00767464,2.60683e+35,0.03468,0.0136855,0.819324,1.03208e-38,2.04443e+15,2.97109e+16,6.14811e+13,3.18168e+16,1.34686e+22,2.87544e+06
1.19952e+08,91605.6,2.16431e+07,9.1924e+29,6.3154e+31,6.55442e+11,0.00806402,1.99466e+35,0.03468,0.0115872,0.456276,2.86549e-39,1.84667e+15,2.72247e+16,5.53311e+13,2.91267e+16,7.74931e+21,1.79247e+06
1.24952e+08,85994,2.10607e+07,1.00297e+30,6.31836e+31,6.70858e+11,0.00848781,1.51191e+35,0.03468,0.00975301,0.248906,7.60428e-40,1.662e+15,2.48692e+16,4.96118e+13,2.65808e+16,4.36404e+21,1.01196e+06
1.29952e+08,80553.6,2.04753e+07,1.08804e+30,6.32002e+31,6.85314e+11,0.00894904,1.13541e+35,0.03468,0.00816179,0.133053,1.93027e-40,1.49048e+15,2.26484e+16,4.43215e+13,2.41832e+16,2.414e+21,487830
1.34952e+08,75298.4,1.98883e+07,1.17401e+30,6.32092e+31,6.98843e+11,0.00945108,8.44908e+34,0.03468,0.00679135,0.0697167,4.69016e-41,1.33197e+15,2.05639e+16,3.94534e+13,2.19353e+16,1.31844e+21,189274
1.39952e+08,70239.9,1.93011e+07,1.26047e+30,6.32142e+31,7.11476e+11,0.00999765,6.23102e+34,0.03468,0.00561936,0.0358182,1.09157e-41,1.1862e+15,1.8616e+16,3.49959e+13,1.98372e+16,7.16381e+20,72718.8
1.44952e+08,65386.7,1.87149e+07,1.34701e+30,6.32169e+31,7.23249e+11,0.0105929,4.55464e+34,0.03468,0.00462394,0.0180486,2.43485e-42,1.05277e+15,1.68034e+16,3.0934e+13,1.78871e+16,3.91423e+20,27012.8
1.49952e+08,60745.5,1.81308e+07,1.43324e+30,6.32184e+31,7.34199e+11,0.0112415,3.30024e+34,0.03468,0.00378408,0.00892207,5.20817e-43,9.31197e+14,1.51235e+16,2.72496e+13,1.60819e+16,2.18092e+20,9347.36
1.54952e+08,56320.3,1.75501e+07,1.5188e+30,6.32192e+31,7.44361e+11,0.0119485,2.37069e+34,0.03468,0.00308005,0.00432775,1.0688e-43,8.20905e+14,1.35726e+16,2.39225e+13,1.44175e+16,1.2588e+20,3861.62
1.59952e+08,52113.5,1.69736e+07,1.60333e+30,6.32197e+31,7.53775e+11,0.0127197,1.68842e+34,0.03468,0.00249359,0.00206021,2.10513e-44,7.21276e+14,1.21463e+16,2.0931e+13,1.28885e+16,7.62977e+19,1317.51
1.64952e+08,48125.4,1.64024e+07,1.68652e+30,6.322e+31,7.62477e+11,0.0135616,1.1923e+34,0.03468,0.00200808,0.000962673,3.9808e-45,6.31649e+14,1.08393e+16,1.82524e+13,1.14892e+16,4.88837e+19,493.338
1.69952e+08,44355,1.58372e+07,1.76807e+30,6.32202e+31,7.70506e+11,0.0144813,8.34868e+33,0.03468,0.00160856,0.000441578,7.22884e-46,5.51343e+14,9.64589e+15,1.58639e+13,1.02131e+16,3.30054e+19,206.509
1.74952e+08,40799.5,1.52789e+07,1.84771e+30,6.32204e+31,7.77899e+11,0.0154868,5.79674e+33,0.03468,0.00128173,0.000198849,1.26076e-46,4.79671e+14,8.55987e+15,1.37422e+13,9.05328e+15,2.32345e+19,196.266
1.79952e+08,37455.1,1.4728e+07,1.9252e+30,6.32205e+31,7.84693e+11,0.0165874,3.99106e+33,0.03468,0.00101594,8.79086e-05,2.11188e-47,4.15947e+14,7.5749e+15,1.1865e+13,8.00271e+15,1.68244e+19,186.116
1.84952e+08,34317,1.41853e+07,2.00034e+30,6.32205e+31,7.90924e+11,0.0177931,2.72472e+33,0.03468,0.000801005,3.81518e-05,3.39739e-48,3.59502e+14,6.68448e+15,1.02103e+13,7.05419e+15,1.23788e+19,176.491
1.89952e+08,31379.3,1.36511e+07,2.07294e+30,6.32206e+31,7.96628e+11,0.0191156,1.84444e+33,0.03468,0.000628191,1.62529e-05,5.24768e-49,3.09687e+14,5.88209e+15,8.75715e+12,6.20054e+15,9.16905e+18,166.994
1.94952e+08,28635.5,1.3126e+07,2.14285e+30,6.32206e+31,8.01839e+11,0.0205679,1.23791e+33,0.03468,0.000490023,6.79535e-06,7.78011e-50,2.65884e+14,5.1613e+15,7.48559e+12,5.43467e+15,6.79462e+18,158.008
1.99952e+08,26078.4,1.26104e+07,2.20994e+30,6.32207e+31,8.0659e+11,0.0221649,8.23656e+32,0.03468,0.000380172,2.78779e-06,1.1066e-50,2.27503e+14,4.51578e+15,6.37694e+12,4.74966e+15,5.01758e+18,149.175
2.04952e+08,23700.7,1.21046e+07,2.27411e+30,6.32207e+31,8.10912e+11,0.0239236,5.43225e+32,0.03468,0.000293323,1.12189e-06,1.50903e-51,1.93993e+14,3.93943e+15,5.41376e+12,4.13884e+15,3.68364e+18,140.525
2.09952e+08,21494.3,1.16089e+07,2.33528e+30,6.32207e+31,8.14836e+11,0.0258632,3.55072e+32,0.03468,0.000225043,4.42708e-07,1.97133e-52,1.64838e+14,3.42638e+15,4.57991e+12,3.5958e+15,2.68467e+18,132.376
2.14952e+08,19451.3,1.11235e+07,2.39341e+30,6.32207e+31,8.18392e+11,0.0280059,2.29966e+32,0.03468,0.000171666,1.71224e-07,2.46456e-53,1.39561e+14,2.97104e+15,3.86056e+12,3.11446e+15,1.94069e+18,124.425
2.19952e+08,17563.4,1.06485e+07,2.44846e+30,6.32207e+31,8.21606e+11,0.0303772,1.47542e+32,0.03468,0.000130176,6.48717e-08,2.9452e-54,1.17724e+14,2.56812e+15,3.24218e+12,2.68908e+15,1.39065e+18,116.692
2.24952e+08,15822.4,1.0184e+07,2.50043e+30,6.32207e+31,8.24505e+11,0.0330065,9.37429e+31,0.03468,9.81125e-05,2.40604e-08,3.35944e-55,9.89247e+13,2.21264e+15,2.71248e+12,2.31428e+15,9.87395e+17,109.198
2.29952e+08,14220.1,9.73021e+06,2.54931e+30,6.32207e+31,8.27135e+11,0.0359278,5.89635e+31,0.03468,7.348e-05,8.72929e-09,3.6515e-56,8.2799e+13,1.89997e+15,2.26037e+12,1.98503e+15,6.94397e+17,102.186
2.34952e+08,12748.6,9.28708e+06,2.59515e+30,6.32207e+31,8.29671e+11,0.0391808,3.67005e+31,0.03468,5.46707e-05,3.09525e-09,3.77471e-57,6.9017e+13,1.62578e+15,1.87589e+12,1.69667e+15,4.83514e+17,95.4123
2.39952e+08,11399.9,8.85461e+06,2.63798e+30,6.32207e+31,8.32151e+11,0.0428117,2.25945e+31,0.03468,4.03973e-05,1.07154e-09,3.70277e-58,5.72818e+13,1.38608e+15,1.55013e+12,1.44491e+15,3.33212e+17,88.8909
2.44952e+08,10166.2,8.43277e+06,2.67786e+30,6.32207e+31,8.34572e+11,0.046875,1.37512e+31,0.03468,2.96356e-05,3.61745e-10,3.43779e-59,4.73277e+13,1.1772e+15,1.27518e+12,1.2258e+15,2.27169e+17,82.6323
2.49952e+08,9040.16,8.02149e+06,2.71485e+30,6.32207e+31,8.36936e+11,0.0514347,8.26824e+30,0.03468,2.1576e-05,1.1893e-10,3.01198e-60,3.89175e+13,9.95753e+14,1.04402e+12,1.03571e+15,1.53134e+17,76.6445
2.54952e+08,8014.56,7.62068e+06,2.74904e+30,6.32207e+31,8.39243e+11,0.056567,4.90812e+30,0.03468,1.55823e-05,3.80188e-11,2.48183e-61,3.18408e+13,8.38676e+14,8.50483e+11,8.71367e+14,1.02009e+17,70.9336
2.59952e+08,7082.5,7.23023e+06,2.78052e+30,6.32207e+31,8.41491e+11,0.0623626,2.87404e+30,0.03468,1.11576e-05,1.17966e-11,1.9158e-62,2.59117e+13,7.03168e+14,6.89126e+11,7.29769e+14,6.71047e+16,65.5031
2.64952e+08,6237.37,6.84999e+06,2.80939e+30,6.32207e+31,8.4368e+11,0.0689304,1.6586e+30,0.03468,7.91659e-06,3.5455e-12,1.37929e-63,2.09662e+13,5.86694e+14,5.55202e+11,6.08216e+14,4.35595e+16,60.2214
2.69952e+08,5472.87,6.47982e+06,2.83574e+30,6.32207e+31,8.45811e+11,0.0764023,9.4233e+29,0.03468,5.56214e-06,1.02981e-12,9.21459e-65,1.68607e+13,4.86966e+14,4.44571e+11,5.04271e+14,2.78765e+16,55.2432
2.74952e+08,4783.03,6.11953e+06,2.85969e+30,6.32207e+31,8.47882e+11,0.0849385,5.26434e+29,0.03468,3.86679e-06,2.88292e-13,5.6791e-66,1.34697e+13,4.01922e+14,3.53641e+11,4.15745e+14,1.75702e+16,50.5645
2.79952e+08,4162.19,5.76894e+06,2.88135e+30,6.32207e+31,8.49894e+11,0.094736,2.88772e+29,0.03468,2.65755e-06,7.75486e-14,3.20738e-67,1.06837e+13,3.29715e+14,2.79302e+11,3.40678e+14,1.08938e+16,46.0778
2.84952e+08,3605.01,5.42785e+06,2.90085e+30,6.32207e+31,8.51846e+11,0.106038,1.55287e+29,0.03468,1.80383e-06,1.99731e-14,1.64714e-68,8.40806e+12,2.68692e+14,2.18878e+11,2.77319e+14,6.63519e+15,41.8038
2.89952e+08,3106.46,5.09606e+06,2.9183e+30,6.32207e+31,8.53738e+11,0.119149,8.17095e+28,0.03468,1.20776e-06,4.90536e-15,7.62299e-70,6.56087e+12,2.17381e+14,1.7007e+11,2.24112e+14,3.96375e+15,37.8424
2.94952e+08,2661.81,4.77334e+06,2.93382e+30,6.32207e+31,8.55568e+11,0.134453,4.19778e+28,0.03468,7.96603e-07,1.14336e-15,0,5.07162e+12,1.7447e+14,1.30912e+11,1.79672e+14,2.31809e+15,34.1052
2.99952e+08,2266.63,4.45947e+06,2.94754e+30,6.32207e+31,8.57338e+11,0.15244,2.10025e+28,0.03468,5.16761e-07,2.51513e-16,0,3.87988e+12,1.38798e+14,9.97296e+10,1.42778e+14,1.32429e+15,30.6014
3.04952e+08,1916.76,4.15423e+06,2.95958e+30,6.32207e+31,8.59045e+11,0.173743,1.0203e+28,0.03468,3.29083e-07,5.18759e-17,0,2.93404e+12,1.0934e+14,7.5102e+10,1.12349e+14,7.37133e+14,27.2759
3.09952e+08,1608.35,3.85737e+06,2.97007e+30,6.32207e+31,8.60689e+11,0.199192,4.79561e+27,0.03468,2.05268e-07,9.95456e-18,0,2.1902e+12,8.51906e+13,5.58286e+10,8.74366e+13,3.98565e+14,24.2045
3.14952e+08,1337.76,3.56867e+06,2.97912e+30,6.32207e+31,8.6227e+11,0.229889,2.17159e+27,0.03468,1.25078e-07,1.76075e-18,0,1.6112e+12,6.55549e+13,4.08993e+10,6.7207e+13,2.08572e+14,21.3369
3.19952e+08,1101.64,3.28788e+06,2.98685e+30,6.32207e+31,8.63786e+11,0.267329,9.42538e+26,0.03468,7.42134e-08,2.8387e-19,0,1.1657e+12,4.97367e+13,2.94684e+10,5.09319e+13,1.05172e+14,18.6846
3.24952e+08,896.858,3.01477e+06,2.99339e+30,6.32207e+31,8.65237e+11,0.313574,3.8966e+26,0.03468,4.2709e-08,4.11467e-20,0,8.27417e+11,3.71278e+13,2.0831e+10,3.7976e+13,5.08265e+13,16.2179
3.29952e+08,720.5,2.7491e+06,2.99885e+30,6.32207e+31,8.66621e+11,0.371536,1.52253e+26,0.03468,2.37232e-08,5.27199e-21,0,5.74436e+11,2.71985e+13,1.4403e+10,2.77874e+13,2.33839e+13,13.9528
3.34952e+08,569.863,2.49063e+06,3.00333e+30,6.32207e+31,8.67936e+11,0.445433,5.56801e+25,0.03468,1.26411e-08,5.84478e-22,0,3.8857e+11,1.94895e+13,9.70349e+09,1.98878e+13,1.01561e+13,11.8983
3.39952e+08,442.438,2.23912e+06,3.00696e+30,6.32207e+31,8.69182e+11,0.541564,1.88216e+25,0.03468,6.4112e-09,5.45561e-23,0,2.54842e+11,1.36035e+13,6.33872e+09,1.38647e+13,4.11942e+12,10.0347
3.44952e+08,335.892,1.99434e+06,3.00983e+30,6.32207e+31,8.70356e+11,0.669679,5.78533e+24,0.03468,3.0632e-09,4.13672e-24,0,1.6101e+11,9.19857e+12,3.98923e+09,9.36357e+12,1.53851e+12,8.35143
3.49952e+08,248.06,1.75606e+06,3.01205e+30,6.32207e+31,8.71455e+11,0.845531,1.58183e+24,0.03468,1.35984e-09,2.42841e-25,0,9.71508e+10,5.98159e+12,2.39798e+09,6.08114e+12,5.19124e+11,6.84372
3.54952e+08,176.924,1.52404e+06,3.01371e+30,6.32207e+31,8.72477e+11,1.09595,3.73154e+23,0.03468,5.50233e-10,1.0324e-26,0,5.53133e+10,3.70257e+12,1.36042e+09,3.75924e+12,1.54128e+11,5.50982
3.59952e+08,120.602,1.29806e+06,3.0149e+30,6.32207e+31,8.73419e+11,1.46976,7.26692e+22,0.03468,1.9738e-10,2.88628e-28,0,2.92039e+10,2.14965e+12,7.15921e+08,2.17957e+12,3.87575e+10,4.33886
3.64952e+08,77.3288,1.07789e+06,3.01572e+30,6.32207e+31,8.74276e+11,2.06376,1.09234e+22,0.03468,6.0174e-11,4.58125e-30,0,1.39237e+10,1.14455e+12,3.40394e+08,1.15881e+12,7.78808e+09,3.32725
3.69952e+08,45.4398,863303,3.01624e+30,6.32207e+31,8.75042e+11,3.09356,1.13558e+21,0.03468,1.45501e-11,3.24736e-32,0,5.74001e+09,5.38667e+11,1.4007e+08,5.44547e+11,1.13711e+09,2.46823
3.74952e+08,23.3439,654084,3.01653e+30,6.32207e+31,8.75709e+11,5.12661,6.69604e+19,0.03468,2.46311e-12,6.66377e-35,0,1.89151e+09,2.09666e+11,4.61556e+07,2.11604e+11,1.01582e+08,1.75562
3.79952e+08,9.4878,450000,3.01668e+30,6.32207e+31,8.76268e+11,10.1064,1.47409e+18,0.03468,2.2428e-13,1.58684e-38,0,4.21821e+08,5.86271e+10,1.03405e+07,5.90593e+10,3.86032e+06,1.18291
3.84952e+08,3.09376,250692,3.01673e+30,6.32207e+31,8.7665e+11,35.7418,4.35046e+15,0.03468,7.04407e-15,4.54797e-44,0,6.51624e+07,1.065e+10,995980,1.07161e+10,40582,0.763874
3.8778e+08,1.012,140126,3.01673e+30,6.32207e+31,8.76899e+11,125.21,1.32523e+13,0.03468,2.24923e-16,1.39748e-49,0,1.01194e+07,1.94725e+09,97222.2,1.95747e+09,430.127,0.484593
3.89368e+08,0.331511,78706,3.01674e+30,6.32207e+31,8.77059e+11,431.665,4.22036e+10,0.03468,7.3334e-18,4.73691e-55,0,1.57525e+06,3.58283e+08,9676.57,3.59868e+08,4.63163,0.305231
3.90249e+08,0.109308,44805.7,3.01674e+30,6.32207e+31,8.7716e+11,1426.32,1.5218e+08,0.03468,2.53959e-19,2.11169e-60,0,247898,6.72523e+07,1016.31,6.75012e+07,0.0531263,0.191593
3.90728e+08,0.0370236,26454.2,3.01674e+30,6.32207e+31,8.7722e+11,4226.98,772184,0.03468,1.04528e-20,1.99784e-65,0,40799,1.34491e+07,123.5,1.349e+07,0.000742456,0.119915
3.90969e+08,0.0142265,17217.6,3.01674e+30,6.32207e+31,8.7725e+11,9729.42,10031,0.03468,7.20726e-22,1.4908e-69,0,8286.1,3.36351e+06,22.1608,3.37182e+06,1.96954e-05,0.0750353
3.90979e+08,0.0134614,16825.3,3.01674e+30,6.32207e+31,8.77251e+11,10146.5,7929.53,0.03468,6.21899e-22,8.91673e-70,0,7556.73,3.11009e+06,20.209,3.11767e+06,1.60815e-05,0.0469479
3.90989e+08,0.012737,16441.8,3.01674e+30,6.32207e+31,8.77251e+11,10581.6,6267.61,0.03468,5.36585e-22,5.33196e-70,0,6891.25,2.87566e+06,18.4283,2.88257e+06,1.31294e-05,0.0293735
3.91e+08,0.012025,16052.2,3.01674e+30,6.32207e+31,8.77252e+11,11054,4907.64,0.03468,4.60251e-22,3.12349e-70,0,6261.24,2.65057e+06,16.7426,2.65685e+06,1.06327e-05,0.0183783
3.9101e+08,0.0113277,15657.3,3.01674e+30,6.32207e+31,8.77252e+11,11566.8,3806.81,0.03468,3.92454e-22,1.79253e-70,0,5667.9,2.43546e+06,15.1552,2.44114e+06,8.54116e-06,0.0114998
3.9102e+08,0.0106709,15272.2,3.01674e+30,6.32207e+31,8.77252e+11,12103.4,2952.92,0.03468,3.34645e-22,1.02872e-70,0,5130.78,2.2378e+06,13.7183,2.24295e+06,6.86106e-06,0.00719663
3.9103e+08,0.0100299,14882.9,3.01674e+30,6.32207e+31,8.77253e+11,12686.1,2269.12,0.03468,2.83673e-22,0,0,4627.47,2.04976e+06,12.3719,2.0544e+06,5.46693e-06,0.00450468
3.9104e+08,0.00940656,14490.1,3.01674e+30,6.32207e+31,8.77253e+11,13319.2,1727.36,0.03468,2.39051e-22,0,0,4158.17,1.87164e+06,11.1166,1.87581e+06,4.32089e-06,0.00282067
3.91051e+08,0.00880248,14094.7,3.01674e+30,6.32207e+31,8.77253e+11,14007.4,1302.64,0.03468,2.00263e-22,0,0,3722.72,1.70365e+06,9.95196,1.70738e+06,3.38751e-06,0.0017672
3.91061e+08,0.0082372,13710,3.01674e+30,6.32207e+31,8.77253e+11,14731.1,982.357,0.03468,1.67769e-22,0,0,3332.87,1.55074e+06,8.90934,1.55408e+06,2.65576e-06,0.00110819
3.91071e+08,0.00769119,13323.6,3.01674e+30,6.32207e+31,8.77253e+11,15518.2,733.891,0.03468,1.39721e-22,0,0,2972.86,1.40714e+06,7.9466,1.41012e+06,2.06526e-06,0.000695925
3.91081e+08,0.00716551,12936.2,3.01674e+30,6.32207e+31,8.77253e+11,16374.8,543.14,0.03468,1.15677e-22,0,0,2641.98,1.27284e+06,7.06181,1.27549e+06,1.59308e-06,0.000438027
3.91091e+08,0.006661,12548.4,3.01674e+30,6.32207e+31,8.77253e+11,17307.7,398.208,0.03468,9.52084e-23,0,0,2339.29,1.14776e+06,6.25245,1.1501e+06,1.21893e-06,0.000276694
3.91101e+08,0.00617833,12161.1,3.01674e+30,6.32207e+31,8.77253e+11,18324.3,289.219,0.03468,7.79006e-23,0,0,2063.65,1.03173e+06,5.51549,1.0338e+06,9.25124e-07,0.000175769
3.91111e+08,0.00571797,11774.9,3.01674e+30,6.32207e+31,8.77253e+11,19433.3,208.095,0.03468,6.33644e-23,0,0,1813.8,924526,4.8475,926345,6.96463e-07,0.000112633
3.91121e+08,0.00528022,11390.4,3.01674e+30,6.32207e+31,8.77253e+11,20643.9,148.326,0.03468,5.12375e-23,0,0,1588.32,825872,4.24473,827465,5.20084e-07,7.31374e-05
3.91132e+08,0.00485446,10998.2,3.01674e+30,6.32207e+31,8.77253e+11,22003.7,103.754,0.03468,4.09457e-23,0,0,1380.66,733135,3.68962,734520,3.82124e-07,4.84301e-05
3.91142e+08,0.00445317,10609.8,3.01674e+30,6.32207e+31,8.77253e+11,23492.3,71.8975,0.03468,3.25287e-23,0,0,1195.73,648776,3.1953,649975,2.78493e-07,3.2974e-05
3.91152e+08,0.00407602,10225.6,3.01674e+30,6.32207e+31,8.77253e+11,25123.6,49.3562,0.03468,2.569e-23,0,0,1031.76,572328,2.75704,573362,2.01327e-07,2.33051e-05
3.91162e+08,0.00371434,9837.18,3.01674e+30,6.32207e+31,8.77253e+11,26958.5,33.2511,0.03468,2.00512e-23,0,0,883.734,501733,2.36142,502620,1.43201e-07,1.72566e-05
3.91172e+08,0.00336982,9446.1,3.01674e+30,6.32207e+31,8.77253e+11,29024.6,21.984,0.03468,1.54665e-23,0,0,751.384,437099,2.00771,437852,1.00218e-07,1.34728e-05
3.91182e+08,0.00305049,9062.22,3.01674e+30,6.32207e+31,8.77253e+11,31301.4,14.3988,0.03468,1.186e-23,0,0,636.505,379599,1.7007,380237,6.95701e-08,1.11058e-05
3.91192e+08,0.00274924,8677.94,3.01674e+30,6.32207e+31,8.77253e+11,33870.1,9.25519,0.03468,8.98782e-24,0,0,535.228,327604,1.43007,328141,4.75179e-08,9.62505e-06
3.91202e+08,0.00246679,8294.66,3.01674e+30,6.32207e+31,8.77253e+11,36772.6,5.83823,0.03468,6.73135e-24,0,0,446.759,280965,1.19367,281413,3.19336e-08,8.69875e-06
3.91212e+08,0.00219873,7906.41,3.01674e+30,6.32207e+31,8.77253e+11,40125.2,3.5804,0.03468,4.95297e-24,0,0,368.811,238710,0.985391,239080,2.09446e-08,8.11928e-06
3.91222e+08,0.00195114,7522.48,3.01674e+30,6.32207e+31,8.77253e+11,43930.4,2.15487,0.03468,3.6017e-24,0,0,302.226,201544,0.807483,201847,1.35162e-08,7.75678e-06
3.91233e+08,0.00171998,7137.43,3.01674e+30,6.32207e+31,8.77253e+11,48338.8,1.26086,0.03468,2.57316e-24,0,0,244.939,168572,0.654421,168818,8.51274e-09,7.53002e-06
3.91243e+08,0.00150618,6753.4,3.01674e+30,6.32207e+31,8.77253e+11,53457.7,0.717249,0.03468,1.8061e-24,0,0,196.326,139675,0.524542,139872,5.23263e-09,7.38816e-06
3.91253e+08,0.00130733,6366.53,3.01674e+30,6.32207e+31,8.77253e+11,59516.4,0.392959,0.03468,1.23815e-24,0,0,155.058,114290,0.414287,114446,3.11375e-09,7.29942e-06
3.91263e+08,0.00112474,5979.75,3.01674e+30,6.32207e+31,8.77253e+11,66707.3,0.207349,0.03468,8.2901e-25,0,0,120.672,92354.1,0.322419,92475.1,1.79374e-09,7.2439e-06
3.91273e+08,0.000959129,5595.81,3.01674e+30,6.32207e+31,8.77253e+11,75269.8,0.105374,0.03468,5.4213e-25,0,0,92.5366,73698.8,0.247252,73791.6,1.00035e-09,7.20917e-06
3.91283e+08,0.000808905,5212.45,3.01674e+30,6.32207e+31,8.77253e+11,85645.9,0.0510927,0.03468,3.44225e-25,0,0,69.665,57897.6,0.186148,57967.4,5.35712e-10,7.18745e-06
