X = 0.734
Y = 0.25
Z = 0.016
mu = 0.601142
Radius,Density,Temp,Mass,Lum,OptD,Kff,KH,Kes,PP,CNO,3a,Deg,Gas,Rad,TotPres, dLdr, dPdT
0,0,0,0,0,0,-nan,0,0.03468,0,0,0,0,0,0,0,0,0
0.01,274658,2.36592e+07,1.15049e+06,9.31928e+06,9525.15,0.0127345,7.69886e+35,0.03468,0.0496099,8.05069,1.29678e-36,1.15126e+16,8.92305e+16,7.90115e+13,1.00822e+17,2795.78,2.91182e+09
10709,274658,2.36592e+07,1.41296e+18,1.14454e+19,1.02014e+08,0.0127345,7.69886e+35,0.03468,0.0496099,8.05069,1.29678e-36,1.15126e+16,8.92305e+16,7.90115e+13,1.00822e+17,3.2063e+15,2.91182e+09
21268.7,274658,2.36592e+07,1.10688e+19,8.96608e+19,2.02597e+08,0.0127345,7.69886e+35,0.03468,0.0496099,8.05069,1.29678e-36,1.15126e+16,8.92305e+16,7.90115e+13,1.00822e+17,1.26469e+16,2.91182e+09
32102.2,274658,2.36592e+07,3.80613e+19,3.08308e+20,3.05787e+08,0.0127345,7.69885e+35,0.03468,0.0496099,8.05068,1.29678e-36,1.15126e+16,8.92305e+16,7.90115e+13,1.00822e+17,2.88119e+16,2.91182e+09
42240.6,274658,2.36592e+07,8.67106e+19,7.02381e+20,4.02358e+08,0.0127345,7.69885e+35,0.03468,0.0496099,8.05068,1.29677e-36,1.15126e+16,8.92304e+16,7.90115e+13,1.00822e+17,4.98843e+16,2.91182e+09
55581,274658,2.36592e+07,1.97542e+20,1.60015e+21,5.29427e+08,0.0127345,7.69885e+35,0.03468,0.0496099,8.05067,1.29677e-36,1.15126e+16,8.92304e+16,7.90114e+13,1.00822e+17,8.63685e+16,2.91182e+09
73134.5,274658,2.36592e+07,4.50037e+20,3.64543e+21,6.96627e+08,0.0127345,7.69884e+35,0.03468,0.0496098,8.05065,1.29676e-36,1.15126e+16,8.92304e+16,7.90114e+13,1.00822e+17,1.49536e+17,2.91182e+09
83892,274658,2.36592e+07,6.7927e+20,5.50227e+21,7.99093e+08,0.0127345,7.69883e+35,0.03468,0.0496098,8.05064,1.29676e-36,1.15126e+16,8.92304e+16,7.90114e+13,1.00822e+17,1.96762e+17,2.91182e+09
96231.8,274658,2.36592e+07,1.02527e+21,8.30493e+21,9.16631e+08,0.0127345,7.69883e+35,0.03468,0.0496098,8.05062,1.29675e-36,1.15126e+16,8.92304e+16,7.90114e+13,1.00822e+17,2.58903e+17,2.91182e+09
110387,274658,2.36592e+07,1.5475e+21,1.25351e+22,1.05146e+09,0.0127345,7.69882e+35,0.03468,0.0496098,8.0506,1.29675e-36,1.15126e+16,8.92303e+16,7.90113e+13,1.00822e+17,3.40668e+17,2.91182e+09
126624,274658,2.36592e+07,2.33574e+21,1.892e+22,1.20612e+09,0.0127345,7.69881e+35,0.03468,0.0496097,8.05057,1.29674e-36,1.15126e+16,8.92303e+16,7.90113e+13,1.00822e+17,4.48256e+17,2.91182e+09
145249,274658,2.36592e+07,3.52549e+21,2.85572e+22,1.38353e+09,0.0127345,7.69879e+35,0.03468,0.0496096,8.05053,1.29672e-36,1.15125e+16,8.92302e+16,7.90112e+13,1.00822e+17,5.8982e+17,2.91181e+09
166614,274658,2.36592e+07,5.32124e+21,4.3103e+22,1.58703e+09,0.0127345,7.69877e+35,0.03468,0.0496096,8.05048,1.29671e-36,1.15125e+16,8.92301e+16,7.90111e+13,1.00822e+17,7.76092e+17,2.91181e+09
191121,274657,2.36592e+07,8.03169e+21,6.50578e+22,1.82046e+09,0.0127345,7.69874e+35,0.03468,0.0496094,8.05042,1.29668e-36,1.15125e+16,8.923e+16,7.9011e+13,1.00822e+17,1.02119e+18,2.91181e+09
219234,274657,2.36591e+07,1.21227e+22,9.81953e+22,2.08824e+09,0.0127345,7.6987e+35,0.03468,0.0496093,8.05033,1.29665e-36,1.15125e+16,8.92299e+16,7.90108e+13,1.00821e+17,1.34368e+18,2.91181e+09
251481,274657,2.36591e+07,1.82976e+22,1.48211e+23,2.3954e+09,0.0127345,7.69865e+35,0.03468,0.0496091,8.05022,1.29661e-36,1.15125e+16,8.92297e+16,7.90106e+13,1.00821e+17,1.76801e+18,2.9118e+09
288472,274656,2.36591e+07,2.76178e+22,2.23702e+23,2.74774e+09,0.0127346,7.69859e+35,0.03468,0.0496088,8.05007,1.29656e-36,1.15124e+16,8.92295e+16,7.90104e+13,1.00821e+17,2.32634e+18,2.9118e+09
330903,274655,2.36591e+07,4.16852e+22,3.37643e+23,3.1519e+09,0.0127346,7.6985e+35,0.03468,0.0496085,8.04987,1.29649e-36,1.15124e+16,8.92291e+16,7.901e+13,1.00821e+17,3.06096e+18,2.91179e+09
379577,274654,2.36591e+07,6.29181e+22,5.09615e+23,3.61552e+09,0.0127346,7.69839e+35,0.03468,0.049608,8.04962,1.2964e-36,1.15123e+16,8.92287e+16,7.90096e+13,1.0082e+17,4.02753e+18,2.91179e+09
429577,274653,2.3659e+07,9.12007e+22,7.38678e+23,4.09177e+09,0.0127347,7.69826e+35,0.03468,0.0496075,8.04931,1.29629e-36,1.15122e+16,8.92282e+16,7.9009e+13,1.00819e+17,5.15826e+18,2.91178e+09
479577,274652,2.3659e+07,1.26896e+23,1.02777e+24,4.56801e+09,0.0127347,7.69811e+35,0.03468,0.0496069,8.04898,1.29617e-36,1.15122e+16,8.92277e+16,7.90084e+13,1.00819e+17,6.42862e+18,2.91177e+09
529577,274651,2.36589e+07,1.70868e+23,1.38387e+24,5.04426e+09,0.0127348,7.69794e+35,0.03468,0.0496063,8.0486,1.29604e-36,1.15121e+16,8.92271e+16,7.90078e+13,1.00818e+17,7.83858e+18,2.91176e+09
579577,274650,2.36589e+07,2.23978e+23,1.81395e+24,5.5205e+09,0.0127348,7.69776e+35,0.03468,0.0496056,8.04819,1.2959e-36,1.1512e+16,8.92264e+16,7.9007e+13,1.00817e+17,9.38808e+18,2.91174e+09
629577,274648,2.36588e+07,2.87089e+23,2.325e+24,5.99674e+09,0.0127349,7.69757e+35,0.03468,0.0496048,8.04773,1.29574e-36,1.15119e+16,8.92256e+16,7.90062e+13,1.00817e+17,1.10771e+19,2.91173e+09
679577,274646,2.36587e+07,3.61065e+23,2.92399e+24,6.47298e+09,0.0127349,7.69735e+35,0.03468,0.0496039,8.04725,1.29556e-36,1.15117e+16,8.92249e+16,7.90054e+13,1.00816e+17,1.29055e+19,2.91172e+09
729577,274644,2.36587e+07,4.46767e+23,3.61788e+24,6.94922e+09,0.012735,7.69712e+35,0.03468,0.049603,8.04672,1.29538e-36,1.15116e+16,8.9224e+16,7.90044e+13,1.00815e+17,1.48734e+19,2.9117e+09
779577,274642,2.36586e+07,5.45058e+23,4.41365e+24,7.42545e+09,0.0127351,7.69688e+35,0.03468,0.049602,8.04616,1.29518e-36,1.15115e+16,8.92231e+16,7.90034e+13,1.00814e+17,1.69806e+19,2.91168e+09
829577,274640,2.36585e+07,6.56801e+23,5.31826e+24,7.90168e+09,0.0127352,7.69661e+35,0.03468,0.049601,8.04556,1.29497e-36,1.15113e+16,8.92221e+16,7.90024e+13,1.00812e+17,1.92271e+19,2.91166e+09
879577,274638,2.36584e+07,7.82858e+23,6.33867e+24,8.3779e+09,0.0127353,7.69634e+35,0.03468,0.0495999,8.04492,1.29474e-36,1.15112e+16,8.92211e+16,7.90012e+13,1.00811e+17,2.16127e+19,2.91164e+09
929577,274636,2.36583e+07,9.24093e+23,7.48185e+24,8.85412e+09,0.0127353,7.69604e+35,0.03468,0.0495987,8.04425,1.29451e-36,1.1511e+16,8.922e+16,7.90001e+13,1.0081e+17,2.41375e+19,2.91162e+09
979577,274633,2.36582e+07,1.08137e+24,8.75474e+24,9.33034e+09,0.0127354,7.69573e+35,0.03468,0.0495975,8.04354,1.29426e-36,1.15108e+16,8.92188e+16,7.89988e+13,1.00809e+17,2.68014e+19,2.9116e+09
1.02958e+06,274631,2.36581e+07,1.25554e+24,1.01643e+25,9.80655e+09,0.0127356,7.6954e+35,0.03468,0.0495962,8.04279,1.29399e-36,1.15107e+16,8.92176e+16,7.89975e+13,1.00807e+17,2.96042e+19,2.91158e+09
1.07958e+06,274628,2.3658e+07,1.44748e+24,1.17175e+25,1.02828e+10,0.0127357,7.69506e+35,0.03468,0.0495948,8.042,1.29372e-36,1.15105e+16,8.92163e+16,7.89961e+13,1.00806e+17,3.25459e+19,2.91156e+09
1.12958e+06,274625,2.36579e+07,1.65805e+24,1.34212e+25,1.0759e+10,0.0127358,7.6947e+35,0.03468,0.0495934,8.04118,1.29343e-36,1.15103e+16,8.9215e+16,7.89946e+13,1.00804e+17,3.56264e+19,2.91153e+09
1.17958e+06,274622,2.36578e+07,1.8881e+24,1.52824e+25,1.12352e+10,0.0127359,7.69432e+35,0.03468,0.0495919,8.04032,1.29312e-36,1.15101e+16,8.92136e+16,7.89931e+13,1.00803e+17,3.88456e+19,2.91151e+09
1.22958e+06,274619,2.36577e+07,2.13851e+24,1.73081e+25,1.17114e+10,0.012736,7.69393e+35,0.03468,0.0495903,8.03942,1.29281e-36,1.15098e+16,8.92121e+16,7.89915e+13,1.00801e+17,4.22034e+19,2.91148e+09
1.27958e+06,274616,2.36576e+07,2.41013e+24,1.95051e+25,1.21875e+10,0.0127361,7.69352e+35,0.03468,0.0495887,8.03849,1.29248e-36,1.15096e+16,8.92106e+16,7.89898e+13,1.00799e+17,4.56997e+19,2.91145e+09
1.32958e+06,274613,2.36574e+07,2.70382e+24,2.18804e+25,1.26637e+10,0.0127363,7.6931e+35,0.03468,0.049587,8.03752,1.29214e-36,1.15094e+16,8.9209e+16,7.89881e+13,1.00797e+17,4.93344e+19,2.91142e+09
1.37958e+06,274609,2.36573e+07,3.02045e+24,2.44408e+25,1.31399e+10,0.0127364,7.69265e+35,0.03468,0.0495852,8.03651,1.29178e-36,1.15091e+16,8.92074e+16,7.89863e+13,1.00795e+17,5.31074e+19,2.91139e+09
1.42958e+06,274605,2.36572e+07,3.36088e+24,2.71934e+25,1.36161e+10,0.0127366,7.6922e+35,0.03468,0.0495834,8.03546,1.29141e-36,1.15089e+16,8.92057e+16,7.89845e+13,1.00794e+17,5.70186e+19,2.91136e+09
1.47958e+06,274602,2.3657e+07,3.72597e+24,3.0145e+25,1.40922e+10,0.0127367,7.69172e+35,0.03468,0.0495815,8.03438,1.29103e-36,1.15086e+16,8.92039e+16,7.89825e+13,1.00792e+17,6.10678e+19,2.91133e+09
1.52958e+06,274598,2.36569e+07,4.11659e+24,3.33025e+25,1.45684e+10,0.0127369,7.69123e+35,0.03468,0.0495796,8.03326,1.29064e-36,1.15084e+16,8.92021e+16,7.89806e+13,1.00789e+17,6.52549e+19,2.91129e+09
1.57958e+06,274594,2.36567e+07,4.53359e+24,3.66728e+25,1.50445e+10,0.012737,7.69073e+35,0.03468,0.0495776,8.0321,1.29023e-36,1.15081e+16,8.92002e+16,7.89785e+13,1.00787e+17,6.95798e+19,2.91126e+09
1.62958e+06,274590,2.36566e+07,4.97783e+24,4.02628e+25,1.55207e+10,0.0127372,7.6902e+35,0.03468,0.0495755,8.03091,1.28981e-36,1.15078e+16,8.91983e+16,7.89764e+13,1.00785e+17,7.40425e+19,2.91122e+09
1.67958e+06,274585,2.36564e+07,5.45019e+24,4.40793e+25,1.59968e+10,0.0127374,7.68967e+35,0.03468,0.0495733,8.02968,1.28938e-36,1.15075e+16,8.91962e+16,7.89742e+13,1.00783e+17,7.86426e+19,2.91118e+09
1.72958e+06,274581,2.36562e+07,5.95151e+24,4.81293e+25,1.64729e+10,0.0127375,7.68911e+35,0.03468,0.0495711,8.02841,1.28893e-36,1.15072e+16,8.91942e+16,7.89719e+13,1.0078e+17,8.33801e+19,2.91115e+09
1.77958e+06,274576,2.36561e+07,6.48267e+24,5.24196e+25,1.69491e+10,0.0127377,7.68854e+35,0.03468,0.0495689,8.02711,1.28847e-36,1.15069e+16,8.91921e+16,7.89696e+13,1.00778e+17,8.82549e+19,2.91111e+09
1.82958e+06,274572,2.36559e+07,7.04451e+24,5.69571e+25,1.74252e+10,0.0127379,7.68795e+35,0.03468,0.0495665,8.02576,1.288e-36,1.15065e+16,8.91899e+16,7.89672e+13,1.00775e+17,9.32668e+19,2.91107e+09
1.87958e+06,274567,2.36557e+07,7.63791e+24,6.17486e+25,1.79013e+10,0.0127381,7.68735e+35,0.03468,0.0495641,8.02438,1.28752e-36,1.15062e+16,8.91876e+16,7.89648e+13,1.00773e+17,9.84156e+19,2.91103e+09
1.92958e+06,274562,2.36555e+07,8.26373e+24,6.68009e+25,1.83774e+10,0.0127383,7.68673e+35,0.03468,0.0495617,8.02297,1.28702e-36,1.15059e+16,8.91853e+16,7.89623e+13,1.0077e+17,1.03701e+20,2.91098e+09
1.97958e+06,274557,2.36553e+07,8.92282e+24,7.2121e+25,1.88535e+10,0.0127385,7.68609e+35,0.03468,0.0495591,8.02152,1.28651e-36,1.15055e+16,8.9183e+16,7.89597e+13,1.00767e+17,1.09124e+20,2.91094e+09
2.02958e+06,274552,2.36551e+07,9.61605e+24,7.77156e+25,1.93295e+10,0.0127387,7.68544e+35,0.03468,0.0495565,8.02003,1.28599e-36,1.15051e+16,8.91805e+16,7.8957e+13,1.00765e+17,1.14682e+20,2.91089e+09
2.07958e+06,274547,2.36549e+07,1.03443e+25,8.35915e+25,1.98056e+10,0.0127389,7.68477e+35,0.03468,0.0495539,8.0185,1.28545e-36,1.15048e+16,8.9178e+16,7.89543e+13,1.00762e+17,1.20377e+20,2.91085e+09
2.12958e+06,274541,2.36547e+07,1.11084e+25,8.97556e+25,2.02817e+10,0.0127391,7.68409e+35,0.03468,0.0495511,8.01694,1.2849e-36,1.15044e+16,8.91755e+16,7.89515e+13,1.00759e+17,1.26208e+20,2.9108e+09
2.17958e+06,274536,2.36545e+07,1.19092e+25,9.62146e+25,2.07577e+10,0.0127393,7.68339e+35,0.03468,0.0495484,8.01534,1.28434e-36,1.1504e+16,8.91729e+16,7.89487e+13,1.00756e+17,1.32175e+20,2.91075e+09
2.22958e+06,274530,2.36543e+07,1.27475e+25,1.02975e+26,2.12337e+10,0.0127396,7.68267e+35,0.03468,0.0495455,8.0137,1.28377e-36,1.15036e+16,8.91702e+16,7.89458e+13,1.00753e+17,1.38278e+20,2.9107e+09
2.27958e+06,274524,2.36541e+07,1.36244e+25,1.10045e+26,2.17098e+10,0.0127398,7.68193e+35,0.03468,0.0495426,8.01203,1.28318e-36,1.15032e+16,8.91675e+16,7.89428e+13,1.0075e+17,1.44517e+20,2.91065e+09
2.32958e+06,274518,2.36538e+07,1.45405e+25,1.17429e+26,2.21858e+10,0.01274,7.68119e+35,0.03468,0.0495396,8.01032,1.28258e-36,1.15028e+16,8.91647e+16,7.89398e+13,1.00746e+17,1.50891e+20,2.9106e+09
2.37958e+06,274512,2.36536e+07,1.54968e+25,1.25136e+26,2.26618e+10,0.0127403,7.68042e+35,0.03468,0.0495366,8.00857,1.28197e-36,1.15024e+16,8.91618e+16,7.89367e+13,1.00743e+17,1.574e+20,2.91055e+09
2.42958e+06,274506,2.36534e+07,1.64941e+25,1.33172e+26,2.31378e+10,0.0127405,7.67964e+35,0.03468,0.0495334,8.00679,1.28134e-36,1.15019e+16,8.91589e+16,7.89335e+13,1.0074e+17,1.64044e+20,2.91049e+09
2.47958e+06,274499,2.36531e+07,1.75333e+25,1.41543e+26,2.36138e+10,0.0127408,7.67884e+35,0.03468,0.0495303,8.00497,1.28071e-36,1.15015e+16,8.9156e+16,7.89302e+13,1.00736e+17,1.70822e+20,2.91044e+09
2.52958e+06,274493,2.36529e+07,1.86152e+25,1.50256e+26,2.40898e+10,0.012741,7.67803e+35,0.03468,0.049527,8.00311,1.28006e-36,1.1501e+16,8.91529e+16,7.89269e+13,1.00733e+17,1.77736e+20,2.91038e+09
2.57958e+06,274486,2.36526e+07,1.97407e+25,1.59319e+26,2.45657e+10,0.0127413,7.67719e+35,0.03468,0.0495237,8.00122,1.27939e-36,1.15006e+16,8.91498e+16,7.89236e+13,1.00729e+17,1.84784e+20,2.91032e+09
2.62958e+06,274480,2.36524e+07,2.09107e+25,1.68737e+26,2.50417e+10,0.0127416,7.67635e+35,0.03468,0.0495203,7.99929,1.27872e-36,1.15001e+16,8.91467e+16,7.89201e+13,1.00726e+17,1.91966e+20,2.91027e+09
2.67958e+06,274473,2.36521e+07,2.2126e+25,1.78517e+26,2.55176e+10,0.0127418,7.67549e+35,0.03468,0.0495169,7.99732,1.27803e-36,1.14996e+16,8.91435e+16,7.89166e+13,1.00722e+17,1.99281e+20,2.91021e+09
2.72958e+06,274466,2.36518e+07,2.33875e+25,1.88667e+26,2.59936e+10,0.0127421,7.67461e+35,0.03468,0.0495134,7.99532,1.27733e-36,1.14991e+16,8.91402e+16,7.8913e+13,1.00718e+17,2.06731e+20,2.91015e+09
2.77958e+06,274459,2.36516e+07,2.46961e+25,1.99193e+26,2.64695e+10,0.0127424,7.67371e+35,0.03468,0.0495099,7.99328,1.27661e-36,1.14986e+16,8.91369e+16,7.89094e+13,1.00714e+17,2.14314e+20,2.91008e+09
2.82958e+06,274452,2.36513e+07,2.60525e+25,2.10101e+26,2.69454e+10,0.0127427,7.6728e+35,0.03468,0.0495062,7.9912,1.27589e-36,1.14981e+16,8.91335e+16,7.89057e+13,1.00711e+17,2.22031e+20,2.91002e+09
2.87958e+06,274444,2.3651e+07,2.74577e+25,2.21398e+26,2.74213e+10,0.012743,7.67187e+35,0.03468,0.0495025,7.98909,1.27515e-36,1.14976e+16,8.913e+16,7.89019e+13,1.00707e+17,2.2988e+20,2.90996e+09
2.92958e+06,274437,2.36507e+07,2.89125e+25,2.33091e+26,2.78972e+10,0.0127433,7.67093e+35,0.03468,0.0494988,7.98694,1.2744e-36,1.14971e+16,8.91265e+16,7.88981e+13,1.00702e+17,2.37862e+20,2.90989e+09
2.97958e+06,274429,2.36504e+07,3.04178e+25,2.45186e+26,2.8373e+10,0.0127436,7.66997e+35,0.03468,0.049495,7.98475,1.27364e-36,1.14966e+16,8.91229e+16,7.88942e+13,1.00698e+17,2.45977e+20,2.90983e+09
3.02958e+06,274421,2.36501e+07,3.19744e+25,2.57691e+26,2.88489e+10,0.0127439,7.66899e+35,0.03468,0.0494911,7.98253,1.27286e-36,1.1496e+16,8.91193e+16,7.88902e+13,1.00694e+17,2.54224e+20,2.90976e+09
3.07958e+06,274413,2.36498e+07,3.35832e+25,2.70611e+26,2.93247e+10,0.0127442,7.668e+35,0.03468,0.0494871,7.98027,1.27207e-36,1.14955e+16,8.91156e+16,7.88862e+13,1.0069e+17,2.62603e+20,2.90969e+09
3.12958e+06,274405,2.36495e+07,3.52451e+25,2.83953e+26,2.98005e+10,0.0127445,7.66699e+35,0.03468,0.0494831,7.97798,1.27127e-36,1.14949e+16,8.91118e+16,7.88821e+13,1.00686e+17,2.71114e+20,2.90962e+09
3.17958e+06,274397,2.36492e+07,3.69608e+25,2.97725e+26,3.02764e+10,0.0127448,7.66597e+35,0.03468,0.049479,7.97565,1.27046e-36,1.14944e+16,8.9108e+16,7.88779e+13,1.00681e+17,2.79757e+20,2.90955e+09
3.22958e+06,274389,2.36489e+07,3.87313e+25,3.11931e+26,3.07522e+10,0.0127452,7.66493e+35,0.03468,0.0494749,7.97328,1.26963e-36,1.14938e+16,8.91041e+16,7.88737e+13,1.00677e+17,2.8853e+20,2.90948e+09
3.27958e+06,274381,2.36486e+07,4.05575e+25,3.2658e+26,3.12279e+10,0.0127455,7.66388e+35,0.03468,0.0494707,7.97088,1.26879e-36,1.14932e+16,8.91002e+16,7.88694e+13,1.00672e+17,2.97435e+20,2.90941e+09
3.32958e+06,274372,2.36482e+07,4.24401e+25,3.41677e+26,3.17037e+10,0.0127458,7.6628e+35,0.03468,0.0494664,7.96844,1.26794e-36,1.14926e+16,8.90962e+16,7.88651e+13,1.00668e+17,3.06471e+20,2.90933e+09
3.37958e+06,274364,2.36479e+07,4.43801e+25,3.57229e+26,3.21795e+10,0.0127462,7.66171e+35,0.03468,0.0494621,7.96596,1.26708e-36,1.1492e+16,8.90921e+16,7.88606e+13,1.00663e+17,3.15637e+20,2.90926e+09
3.42958e+06,274355,2.36476e+07,4.63783e+25,3.73243e+26,3.26552e+10,0.0127465,7.66061e+35,0.03468,0.0494577,7.96345,1.26621e-36,1.14914e+16,8.9088e+16,7.88561e+13,1.00658e+17,3.24933e+20,2.90918e+09
3.47958e+06,274346,2.36472e+07,4.84355e+25,3.89725e+26,3.31309e+10,0.0127469,7.65949e+35,0.03468,0.0494532,7.96091,1.26532e-36,1.14908e+16,8.90839e+16,7.88516e+13,1.00653e+17,3.34359e+20,2.9091e+09
3.52958e+06,274337,2.36469e+07,5.05527e+25,4.06681e+26,3.36066e+10,0.0127473,7.65835e+35,0.03468,0.0494487,7.95832,1.26442e-36,1.14901e+16,8.90796e+16,7.8847e+13,1.00649e+17,3.43915e+20,2.90902e+09
3.57958e+06,274328,2.36465e+07,5.27306e+25,4.24118e+26,3.40823e+10,0.0127476,7.6572e+35,0.03468,0.0494441,7.9557,1.26351e-36,1.14895e+16,8.90753e+16,7.88423e+13,1.00644e+17,3.536e+20,2.90894e+09
3.62958e+06,274318,2.36462e+07,5.49701e+25,4.42043e+26,3.4558e+10,0.012748,7.65603e+35,0.03468,0.0494394,7.95305,1.26259e-36,1.14888e+16,8.9071e+16,7.88375e+13,1.00639e+17,3.63414e+20,2.90886e+09
3.67958e+06,274309,2.36458e+07,5.72721e+25,4.60462e+26,3.50337e+10,0.0127484,7.65485e+35,0.03468,0.0494347,7.95036,1.26165e-36,1.14882e+16,8.90665e+16,7.88327e+13,1.00634e+17,3.73357e+20,2.90878e+09
3.72958e+06,274299,2.36454e+07,5.96375e+25,4.79381e+26,3.55093e+10,0.0127487,7.65365e+35,0.03468,0.0494299,7.94763,1.2607e-36,1.14875e+16,8.90621e+16,7.88278e+13,1.00628e+17,3.83428e+20,2.9087e+09
3.77958e+06,274290,2.36451e+07,6.2067e+25,4.98807e+26,3.59849e+10,0.0127491,7.65243e+35,0.03468,0.0494251,7.94486,1.25975e-36,1.14868e+16,8.90575e+16,7.88229e+13,1.00623e+17,3.93628e+20,2.90861e+09
3.82958e+06,274280,2.36447e+07,6.45616e+25,5.18746e+26,3.64605e+10,0.0127495,7.6512e+35,0.03468,0.0494202,7.94207,1.25877e-36,1.14862e+16,8.90529e+16,7.88179e+13,1.00618e+17,4.03955e+20,2.90853e+09
3.87958e+06,274270,2.36443e+07,6.71221e+25,5.39205e+26,3.69361e+10,0.0127499,7.64995e+35,0.03468,0.0494152,7.93923,1.25779e-36,1.14855e+16,8.90483e+16,7.88128e+13,1.00613e+17,4.1441e+20,2.90844e+09
3.92958e+06,274260,2.36439e+07,6.97494e+25,5.60189e+26,3.74117e+10,0.0127503,7.64869e+35,0.03468,0.0494102,7.93636,1.25679e-36,1.14848e+16,8.90435e+16,7.88076e+13,1.00607e+17,4.24992e+20,2.90836e+09
3.97958e+06,274250,2.36435e+07,7.24443e+25,5.81706e+26,3.78873e+10,0.0127507,7.64741e+35,0.03468,0.0494051,7.93345,1.25579e-36,1.14841e+16,8.90388e+16,7.88024e+13,1.00602e+17,4.35701e+20,2.90827e+09
4.02958e+06,274239,2.36431e+07,7.52076e+25,6.03761e+26,3.83628e+10,0.0127511,7.64611e+35,0.03468,0.0493999,7.93051,1.25477e-36,1.14833e+16,8.90339e+16,7.87971e+13,1.00596e+17,4.46536e+20,2.90818e+09
4.07958e+06,274229,2.36427e+07,7.80403e+25,6.26362e+26,3.88383e+10,0.0127516,7.6448e+35,0.03468,0.0493947,7.92754,1.25374e-36,1.14826e+16,8.9029e+16,7.87918e+13,1.0059e+17,4.57498e+20,2.90809e+09
4.12958e+06,274218,2.36423e+07,8.09432e+25,6.49513e+26,3.93138e+10,0.012752,7.64347e+35,0.03468,0.0493894,7.92452,1.25269e-36,1.14819e+16,8.90241e+16,7.87864e+13,1.00585e+17,4.68586e+20,2.90799e+09
4.17958e+06,274208,2.36419e+07,8.39171e+25,6.73222e+26,3.97893e+10,0.0127524,7.64212e+35,0.03468,0.049384,7.92147,1.25164e-36,1.14811e+16,8.9019e+16,7.87809e+13,1.00579e+17,4.79799e+20,2.9079e+09
4.22958e+06,274197,2.36415e+07,8.69629e+25,6.97495e+26,4.02648e+10,0.0127528,7.64076e+35,0.03468,0.0493786,7.91839,1.25057e-36,1.14804e+16,8.9014e+16,7.87754e+13,1.00573e+17,4.91137e+20,2.90781e+09
4.27958e+06,274186,2.36411e+07,9.00814e+25,7.22338e+26,4.07402e+10,0.0127533,7.63939e+35,0.03468,0.0493731,7.91527,1.24949e-36,1.14796e+16,8.90088e+16,7.87698e+13,1.00567e+17,5.02601e+20,2.90771e+09
4.32958e+06,274175,2.36407e+07,9.32736e+25,7.47758e+26,4.12157e+10,0.0127537,7.638e+35,0.03468,0.0493676,7.91212,1.2484e-36,1.14788e+16,8.90036e+16,7.87641e+13,1.00561e+17,5.14188e+20,2.90762e+09
4.37958e+06,274164,2.36402e+07,9.65402e+25,7.73759e+26,4.16911e+10,0.0127542,7.63659e+35,0.03468,0.0493619,7.90893,1.2473e-36,1.14781e+16,8.89984e+16,7.87583e+13,1.00555e+17,5.25901e+20,2.90752e+09
4.42958e+06,274152,2.36398e+07,9.98821e+25,8.0035e+26,4.21665e+10,0.0127546,7.63517e+35,0.03468,0.0493563,7.9057,1.24619e-36,1.14773e+16,8.8993e+16,7.87525e+13,1.00549e+17,5.37736e+20,2.90742e+09
4.47958e+06,274141,2.36393e+07,1.033e+26,8.27535e+26,4.26418e+10,0.0127551,7.63373e+35,0.03468,0.0493505,7.90244,1.24506e-36,1.14765e+16,8.89877e+16,7.87467e+13,1.00543e+17,5.49696e+20,2.90732e+09
4.52958e+06,274129,2.36389e+07,1.06795e+26,8.55322e+26,4.31172e+10,0.0127555,7.63227e+35,0.03468,0.0493447,7.89914,1.24393e-36,1.14757e+16,8.89822e+16,7.87407e+13,1.00537e+17,5.61778e+20,2.90722e+09
4.57958e+06,274118,2.36385e+07,1.10368e+26,8.83715e+26,4.35925e+10,0.012756,7.6308e+35,0.03468,0.0493388,7.89581,1.24278e-36,1.14748e+16,8.89767e+16,7.87347e+13,1.0053e+17,5.73984e+20,2.90712e+09
4.62958e+06,274106,2.3638e+07,1.1402e+26,9.12722e+26,4.40678e+10,0.0127565,7.62931e+35,0.03468,0.0493329,7.89245,1.24162e-36,1.1474e+16,8.89712e+16,7.87287e+13,1.00524e+17,5.86311e+20,2.90701e+09
4.67958e+06,274094,2.36375e+07,1.17751e+26,9.42348e+26,4.45431e+10,0.012757,7.62781e+35,0.03468,0.0493269,7.88905,1.24045e-36,1.14732e+16,8.89655e+16,7.87226e+13,1.00517e+17,5.98761e+20,2.90691e+09
4.72958e+06,274082,2.36371e+07,1.21563e+26,9.726e+26,4.50184e+10,0.0127574,7.62629e+35,0.03468,0.0493209,7.88561,1.23926e-36,1.14723e+16,8.89599e+16,7.87164e+13,1.00511e+17,6.11332e+20,2.9068e+09
4.77958e+06,274069,2.36366e+07,1.25456e+26,1.00348e+27,4.54936e+10,0.0127579,7.62476e+35,0.03468,0.0493147,7.88214,1.23807e-36,1.14715e+16,8.89541e+16,7.87101e+13,1.00504e+17,6.24025e+20,2.9067e+09
4.82958e+06,274057,2.36361e+07,1.29431e+26,1.035e+27,4.59689e+10,0.0127584,7.6232e+35,0.03468,0.0493085,7.87863,1.23686e-36,1.14706e+16,8.89483e+16,7.87038e+13,1.00498e+17,6.36838e+20,2.90659e+09
4.87958e+06,274045,2.36356e+07,1.33489e+26,1.06717e+27,4.64441e+10,0.0127589,7.62164e+35,0.03468,0.0493023,7.87509,1.23565e-36,1.14697e+16,8.89425e+16,7.86974e+13,1.00491e+17,6.49772e+20,2.90648e+09
4.92958e+06,274032,2.36352e+07,1.37631e+26,1.09998e+27,4.69192e+10,0.0127594,7.62006e+35,0.03468,0.049296,7.87151,1.23442e-36,1.14689e+16,8.89365e+16,7.86909e+13,1.00484e+17,6.62826e+20,2.90637e+09
4.97958e+06,274019,2.36347e+07,1.41857e+26,1.13345e+27,4.73944e+10,0.0127599,7.61846e+35,0.03468,0.0492896,7.8679,1.23318e-36,1.1468e+16,8.89306e+16,7.86844e+13,1.00477e+17,6.76e+20,2.90626e+09
5.02958e+06,274006,2.36342e+07,1.46169e+26,1.16759e+27,4.78695e+10,0.0127605,7.61684e+35,0.03468,0.0492832,7.86426,1.23193e-36,1.14671e+16,8.89245e+16,7.86778e+13,1.0047e+17,6.89293e+20,2.90615e+09
5.07958e+06,273993,2.36337e+07,1.50568e+26,1.20239e+27,4.83447e+10,0.012761,7.61521e+35,0.03468,0.0492767,7.86058,1.23067e-36,1.14662e+16,8.89184e+16,7.86712e+13,1.00463e+17,7.02705e+20,2.90604e+09
5.12958e+06,273980,2.36332e+07,1.55054e+26,1.23786e+27,4.88198e+10,0.0127615,7.61357e+35,0.03468,0.0492701,7.85686,1.22939e-36,1.14652e+16,8.89123e+16,7.86645e+13,1.00456e+17,7.16236e+20,2.90592e+09
5.17958e+06,273967,2.36327e+07,1.59627e+26,1.27401e+27,4.92948e+10,0.012762,7.61191e+35,0.03468,0.0492635,7.85311,1.22811e-36,1.14643e+16,8.89061e+16,7.86577e+13,1.00449e+17,7.29885e+20,2.90581e+09
5.22958e+06,273953,2.36322e+07,1.6429e+26,1.31085e+27,4.97699e+10,0.0127626,7.61023e+35,0.03468,0.0492568,7.84933,1.22681e-36,1.14634e+16,8.88998e+16,7.86508e+13,1.00442e+17,7.43651e+20,2.90569e+09
5.27958e+06,273940,2.36316e+07,1.69043e+26,1.34838e+27,5.02449e+10,0.0127631,7.60854e+35,0.03468,0.04925,7.84551,1.22551e-36,1.14624e+16,8.88934e+16,7.86439e+13,1.00435e+17,7.57535e+20,2.90557e+09
5.32958e+06,273926,2.36311e+07,1.73886e+26,1.38661e+27,5.07199e+10,0.0127637,7.60683e+35,0.03468,0.0492432,7.84166,1.22419e-36,1.14615e+16,8.8887e+16,7.86369e+13,1.00427e+17,7.71535e+20,2.90545e+09
5.37958e+06,273913,2.36306e+07,1.78821e+26,1.42553e+27,5.11949e+10,0.0127642,7.60511e+35,0.03468,0.0492363,7.83777,1.22286e-36,1.14605e+16,8.88806e+16,7.86299e+13,1.0042e+17,7.85652e+20,2.90533e+09
5.42958e+06,273899,2.363e+07,1.83847e+26,1.46517e+27,5.16698e+10,0.0127648,7.60337e+35,0.03468,0.0492293,7.83385,1.22152e-36,1.14596e+16,8.88741e+16,7.86228e+13,1.00412e+17,7.99885e+20,2.90521e+09
5.47958e+06,273885,2.36295e+07,1.88968e+26,1.50553e+27,5.21448e+10,0.0127653,7.60161e+35,0.03468,0.0492223,7.8299,1.22017e-36,1.14586e+16,8.88675e+16,7.86156e+13,1.00405e+17,8.14234e+20,2.90509e+09
5.52958e+06,273870,2.3629e+07,1.94182e+26,1.5466e+27,5.26197e+10,0.0127659,7.59984e+35,0.03468,0.0492153,7.82591,1.21881e-36,1.14576e+16,8.88608e+16,7.86084e+13,1.00397e+17,8.28698e+20,2.90497e+09
5.57958e+06,273856,2.36284e+07,1.99491e+26,1.5884e+27,5.30945e+10,0.0127665,7.59806e+35,0.03468,0.0492081,7.82188,1.21744e-36,1.14566e+16,8.88541e+16,7.86011e+13,1.00389e+17,8.43276e+20,2.90484e+09
5.62958e+06,273842,2.36279e+07,2.04896e+26,1.63093e+27,5.35694e+10,0.012767,7.59625e+35,0.03468,0.0492009,7.81782,1.21606e-36,1.14556e+16,8.88474e+16,7.85937e+13,1.00382e+17,8.57969e+20,2.90472e+09
5.67958e+06,273827,2.36273e+07,2.10397e+26,1.6742e+27,5.40442e+10,0.0127676,7.59444e+35,0.03468,0.0491937,7.81373,1.21466e-36,1.14546e+16,8.88406e+16,7.85863e+13,1.00374e+17,8.72776e+20,2.90459e+09
5.72958e+06,273813,2.36267e+07,2.15996e+26,1.71821e+27,5.4519e+10,0.0127682,7.5926e+35,0.03468,0.0491863,7.80961,1.21326e-36,1.14536e+16,8.88337e+16,7.85788e+13,1.00366e+17,8.87696e+20,2.90446e+09
5.77958e+06,273798,2.36262e+07,2.21693e+26,1.76297e+27,5.49938e+10,0.0127688,7.59075e+35,0.03468,0.0491789,7.80545,1.21184e-36,1.14525e+16,8.88268e+16,7.85712e+13,1.00358e+17,9.02729e+20,2.90433e+09
5.82958e+06,273783,2.36256e+07,2.27489e+26,1.80848e+27,5.54686e+10,0.0127694,7.58889e+35,0.03468,0.0491715,7.80125,1.21042e-36,1.14515e+16,8.88198e+16,7.85636e+13,1.0035e+17,9.17874e+20,2.9042e+09
5.87958e+06,273768,2.3625e+07,2.33385e+26,1.85476e+27,5.59433e+10,0.01277,7.58701e+35,0.03468,0.049164,7.79702,1.20898e-36,1.14504e+16,8.88127e+16,7.85559e+13,1.00342e+17,9.33132e+20,2.90407e+09
5.92958e+06,273753,2.36244e+07,2.39382e+26,1.9018e+27,5.6418e+10,0.0127706,7.58511e+35,0.03468,0.0491564,7.79276,1.20754e-36,1.14494e+16,8.88056e+16,7.85481e+13,1.00334e+17,9.48501e+20,2.90394e+09
5.97958e+06,273737,2.36238e+07,2.45481e+26,1.94961e+27,5.68927e+10,0.0127712,7.5832e+35,0.03468,0.0491487,7.78847,1.20608e-36,1.14483e+16,8.87984e+16,7.85403e+13,1.00325e+17,9.63982e+20,2.90381e+09
6.02958e+06,273722,2.36233e+07,2.51682e+26,1.9982e+27,5.73673e+10,0.0127718,7.58127e+35,0.03468,0.049141,7.78414,1.20461e-36,1.14472e+16,8.87912e+16,7.85324e+13,1.00317e+17,9.79573e+20,2.90367e+09
6.07958e+06,273706,2.36227e+07,2.57986e+26,2.04757e+27,5.78419e+10,0.0127725,7.57933e+35,0.03468,0.0491333,7.77978,1.20313e-36,1.14462e+16,8.87839e+16,7.85245e+13,1.00309e+17,9.95274e+20,2.90354e+09
6.12958e+06,273691,2.36221e+07,2.64395e+26,2.09773e+27,5.83165e+10,0.0127731,7.57737e+35,0.03468,0.0491254,7.77538,1.20165e-36,1.14451e+16,8.87765e+16,7.85165e+13,1.003e+17,1.01109e+21,2.9034e+09
6.17958e+06,273675,2.36214e+07,2.70909e+26,2.14868e+27,5.87911e+10,0.0127737,7.5754e+35,0.03468,0.0491176,7.77095,1.20015e-36,1.1444e+16,8.87691e+16,7.85084e+13,1.00292e+17,1.02701e+21,2.90326e+09
6.22958e+06,273659,2.36208e+07,2.77528e+26,2.20043e+27,5.92656e+10,0.0127744,7.57341e+35,0.03468,0.0491096,7.76649,1.19864e-36,1.14429e+16,8.87617e+16,7.85002e+13,1.00283e+17,1.04303e+21,2.90313e+09
6.27958e+06,273643,2.36202e+07,2.84255e+26,2.25298e+27,5.97401e+10,0.012775,7.57141e+35,0.03468,0.0491016,7.76199,1.19712e-36,1.14417e+16,8.87541e+16,7.8492e+13,1.00274e+17,1.05917e+21,2.90299e+09
6.32958e+06,273627,2.36196e+07,2.91088e+26,2.30635e+27,6.02146e+10,0.0127757,7.56939e+35,0.03468,0.0490935,7.75746,1.19559e-36,1.14406e+16,8.87465e+16,7.84837e+13,1.00266e+17,1.07542e+21,2.90285e+09
6.37958e+06,273610,2.3619e+07,2.98031e+26,2.36053e+27,6.06891e+10,0.0127763,7.56735e+35,0.03468,0.0490853,7.7529,1.19405e-36,1.14395e+16,8.87389e+16,7.84754e+13,1.00257e+17,1.09177e+21,2.9027e+09
6.42958e+06,273594,2.36183e+07,3.05082e+26,2.41553e+27,6.11635e+10,0.012777,7.5653e+35,0.03468,0.0490771,7.7483,1.1925e-36,1.14383e+16,8.87312e+16,7.8467e+13,1.00248e+17,1.10823e+21,2.90256e+09
6.47958e+06,273577,2.36177e+07,3.12244e+26,2.47135e+27,6.16379e+10,0.0127776,7.56324e+35,0.03468,0.0490689,7.74367,1.19094e-36,1.14372e+16,8.87234e+16,7.84585e+13,1.00239e+17,1.1248e+21,2.90242e+09
6.52958e+06,273561,2.36171e+07,3.19516e+26,2.52801e+27,6.21123e+10,0.0127783,7.56115e+35,0.03468,0.0490605,7.73901,1.18937e-36,1.1436e+16,8.87156e+16,7.845e+13,1.0023e+17,1.14147e+21,2.90227e+09
6.57958e+06,273544,2.36164e+07,3.26901e+26,2.5855e+27,6.25866e+10,0.012779,7.55906e+35,0.03468,0.0490521,7.73432,1.1878e-36,1.14348e+16,8.87077e+16,7.84414e+13,1.00221e+17,1.15824e+21,2.90212e+09
6.62958e+06,273527,2.36158e+07,3.34398e+26,2.64384e+27,6.30609e+10,0.0127797,7.55694e+35,0.03468,0.0490437,7.72959,1.18621e-36,1.14337e+16,8.86997e+16,7.84327e+13,1.00212e+17,1.17513e+21,2.90198e+09
6.67958e+06,273510,2.36151e+07,3.42008e+26,2.70302e+27,6.35352e+10,0.0127804,7.55482e+35,0.03468,0.0490352,7.72483,1.18461e-36,1.14325e+16,8.86917e+16,7.8424e+13,1.00203e+17,1.19211e+21,2.90183e+09
6.72958e+06,273493,2.36144e+07,3.49733e+26,2.76305e+27,6.40095e+10,0.012781,7.55267e+35,0.03468,0.0490266,7.72004,1.183e-36,1.14313e+16,8.86837e+16,7.84152e+13,1.00193e+17,1.2092e+21,2.90168e+09
6.77958e+06,273475,2.36138e+07,3.57573e+26,2.82394e+27,6.44837e+10,0.0127817,7.55052e+35,0.03468,0.0490179,7.71521,1.18138e-36,1.14301e+16,8.86755e+16,7.84064e+13,1.00184e+17,1.2264e+21,2.90153e+09
6.82958e+06,273458,2.36131e+07,3.65529e+26,2.88569e+27,6.49579e+10,0.0127824,7.54834e+35,0.03468,0.0490092,7.71035,1.17975e-36,1.14288e+16,8.86674e+16,7.83974e+13,1.00175e+17,1.24369e+21,2.90138e+09
6.87958e+06,273440,2.36124e+07,3.73601e+26,2.94831e+27,6.5432e+10,0.0127831,7.54615e+35,0.03468,0.0490005,7.70546,1.17811e-36,1.14276e+16,8.86591e+16,7.83885e+13,1.00165e+17,1.26109e+21,2.90122e+09
6.92958e+06,273422,2.36117e+07,3.81792e+26,3.0118e+27,6.59062e+10,0.0127839,7.54395e+35,0.03468,0.0489916,7.70054,1.17647e-36,1.14264e+16,8.86508e+16,7.83794e+13,1.00156e+17,1.27859e+21,2.90107e+09
6.97958e+06,273405,2.36111e+07,3.90101e+26,3.07617e+27,6.63803e+10,0.0127846,7.54173e+35,0.03468,0.0489827,7.69558,1.17481e-36,1.14251e+16,8.86424e+16,7.83703e+13,1.00146e+17,1.2962e+21,2.90091e+09
7.02958e+06,273387,2.36104e+07,3.98529e+26,3.14142e+27,6.68543e+10,0.0127853,7.53949e+35,0.03468,0.0489738,7.69059,1.17314e-36,1.14239e+16,8.8634e+16,7.83611e+13,1.00136e+17,1.3139e+21,2.90076e+09
7.07958e+06,273369,2.36097e+07,4.07077e+26,3.20756e+27,6.73284e+10,0.012786,7.53724e+35,0.03468,0.0489648,7.68557,1.17146e-36,1.14226e+16,8.86255e+16,7.83519e+13,1.00127e+17,1.3317e+21,2.9006e+09
7.12958e+06,273350,2.3609e+07,4.15747e+26,3.2746e+27,6.78024e+10,0.0127868,7.53498e+35,0.03468,0.0489557,7.68052,1.16978e-36,1.14214e+16,8.8617e+16,7.83426e+13,1.00117e+17,1.34961e+21,2.90044e+09
7.17958e+06,273332,2.36083e+07,4.24538e+26,3.34253e+27,6.82763e+10,0.0127875,7.5327e+35,0.03468,0.0489465,7.67543,1.16808e-36,1.14201e+16,8.86084e+16,7.83332e+13,1.00107e+17,1.36761e+21,2.90028e+09
7.22958e+06,273313,2.36075e+07,4.33452e+26,3.41136e+27,6.87503e+10,0.0127882,7.5304e+35,0.03468,0.0489373,7.67032,1.16638e-36,1.14188e+16,8.85997e+16,7.83238e+13,1.00097e+17,1.38571e+21,2.90012e+09
7.27958e+06,273295,2.36068e+07,4.4249e+26,3.4811e+27,6.92242e+10,0.012789,7.52809e+35,0.03468,0.0489281,7.66517,1.16466e-36,1.14175e+16,8.8591e+16,7.83143e+13,1.00087e+17,1.40391e+21,2.89996e+09
7.32958e+06,273276,2.36061e+07,4.51652e+26,3.55175e+27,6.96981e+10,0.0127897,7.52576e+35,0.03468,0.0489187,7.65999,1.16294e-36,1.14162e+16,8.85822e+16,7.83047e+13,1.00077e+17,1.4222e+21,2.89979e+09
7.37958e+06,273257,2.36054e+07,4.60939e+26,3.62332e+27,7.01719e+10,0.0127905,7.52342e+35,0.03468,0.0489093,7.65477,1.16121e-36,1.14149e+16,8.85734e+16,7.82951e+13,1.00067e+17,1.4406e+21,2.89963e+09
7.42958e+06,273238,2.36047e+07,4.70352e+26,3.69581e+27,7.06457e+10,0.0127913,7.52106e+35,0.03468,0.0488999,7.64953,1.15947e-36,1.14136e+16,8.85645e+16,7.82854e+13,1.00056e+17,1.45909e+21,2.89946e+09
7.47958e+06,273219,2.36039e+07,4.79892e+26,3.76923e+27,7.11195e+10,0.012792,7.51869e+35,0.03468,0.0488904,7.64425,1.15772e-36,1.14122e+16,8.85556e+16,7.82756e+13,1.00046e+17,1.47767e+21,2.8993e+09
7.52958e+06,273200,2.36032e+07,4.8956e+26,3.84358e+27,7.15933e+10,0.0127928,7.51631e+35,0.03468,0.0488808,7.63894,1.15596e-36,1.14109e+16,8.85465e+16,7.82658e+13,1.00036e+17,1.49636e+21,2.89913e+09
7.57958e+06,273181,2.36024e+07,4.99357e+26,3.91887e+27,7.2067e+10,0.0127936,7.5139e+35,0.03468,0.0488712,7.6336,1.15419e-36,1.14095e+16,8.85375e+16,7.82559e+13,1.00025e+17,1.51513e+21,2.89896e+09
7.62958e+06,273161,2.36017e+07,5.09283e+26,3.9951e+27,7.25407e+10,0.0127944,7.51149e+35,0.03468,0.0488615,7.62823,1.15241e-36,1.14082e+16,8.85283e+16,7.8246e+13,1.00015e+17,1.534e+21,2.89879e+09
7.67958e+06,273141,2.36009e+07,5.19339e+26,4.07227e+27,7.30143e+10,0.0127952,7.50905e+35,0.03468,0.0488517,7.62283,1.15063e-36,1.14068e+16,8.85191e+16,7.82359e+13,1.00004e+17,1.55297e+21,2.89862e+09
7.72958e+06,273122,2.36002e+07,5.29526e+26,4.1504e+27,7.34879e+10,0.012796,7.50661e+35,0.03468,0.0488419,7.61739,1.14883e-36,1.14054e+16,8.85099e+16,7.82259e+13,9.99936e+16,1.57203e+21,2.89845e+09
7.77958e+06,273102,2.35994e+07,5.39845e+26,4.22948e+27,7.39615e+10,0.0127968,7.50414e+35,0.03468,0.048832,7.61193,1.14703e-36,1.14041e+16,8.85006e+16,7.82157e+13,9.99829e+16,1.59118e+21,2.89828e+09
7.82958e+06,273082,2.35986e+07,5.50297e+26,4.30952e+27,7.4435e+10,0.0127976,7.50167e+35,0.03468,0.048822,7.60643,1.14521e-36,1.14027e+16,8.84912e+16,7.82055e+13,9.99721e+16,1.61042e+21,2.8981e+09
7.87958e+06,273062,2.35979e+07,5.60882e+26,4.39052e+27,7.49085e+10,0.0127984,7.49917e+35,0.03468,0.048812,7.6009,1.14339e-36,1.14013e+16,8.84818e+16,7.81953e+13,9.99613e+16,1.62975e+21,2.89793e+09
7.92958e+06,273041,2.35971e+07,5.71602e+26,4.47249e+27,7.5382e+10,0.0127992,7.49667e+35,0.03468,0.048802,7.59534,1.14156e-36,1.13999e+16,8.84723e+16,7.81849e+13,9.99504e+16,1.64918e+21,2.89775e+09
7.97958e+06,273021,2.35963e+07,5.82457e+26,4.55544e+27,7.58554e+10,0.0128,7.49414e+35,0.03468,0.0487918,7.58975,1.13972e-36,1.13984e+16,8.84628e+16,7.81745e+13,9.99394e+16,1.66869e+21,2.89757e+09
8.02958e+06,273001,2.35955e+07,5.93448e+26,4.63937e+27,7.63288e+10,0.0128008,7.49161e+35,0.03468,0.0487816,7.58413,1.13787e-36,1.1397e+16,8.84532e+16,7.81641e+13,9.99283e+16,1.6883e+21,2.8974e+09
8.07958e+06,272980,2.35947e+07,6.04575e+26,4.72427e+27,7.68022e+10,0.0128017,7.48905e+35,0.03468,0.0487714,7.57848,1.13602e-36,1.13956e+16,8.84435e+16,7.81535e+13,9.99172e+16,1.70799e+21,2.89722e+09
8.12958e+06,272959,2.35939e+07,6.15841e+26,4.81017e+27,7.72755e+10,0.0128025,7.48649e+35,0.03468,0.0487611,7.5728,1.13415e-36,1.13941e+16,8.84338e+16,7.81429e+13,9.99061e+16,1.72778e+21,2.89704e+09
8.17958e+06,272938,2.35931e+07,6.27245e+26,4.89705e+27,7.77488e+10,0.0128033,7.4839e+35,0.03468,0.0487507,7.56709,1.13228e-36,1.13927e+16,8.8424e+16,7.81323e+13,9.98948e+16,1.74765e+21,2.89685e+09
8.22958e+06,272917,2.35923e+07,6.38789e+26,4.98493e+27,7.82221e+10,0.0128042,7.48131e+35,0.03468,0.0487403,7.56134,1.1304e-36,1.13912e+16,8.84142e+16,7.81216e+13,9.98835e+16,1.76761e+21,2.89667e+09
8.27958e+06,272896,2.35915e+07,6.50473e+26,5.07381e+27,7.86953e+10,0.012805,7.47869e+35,0.03468,0.0487298,7.55557,1.12851e-36,1.13897e+16,8.84043e+16,7.81108e+13,9.98721e+16,1.78765e+21,2.89649e+09
8.32958e+06,272875,2.35907e+07,6.62298e+26,5.1637e+27,7.91685e+10,0.0128059,7.47607e+35,0.03468,0.0487192,7.54976,1.12661e-36,1.13883e+16,8.83943e+16,7.81e+13,9.98607e+16,1.80778e+21,2.8963e+09
8.37958e+06,272854,2.35898e+07,6.74265e+26,5.2546e+27,7.96416e+10,0.0128068,7.47343e+35,0.03468,0.0487086,7.54393,1.12471e-36,1.13868e+16,8.83843e+16,7.8089e+13,9.98492e+16,1.828e+21,2.89611e+09
8.42958e+06,272832,2.3589e+07,6.86374e+26,5.3465e+27,8.01148e+10,0.0128076,7.47077e+35,0.03468,0.0486979,7.53806,1.12279e-36,1.13853e+16,8.83742e+16,7.80781e+13,9.98376e+16,1.8483e+21,2.89593e+09
8.47958e+06,272810,2.35882e+07,6.98627e+26,5.43943e+27,8.05878e+10,0.0128085,7.4681e+35,0.03468,0.0486871,7.53217,1.12087e-36,1.13838e+16,8.83641e+16,7.8067e+13,9.98259e+16,1.86869e+21,2.89574e+09
8.52958e+06,272789,2.35873e+07,7.11024e+26,5.53337e+27,8.10609e+10,0.0128094,7.46541e+35,0.03468,0.0486763,7.52624,1.11894e-36,1.13823e+16,8.83539e+16,7.80559e+13,9.98142e+16,1.88916e+21,2.89555e+09
8.57958e+06,272767,2.35865e+07,7.23567e+26,5.62835e+27,8.15339e+10,0.0128103,7.46271e+35,0.03468,0.0486655,7.52028,1.117e-36,1.13807e+16,8.83437e+16,7.80448e+13,9.98024e+16,1.90971e+21,2.89536e+09
8.62958e+06,272745,2.35856e+07,7.36256e+26,5.72435e+27,8.20068e+10,0.0128111,7.45999e+35,0.03468,0.0486546,7.5143,1.11506e-36,1.13792e+16,8.83333e+16,7.80336e+13,9.97906e+16,1.93035e+21,2.89517e+09
8.67958e+06,272723,2.35848e+07,7.49091e+26,5.82138e+27,8.24797e+10,0.012812,7.45726e+35,0.03468,0.0486436,7.50828,1.1131e-36,1.13777e+16,8.8323e+16,7.80223e+13,9.97787e+16,1.95107e+21,2.89497e+09
8.72958e+06,272700,2.35839e+07,7.62074e+26,5.91946e+27,8.29526e+10,0.0128129,7.45452e+35,0.03468,0.0486325,7.50224,1.11114e-36,1.13761e+16,8.83126e+16,7.80109e+13,9.97667e+16,1.97187e+21,2.89478e+09
8.77958e+06,272678,2.35831e+07,7.75206e+26,6.01857e+27,8.34255e+10,0.0128138,7.45176e+35,0.03468,0.0486214,7.49616,1.10917e-36,1.13746e+16,8.83021e+16,7.79995e+13,9.97546e+16,1.99275e+21,2.89459e+09
8.82958e+06,272655,2.35822e+07,7.88487e+26,6.11873e+27,8.38983e+10,0.0128148,7.44898e+35,0.03468,0.0486102,7.49005,1.1072e-36,1.1373e+16,8.82915e+16,7.7988e+13,9.97425e+16,2.01372e+21,2.89439e+09
8.87958e+06,272633,2.35813e+07,8.01918e+26,6.21995e+27,8.4371e+10,0.0128157,7.44619e+35,0.03468,0.048599,7.48392,1.10521e-36,1.13714e+16,8.82809e+16,7.79765e+13,9.97303e+16,2.03476e+21,2.89419e+09
8.92958e+06,272610,2.35805e+07,8.155e+26,6.32221e+27,8.48438e+10,0.0128166,7.44339e+35,0.03468,0.0485877,7.47776,1.10322e-36,1.13698e+16,8.82703e+16,7.79649e+13,9.97181e+16,2.05588e+21,2.89399e+09
8.97958e+06,272587,2.35796e+07,8.29234e+26,6.42553e+27,8.53164e+10,0.0128175,7.44057e+35,0.03468,0.0485764,7.47156,1.10122e-36,1.13683e+16,8.82596e+16,7.79532e+13,9.97058e+16,2.07708e+21,2.89379e+09
9.02958e+06,272564,2.35787e+07,8.43121e+26,6.52992e+27,8.57891e+10,0.0128184,7.43774e+35,0.03468,0.0485649,7.46534,1.09921e-36,1.13667e+16,8.82488e+16,7.79415e+13,9.96934e+16,2.09835e+21,2.89359e+09
9.07958e+06,272541,2.35778e+07,8.57161e+26,6.63537e+27,8.62617e+10,0.0128194,7.43489e+35,0.03468,0.0485535,7.45909,1.0972e-36,1.1365e+16,8.82379e+16,7.79297e+13,9.96809e+16,2.11971e+21,2.89339e+09
9.12958e+06,272518,2.35769e+07,8.71355e+26,6.74189e+27,8.67343e+10,0.0128203,7.43203e+35,0.03468,0.0485419,7.4528,1.09517e-36,1.13634e+16,8.82271e+16,7.79178e+13,9.96684e+16,2.14114e+21,2.89319e+09
9.17958e+06,272494,2.3576e+07,8.85705e+26,6.84949e+27,8.72068e+10,0.0128213,7.42915e+35,0.03468,0.0485303,7.44649,1.09314e-36,1.13618e+16,8.82161e+16,7.79059e+13,9.96558e+16,2.16265e+21,2.89299e+09
9.22958e+06,272471,2.35751e+07,9.0021e+26,6.95816e+27,8.76793e+10,0.0128222,7.42626e+35,0.03468,0.0485187,7.44015,1.09111e-36,1.13602e+16,8.82051e+16,7.78939e+13,9.96431e+16,2.18423e+21,2.89278e+09
9.27958e+06,272447,2.35742e+07,9.14872e+26,7.06791e+27,8.81517e+10,0.0128232,7.42335e+35,0.03468,0.048507,7.43379,1.08906e-36,1.13585e+16,8.8194e+16,7.78819e+13,9.96304e+16,2.20589e+21,2.89257e+09
9.32958e+06,272423,2.35733e+07,9.29692e+26,7.17875e+27,8.86241e+10,0.0128241,7.42043e+35,0.03468,0.0484952,7.42739,1.08701e-36,1.13569e+16,8.81829e+16,7.78698e+13,9.96176e+16,2.22762e+21,2.89237e+09
9.37958e+06,272399,2.35723e+07,9.4467e+26,7.29068e+27,8.90965e+10,0.0128251,7.41749e+35,0.03468,0.0484834,7.42096,1.08495e-36,1.13552e+16,8.81717e+16,7.78576e+13,9.96048e+16,2.24942e+21,2.89216e+09
9.42958e+06,272375,2.35714e+07,9.59807e+26,7.40369e+27,8.95688e+10,0.0128261,7.41454e+35,0.03468,0.0484715,7.41451,1.08289e-36,1.13535e+16,8.81605e+16,7.78453e+13,9.95919e+16,2.2713e+21,2.89195e+09
9.47958e+06,272351,2.35705e+07,9.75104e+26,7.51781e+27,9.00411e+10,0.012827,7.41158e+35,0.03468,0.0484595,7.40802,1.08082e-36,1.13519e+16,8.81492e+16,7.7833e+13,9.95789e+16,2.29325e+21,2.89174e+09
9.52958e+06,272327,2.35695e+07,9.90562e+26,7.63302e+27,9.05133e+10,0.012828,7.4086e+35,0.03468,0.0484475,7.40151,1.07874e-36,1.13502e+16,8.81378e+16,7.78207e+13,9.95658e+16,2.31527e+21,2.89153e+09
9.57958e+06,272302,2.35686e+07,1.00618e+27,7.74934e+27,9.09855e+10,0.012829,7.40561e+35,0.03468,0.0484354,7.39497,1.07665e-36,1.13485e+16,8.81264e+16,7.78083e+13,9.95527e+16,2.33736e+21,2.89132e+09
9.62958e+06,272278,2.35677e+07,1.02196e+27,7.86676e+27,9.14577e+10,0.01283,7.4026e+35,0.03468,0.0484233,7.3884,1.07456e-36,1.13468e+16,8.81149e+16,7.77958e+13,9.95395e+16,2.35952e+21,2.8911e+09
9.67958e+06,272253,2.35667e+07,1.03791e+27,7.98529e+27,9.19298e+10,0.012831,7.39958e+35,0.03468,0.0484111,7.38181,1.07246e-36,1.13451e+16,8.81034e+16,7.77832e+13,9.95262e+16,2.38176e+21,2.89089e+09
9.72958e+06,272229,2.35658e+07,1.05402e+27,8.10494e+27,9.24018e+10,0.012832,7.39654e+35,0.03468,0.0483988,7.37518,1.07035e-36,1.13433e+16,8.80918e+16,7.77706e+13,9.95129e+16,2.40406e+21,2.89067e+09
9.77958e+06,272204,2.35648e+07,1.07029e+27,8.2257e+27,9.28739e+10,0.012833,7.39349e+35,0.03468,0.0483865,7.36853,1.06824e-36,1.13416e+16,8.80801e+16,7.77579e+13,9.94995e+16,2.42643e+21,2.89045e+09
9.82958e+06,272179,2.35638e+07,1.08673e+27,8.34758e+27,9.33459e+10,0.012834,7.39043e+35,0.03468,0.0483741,7.36185,1.06612e-36,1.13399e+16,8.80684e+16,7.77452e+13,9.94861e+16,2.44886e+21,2.89024e+09
9.87958e+06,272153,2.35629e+07,1.10334e+27,8.47059e+27,9.38178e+10,0.0128351,7.38735e+35,0.03468,0.0483617,7.35514,1.06399e-36,1.13381e+16,8.80567e+16,7.77324e+13,9.94725e+16,2.47137e+21,2.89002e+09
9.92958e+06,272128,2.35619e+07,1.12012e+27,8.59472e+27,9.42897e+10,0.0128361,7.38425e+35,0.03468,0.0483492,7.3484,1.06186e-36,1.13364e+16,8.80449e+16,7.77195e+13,9.94589e+16,2.49394e+21,2.8898e+09
9.97958e+06,272103,2.35609e+07,1.13706e+27,8.71998e+27,9.47615e+10,0.0128371,7.38115e+35,0.03468,0.0483366,7.34164,1.05972e-36,1.13346e+16,8.8033e+16,7.77066e+13,9.94453e+16,2.51657e+21,2.88958e+09
1.00296e+07,272077,2.35599e+07,1.15417e+27,8.84638e+27,9.52333e+10,0.0128381,7.37802e+35,0.03468,0.048324,7.33484,1.05757e-36,1.13328e+16,8.8021e+16,7.76936e+13,9.94316e+16,2.53928e+21,2.88935e+09
1.00796e+07,272052,2.35589e+07,1.17145e+27,8.97391e+27,9.57051e+10,0.0128392,7.37489e+35,0.03468,0.0483114,7.32802,1.05542e-36,1.13311e+16,8.8009e+16,7.76806e+13,9.94178e+16,2.56204e+21,2.88913e+09
1.01296e+07,272026,2.35579e+07,1.1889e+27,9.10259e+27,9.61768e+10,0.0128402,7.37174e+35,0.03468,0.0482986,7.32118,1.05326e-36,1.13293e+16,8.7997e+16,7.76674e+13,9.94039e+16,2.58487e+21,2.88891e+09
1.01796e+07,272000,2.35569e+07,1.20653e+27,9.2324e+27,9.66485e+10,0.0128413,7.36857e+35,0.03468,0.0482858,7.3143,1.0511e-36,1.13275e+16,8.79849e+16,7.76543e+13,9.939e+16,2.60777e+21,2.88868e+09
1.02296e+07,271974,2.35559e+07,1.22432e+27,9.36336e+27,9.71201e+10,0.0128423,7.36539e+35,0.03468,0.048273,7.3074,1.04893e-36,1.13257e+16,8.79727e+16,7.7641e+13,9.9376e+16,2.63072e+21,2.88845e+09
1.02796e+07,271948,2.35549e+07,1.24229e+27,9.49548e+27,9.75917e+10,0.0128434,7.3622e+35,0.03468,0.0482601,7.30047,1.04675e-36,1.13238e+16,8.79605e+16,7.76277e+13,9.93619e+16,2.65374e+21,2.88822e+09
1.03296e+07,271921,2.35539e+07,1.26044e+27,9.62874e+27,9.80632e+10,0.0128445,7.35899e+35,0.03468,0.0482471,7.29352,1.04457e-36,1.1322e+16,8.79482e+16,7.76143e+13,9.93478e+16,2.67682e+21,2.888e+09
1.03796e+07,271895,2.35529e+07,1.27875e+27,9.76316e+27,9.85347e+10,0.0128455,7.35577e+35,0.03468,0.0482341,7.28653,1.04238e-36,1.13202e+16,8.79358e+16,7.76009e+13,9.93336e+16,2.69996e+21,2.88777e+09
1.04296e+07,271868,2.35519e+07,1.29725e+27,9.89874e+27,9.90062e+10,0.0128466,7.35254e+35,0.03468,0.048221,7.27952,1.04019e-36,1.13183e+16,8.79234e+16,7.75874e+13,9.93194e+16,2.72315e+21,2.88753e+09
1.05568e+07,271800,2.35492e+07,1.3451e+27,1.0249e+28,1.00206e+11,0.0128494,7.34424e+35,0.03468,0.0481874,7.26156,1.03458e-36,1.13136e+16,8.78916e+16,7.75528e+13,9.92828e+16,2.78245e+21,2.8873e+09
1.0826e+07,271654,2.35436e+07,1.4502e+27,1.10152e+28,1.02743e+11,0.0128553,7.32638e+35,0.03468,0.0481151,7.22299,1.02258e-36,1.13034e+16,8.7823e+16,7.74783e+13,9.9204e+16,2.90915e+21,2.88707e+09
1.1319e+07,271375,2.35328e+07,1.65644e+27,1.25072e+28,1.07385e+11,0.0128666,7.29264e+35,0.03468,0.0479782,7.15042,1.00022e-36,1.12842e+16,8.76931e+16,7.73371e+13,9.90546e+16,3.14508e+21,2.88683e+09
1.21259e+07,270893,2.35143e+07,2.0344e+27,1.52042e+28,1.14972e+11,0.0128862,7.23454e+35,0.03468,0.0477419,7.02638,9.6262e-37,1.12508e+16,8.74682e+16,7.70931e+13,9.8796e+16,3.54088e+21,2.8866e+09
1.33396e+07,270107,2.34839e+07,2.70379e+27,1.98721e+28,1.26359e+11,0.0129182,7.14063e+35,0.03468,0.0473582,6.82838,9.04218e-37,1.11964e+16,8.71018e+16,7.66962e+13,9.83748e+16,4.15291e+21,2.88636e+09
1.50549e+07,268871,2.34363e+07,3.87609e+27,2.77517e+28,1.42392e+11,0.0129687,6.99515e+35,0.03468,0.0467599,6.52773,8.19323e-37,1.11111e+16,8.65273e+16,7.60753e+13,9.77145e+16,5.03469e+21,2.88612e+09
1.73734e+07,266974,2.33629e+07,5.93176e+27,4.08016e+28,1.63938e+11,0.013047,6.77651e+35,0.03468,0.0458513,6.08967,7.0372e-37,1.09808e+16,8.56478e+16,7.51273e+13,9.67037e+16,6.21296e+21,2.88589e+09
2.04115e+07,264103,2.32515e+07,9.55797e+27,6.18938e+28,1.91924e+11,0.0131671,6.45611e+35,0.03468,0.0444991,5.47744,5.58016e-37,1.07847e+16,8.43227e+16,7.37041e+13,9.51811e+16,7.63525e+21,2.88565e+09
2.43103e+07,259806,2.30835e+07,1.59913e+28,9.46655e+28,2.2736e+11,0.0133513,5.9989e+35,0.03468,0.0425238,4.66442,3.9252e-37,1.04938e+16,8.23514e+16,7.15975e+13,9.29168e+16,9.08189e+21,2.88541e+09
2.92466e+07,253434,2.28318e+07,2.74379e+28,1.42398e+29,2.71322e+11,0.0136345,5.36816e+35,0.03468,0.0397011,3.65812,2.30561e-37,1.00684e+16,7.94559e+16,6.85254e+13,8.95928e+16,1.00733e+22,2.88516e+09
3.42466e+07,246014,2.25342e+07,4.32839e+28,1.93165e+29,3.14657e+11,0.0139814,4.6999e+35,0.03468,0.0365682,2.73501,1.2197e-37,9.58188e+15,7.61241e+16,6.50218e+13,8.5771e+16,1.00492e+22,2.88492e+09
3.92466e+07,237735,2.21959e+07,6.38377e+28,2.41531e+29,3.56633e+11,0.0143925,4.03211e+35,0.03468,0.0332629,1.95598,5.8543e-38,9.0505e+15,7.2458e+16,6.12043e+13,8.15697e+16,9.15366e+21,2.88468e+09
4.42466e+07,228711,2.18194e+07,8.94094e+28,2.83883e+29,3.9711e+11,0.0148722,3.39052e+35,0.03468,0.029884,1.33881,2.55257e-38,8.48525e+15,6.85254e+16,5.71564e+13,7.70679e+16,7.70127e+21,2.88443e+09
4.92466e+07,219063,2.14075e+07,1.20184e+29,3.18301e+29,4.35969e+11,0.0154256,2.79519e+35,0.03468,0.0265223,0.877566,1.01237e-38,7.89709e+15,6.43956e+16,5.29609e+13,7.23456e+16,6.03591e+21,2.88418e+09
5.42466e+07,208912,2.0963e+07,1.56223e+29,3.44458e+29,4.73112e+11,0.0160588,2.25993e+35,0.03468,0.023257,0.551231,3.6574e-39,7.29666e+15,6.01365e+16,4.86973e+13,6.74818e+16,4.43812e+21,2.88394e+09
5.92466e+07,198380,2.04889e+07,1.97465e+29,3.63171e+29,5.08462e+11,0.0167786,1.79248e+35,0.03468,0.0201536,0.332028,1.2054e-39,6.69394e+15,5.58134e+16,4.44394e+13,6.25517e+16,3.08178e+21,2.88369e+09
6.42466e+07,187587,1.99884e+07,2.43736e+29,3.75859e+29,5.41962e+11,0.0175933,1.39517e+35,0.03468,0.0172619,0.191917,3.62987e-40,6.09801e+15,5.14873e+16,4.02532e+13,5.76255e+16,2.03531e+21,2.88344e+09
6.92466e+07,176646,1.94645e+07,2.94758e+29,3.84073e+29,5.73577e+11,0.0185119,1.06601e+35,0.03468,0.0146167,0.106528,1.00034e-40,5.51684e+15,4.72135e+16,3.61959e+13,5.27665e+16,1.28948e+21,2.88319e+09
7.42466e+07,165666,1.89203e+07,3.50161e+29,3.89201e+29,6.03291e+11,0.0195451,7.99838e+34,0.03468,0.0122383,0.0568262,2.52695e-41,4.95722e+15,4.30409e+16,3.2315e+13,4.80304e+16,7.92593e+20,2.88294e+09
7.92466e+07,154745,1.83591e+07,4.095e+29,3.92327e+29,6.31105e+11,0.0207053,5.89514e+34,0.03468,0.0101343,0.0291531,5.86059e-42,4.42467e+15,3.90112e+16,2.86479e+13,4.34645e+16,4.79781e+20,2.88268e+09
8.42466e+07,143975,1.77837e+07,4.72265e+29,3.94219e+29,6.57037e+11,0.0220063,4.26954e+34,0.03468,0.00830149,0.0143942,1.24988e-42,3.92343e+15,3.51586e+16,2.52222e+13,3.91073e+16,2.91438e+20,2.88243e+09
8.92466e+07,133436,1.71973e+07,5.37901e+29,3.95379e+29,6.8112e+11,0.0234643,3.0395e+34,0.03468,0.006728,0.00684477,2.45498e-43,3.45651e+15,3.15103e+16,2.20561e+13,3.49888e+16,1.81273e+20,2.88217e+09
9.42466e+07,123195,1.66025e+07,6.05822e+29,3.96114e+29,7.034e+11,0.0250977,2.1276e+34,0.03468,0.00539591,0.00313683,4.44744e-44,3.02581e+15,2.80859e+16,1.91595e+13,3.11309e+16,1.17334e+20,2.88151e+09
9.92466e+07,113313,1.60021e+07,6.75427e+29,3.966e+29,7.23933e+11,0.0269277,1.46476e+34,0.03468,0.00428317,0.00138629,7.44135e-45,2.63218e+15,2.48987e+16,1.65349e+13,2.75474e+16,7.95172e+19,2.88005e+09
1.04247e+08,103836,1.53986e+07,7.46111e+29,3.96936e+29,7.42786e+11,0.0289788,9.92082e+33,0.03468,0.00336553,0.000591143,1.15136e-45,2.27561e+15,2.19559e+16,1.41782e+13,2.42457e+16,5.61063e+19,2.87725e+09
1.09247e+08,94802.3,1.47945e+07,8.17282e+29,3.97176e+29,7.60033e+11,0.031279,6.61194e+33,0.03468,0.00261812,0.000243347,1.64918e-46,1.95531e+15,1.92592e+16,1.20805e+13,2.12266e+16,4.06849e+19,2.87237e+09
1.14247e+08,86239.7,1.41917e+07,8.88369e+29,3.97352e+29,7.75752e+11,0.033861,4.33706e+33,0.03468,0.00201661,9.6747e-05,2.18887e-47,1.66993e+15,1.68059e+16,1.02289e+13,1.84861e+16,2.98935e+19,2.86437e+09
1.19247e+08,78167.2,1.35924e+07,9.58831e+29,3.97481e+29,7.9032e+11,0.0367625,2.80035e+33,0.03468,0.00153811,3.71595e-05,2.69392e-48,1.41762e+15,1.45895e+16,8.6075e+12,1.60158e+16,2.2003e+19,2.85176e+09
1.24247e+08,70595.3,1.29984e+07,1.02817e+30,3.97576e+29,8.04619e+11,0.0400272,1.78002e+33,0.03468,0.00116174,1.37918e-05,3.07592e-49,1.19622e+15,1.26004e+16,7.19861e+12,1.38039e+16,1.60987e+19,2.83238e+09
1.29247e+08,63527.5,1.24113e+07,1.09592e+30,3.97645e+29,8.18677e+11,0.0437064,1.11391e+33,0.03468,0.000868961,4.9469e-06,3.25905e-50,1.00336e+15,1.08268e+16,5.98346e+12,1.18361e+16,1.1654e+19,2.80301e+09
1.34247e+08,56961.1,1.18324e+07,1.16169e+30,3.97695e+29,8.32486e+11,0.0478598,6.86258e+32,0.03468,0.000643652,1.71473e-06,3.2041e-51,8.36531e+14,9.25493e+15,4.94296e+12,1.00964e+16,8.32533e+18,2.75901e+09
1.39247e+08,50887.5,1.12632e+07,1.22511e+30,3.9773e+29,8.46042e+11,0.0525576,4.16195e+32,0.03468,0.000472103,5.74291e-07,2.92176e-52,6.9322e+14,7.87036e+15,4.05826e+12,8.56763e+15,5.86078e+18,2.69821e+09
1.44247e+08,45294.2,1.07047e+07,1.28588e+30,3.97755e+29,8.59337e+11,0.0578829,2.48432e+32,0.03468,0.000342855,1.85774e-07,2.4693e-53,5.70938e+14,6.65788e+15,3.31117e+12,7.23213e+15,4.06264e+18,2.62884e+09
1.49247e+08,40164.5,1.01577e+07,1.34375e+30,3.97772e+29,8.72367e+11,0.0639338,1.45919e+32,0.03468,0.000246491,5.80118e-08,1.93185e-54,4.67292e+14,5.6022e+15,2.68456e+12,6.07217e+15,2.77181e+18,2.55178e+09
1.54247e+08,35479.1,9.62312e+06,1.39853e+30,3.97783e+29,8.85125e+11,0.0708274,8.43059e+31,0.03468,0.000175393,1.74742e-08,1.39675e-55,3.80019e+14,4.68823e+15,2.16249e+12,5.07041e+15,1.86066e+18,2.46792e+09
1.59247e+08,31216.4,9.10152e+06,1.45007e+30,3.97791e+29,8.97607e+11,0.0787038,4.789e+31,0.03468,0.000123485,5.07208e-09,9.31214e-57,3.07013e+14,3.90137e+15,1.73039e+12,4.21011e+15,1.22847e+18,2.37819e+09
1.64247e+08,27353.4,8.59339e+06,1.49826e+30,3.97796e+29,9.09806e+11,0.087732,2.67311e+31,0.03468,8.59895e-05,1.41686e-09,5.70878e-58,2.46341e+14,3.22772e+15,1.37514e+12,3.47544e+15,7.97382e+17,2.28354e+09
1.69247e+08,23866.1,8.0991e+06,1.54305e+30,3.97799e+29,9.21718e+11,0.0981167,1.46505e+31,0.03468,5.91977e-05,3.80293e-10,3.20679e-59,1.96254e+14,2.65423e+15,1.08502e+12,2.85157e+15,5.08555e+17,2.18493e+09
1.74247e+08,20729.9,7.61891e+06,1.58442e+30,3.97801e+29,9.33338e+11,0.110108,7.87706e+30,0.03468,4.02665e-05,9.78825e-11,1.64346e-60,1.55184e+14,2.16875e+15,8.49692e+11,2.32479e+15,3.18479e+17,2.08333e+09
1.79247e+08,17920.4,7.15295e+06,1.62239e+30,3.97802e+29,9.4466e+11,0.124014,4.15023e+30,0.03468,2.70436e-05,2.41016e-11,7.64417e-62,1.21739e+14,1.76016e+15,6.60133e+11,1.88256e+15,1.9567e+17,1.97967e+09
1.84247e+08,15413.3,6.70129e+06,1.65703e+30,3.97803e+29,9.5568e+11,0.140216,2.13994e+30,0.03468,1.79186e-05,5.66091e-12,3.20655e-63,9.46984e+13,1.41832e+15,5.08538e+11,1.51353e+15,1.17817e+17,1.87483e+09
1.89247e+08,13184.9,6.26389e+06,1.68839e+30,3.97804e+29,9.66391e+11,0.159193,1.07812e+30,0.03468,1.17012e-05,1.26392e-12,1.20388e-64,7.29983e+13,1.13407e+15,3.88211e+11,1.20746e+15,6.94341e+16,1.76967e+09
1.94247e+08,11212.4,5.84066e+06,1.71661e+30,3.97804e+29,9.7679e+11,0.18155,5.29711e+29,0.03468,7.52182e-06,2.67139e-13,4.0088e-66,5.57206e+13,8.99251e+14,2.93453e+11,9.55265e+14,3.99888e+16,1.66496e+09
1.99247e+08,9473.84,5.43144e+06,1.74179e+30,3.97804e+29,9.86869e+11,0.208062,2.53237e+29,0.03468,4.75294e-06,5.31832e-14,1.17109e-67,4.20787e+13,7.06581e+14,2.19457e+11,7.48879e+14,2.24636e+16,1.56143e+09
2.04247e+08,7948.42,5.036e+06,1.7641e+30,3.97804e+29,9.96624e+11,0.23973,1.17474e+29,0.03468,2.94713e-06,9.91357e-15,2.96224e-69,3.14041e+13,5.49651e+14,1.62194e+11,5.81217e+14,1.228e+16,1.45972e+09
2.09247e+08,6616.43,4.65409e+06,1.78368e+30,3.97804e+29,1.00605e+12,0.27787,5.27049e+28,0.03468,1.78952e-06,1.71778e-15,0,2.31326e+13,4.22843e+14,1.18312e+11,4.46094e+14,6.5146e+15,1.36041e+09
2.14247e+08,5459.44,4.28538e+06,1.80071e+30,3.97804e+29,1.01513e+12,0.324239,2.27778e+28,0.03468,1.06141e-06,2.74275e-16,0,1.67918e+13,3.21261e+14,8.50451e+10,3.38138e+14,3.34248e+15,1.26397e+09
2.19247e+08,4460.19,3.92956e+06,1.81537e+30,3.97804e+29,1.02388e+12,0.381214,9.43632e+27,0.03468,6.13063e-07,3.99245e-17,0,1.19888e+13,2.40668e+14,6.01265e+10,2.52717e+14,1.65171e+15,1.17084e+09
2.24247e+08,3602.68,3.58625e+06,1.82784e+30,3.97804e+29,1.03227e+12,0.452088,3.72481e+27,0.03468,3.43528e-07,5.22884e-18,0,8.39899e+12,1.77413e+14,4.1711e+10,1.85854e+14,7.82076e+14,1.08134e+09
2.29247e+08,2872.08,3.25505e+06,1.83831e+30,3.97804e+29,1.04029e+12,0.541514,1.39044e+27,0.03468,1.85868e-07,6.06101e-19,0,5.75678e+12,1.28373e+14,2.83089e+10,1.34159e+14,3.52547e+14,9.95752e+08
2.34247e+08,2254.74,2.93558e+06,1.84697e+30,3.97804e+29,1.04795e+12,0.656246,4.86204e+26,0.03468,9.65264e-08,6.09025e-20,0,3.84603e+12,9.08889e+13,1.87268e+10,9.47537e+13,1.50072e+14,9.14273e+08
2.39247e+08,1738.11,2.62739e+06,1.854e+30,3.97804e+29,1.05523e+12,0.806384,1.57324e+26,0.03468,4.77479e-08,5.16501e-21,0,2.49257e+12,6.27081e+13,1.20169e+10,6.52127e+13,5.96944e+13,8.37041e+08
2.44247e+08,1310.69,2.33008e+06,1.8596e+30,3.97804e+29,1.0621e+12,1.00758,4.63571e+25,0.03468,2.22719e-08,3.56959e-22,0,1.55722e+12,4.19363e+13,7.43316e+09,4.3501e+13,2.18839e+13,7.64136e+08
2.49247e+08,961.947,2.0432e+06,1.86395e+30,3.97804e+29,1.06857e+12,1.28513,1.2173e+25,0.03468,9.66425e-09,1.91763e-23,0,9.29902e+11,2.69887e+13,4.39472e+09,2.7923e+13,7.25751e+12,6.95588e+08
2.54247e+08,682.278,1.76631e+06,1.86723e+30,3.97804e+29,1.07461e+12,1.68216,2.76443e+24,0.03468,3.82826e-09,7.49923e-25,0,5.24551e+11,1.65481e+13,2.45445e+09,1.70751e+13,2.1217e+12,6.31381e+08
2.59247e+08,462.897,1.49897e+06,1.8696e+30,3.97804e+29,1.0802e+12,2.27715,5.19878e+23,0.03468,1.34719e-09,1.94173e-26,0,2.74784e+11,9.52789e+12,1.27309e+09,9.80395e+12,5.26682e+11,5.71459e+08
2.64247e+08,295.764,1.24074e+06,1.87123e+30,3.97804e+29,1.08531e+12,3.22559,7.57912e+22,0.03468,4.04054e-10,2.88144e-28,0,1.30245e+11,5.03901e+12,5.97597e+08,5.16985e+12,1.04861e+11,5.15731e+08
2.69247e+08,173.493,991170,1.87227e+30,3.97804e+29,1.0899e+12,4.87308,7.6914e+21,0.03468,9.65273e-11,1.93675e-30,0,5.35369e+10,2.36129e+12,2.43379e+08,2.41507e+12,1.5256e+10,4.64081e+08
2.74247e+08,89.2362,749821,1.87287e+30,3.97804e+29,1.09393e+12,8.12556,4.47629e+20,0.03468,1.6261e-11,3.86044e-33,0,1.76775e+10,9.18797e+11,7.97114e+07,9.36554e+11,1.37145e+09,4.16367e+08
2.79247e+08,36.5315,516229,1.87317e+30,3.97804e+29,1.09733e+12,16.06,9.95277e+18,0.03468,1.49559e-12,9.39008e-37,0,3.98992e+09,2.58958e+11,1.79085e+07,2.62966e+11,5.35384e+07,3.72431e+08
2.84247e+08,11.9109,289593,1.87327e+30,3.97804e+29,1.09968e+12,55.4276,3.1268e+16,0.03468,4.82919e-14,3.09014e-42,0,6.16251e+08,4.73645e+10,1.77356e+06,4.79825e+10,584007,3.32101e+08
2.87045e+08,3.942,165973,1.87329e+30,3.97804e+29,1.10117e+12,179.346,1.20015e+14,0.03468,1.72443e-15,1.58097e-47,0,9.75841e+07,8.98412e+09,191357,9.08189e+09,7038.39,2.95194e+08
2.88552e+08,1.36821,100316,1.87329e+30,3.97804e+29,1.10205e+12,498.118,7.61124e+11,0.03468,7.98763e-17,2.44286e-52,0,1.67279e+07,1.88472e+09,25537.5,1.90147e+09,114.349,2.61523e+08
2.89649e+08,0.443312,66596.6,1.87329e+30,3.97804e+29,1.10265e+12,949.38,1.08506e+10,0.03468,5.02683e-18,2.27954e-56,0,2.55682e+06,4.05399e+08,4960.19,4.0796e+08,2.34939,2.30895e+08
2.90242e+08,0.157331,41033.7,1.87329e+30,3.97804e+29,1.10285e+12,2503.81,8.27385e+07,0.03468,2.57131e-19,5.28158e-61,0,454856,8.86493e+07,714.916,8.91049e+07,0.042825,2.03121e+08
2.90668e+08,0.0512045,22700.3,1.87329e+30,3.97804e+29,1.10299e+12,9062.12,229071,0.03468,7.83811e-21,1.31457e-66,0,70043.1,1.5961e+07,66.9604,1.60311e+07,0.000426113,1.7801e+08
2.90908e+08,0.0166253,12397.4,1.87329e+30,3.97804e+29,1.10304e+12,34253.9,564.131,0.03468,2.26393e-22,0,0,10743.2,2.83021e+06,5.95674,2.84096e+06,4.0027e-06,1.55377e+08
2.90919e+08,0.0152485,11958.2,1.87329e+30,3.97804e+29,1.10304e+12,36581.3,390.501,0.03468,1.79746e-22,0,0,9301.68,2.50386e+06,5.15641,2.51317e+06,2.91499e-06,1.3504e+08
2.90929e+08,0.0139568,11524.6,1.87329e+30,3.97804e+29,1.10304e+12,39127.8,267.953,0.03468,1.41928e-22,0,0,8025.96,2.20869e+06,4.44831,2.21672e+06,2.10687e-06,1.16826e+08
2.90939e+08,0.0127182,11086.3,1.87329e+30,3.97804e+29,1.10304e+12,41992.3,180.438,0.03468,1.10752e-22,0,0,6874.33,1.93613e+06,3.80924,1.94301e+06,1.49828e-06,1.00567e+08
2.90949e+08,0.011564,10654.9,1.87329e+30,3.97804e+29,1.10304e+12,45142.1,120.369,0.03468,8.59161e-23,0,0,5866.27,1.6919e+06,3.24999,1.69777e+06,1.05688e-06,8.61038e+07
2.90959e+08,0.010468,10221.4,1.87329e+30,3.97804e+29,1.10304e+12,48691.3,78.8019,0.03468,6.58678e-23,0,0,4969.26,1.46924e+06,2.75248,1.47421e+06,7.33518e-07,7.32858e+07
2.90969e+08,0.00943409,9787.41,1.87329e+30,3.97804e+29,1.10304e+12,52696.1,50.6281,0.03468,4.99054e-23,0,0,4178.48,1.26791e+06,2.31399,1.27209e+06,5.00901e-07,6.19707e+07
2.90979e+08,0.00846476,9354.64,1.87329e+30,3.97804e+29,1.10304e+12,57221.8,31.9213,0.03468,3.73679e-23,0,0,3487.73,1.08733e+06,1.93107,1.09082e+06,3.36548e-07,5.20246e+07
2.90989e+08,0.00756149,8924.54,1.87329e+30,3.97804e+29,1.10304e+12,62345,19.7517,0.03468,2.7652e-23,0,0,2889.78,926646,1.59968,929537,2.22483e-07,4.33227e+07
2.90999e+08,0.00670993,8490.7,1.87329e+30,3.97804e+29,1.10304e+12,68269.6,11.8817,0.03468,2.01033e-23,0,0,2368,782316,1.31058,784685,1.43542e-07,3.57482e+07
2.9101e+08,0.00591489,8055.64,1.87329e+30,3.97804e+29,1.10304e+12,75134.3,6.9487,0.03468,1.43589e-23,0,0,1919.09,654285,1.06192,656205,9.03844e-08,2.91929e+07
2.9102e+08,0.00517956,7621.78,1.87329e+30,3.97804e+29,1.10304e+12,83106.3,3.95077,0.03468,1.00761e-23,0,0,1538.18,542087,0.850971,543626,5.55444e-08,2.35564e+07
2.9103e+08,0.00450564,7191.37,1.87329e+30,3.97804e+29,1.10304e+12,92387.7,2.1838,0.03468,6.94671e-24,0,0,1219.3,444927,0.67443,446147,3.33135e-08,1.87458e+07
2.9104e+08,0.00388487,6760.31,1.87329e+30,3.97804e+29,1.10304e+12,103397,1.16256,0.03468,4.67755e-24,0,0,952.387,360632,0.52669,361585,1.93424e-08,1.46755e+07
2.9105e+08,0.00331279,6325.86,1.87329e+30,3.97804e+29,1.10304e+12,116693,0.590477,0.03468,3.05807e-24,0,0,730.311,287762,0.403802,288493,1.07842e-08,1.12665e+07
2.9106e+08,0.00279387,5892.12,1.87329e+30,3.97804e+29,1.10304e+12,132806,0.286141,0.03468,1.9412e-24,0,0,549.79,226047,0.303933,226597,5.77367e-09,8.44614e+06
2.9107e+08,0.00233032,5462.9,1.87329e+30,3.97804e+29,1.10304e+12,152418,0.132297,0.03468,1.19643e-24,0,0,406.33,174808,0.224587,175214,2.9683e-09,6.14772e+06
2.9108e+08,0.00191382,5032.38,1.87329e+30,3.97804e+29,1.10304e+12,176990,0.0572723,0.03468,7.07573e-25,0,0,292.653,132250,0.161728,132543,1.44181e-09,4.30971e+06
