X = 0.734
Y = 0.25
Z = 0.016
mu = 0.601142
Radius,Density,Temp,Mass,Lum,OptD,Kff,KH,Kes,PP,CNO,3a,Deg,Gas,Rad,TotPres, dLdr, dPdT
0,0,0,0,0,0,-nan,0,0.03468,0,0,0,0,0,0,0,0,0
100,134857,8.3946e+06,564887,218.08,39229.2,0.290895,4.80802e+31,0.03468,0.000386055,4.38443e-09,4.95481e-57,3.51809e+15,1.55451e+16,1.25225e+12,1.90644e+16,6.54239e+06,2.17698e+09
100427,134857,8.3946e+06,5.72156e+20,2.20886e+17,3.9358e+09,0.290896,4.808e+31,0.03468,0.000386053,4.38438e-09,4.95468e-57,3.51808e+15,1.55451e+16,1.25224e+12,1.90644e+16,6.59837e+12,2.17697e+09
200683,134856,8.39458e+06,4.56554e+21,1.76256e+18,7.86876e+09,0.290897,4.80792e+31,0.03468,0.00038605,4.38423e-09,4.95429e-57,3.51806e+15,1.5545e+16,1.25224e+12,1.90643e+16,2.63482e+13,2.17696e+09
301911,134855,8.39456e+06,1.55451e+22,6.00123e+18,1.18398e+10,0.290898,4.80779e+31,0.03468,0.000386043,4.38396e-09,4.95364e-57,3.51803e+15,1.55449e+16,1.25222e+12,1.90641e+16,5.96316e+13,2.17694e+09
403027,134854,8.39453e+06,3.69793e+22,1.42758e+19,1.58066e+10,0.2909,4.8076e+31,0.03468,0.000386034,4.3836e-09,4.95273e-57,3.51798e+15,1.55447e+16,1.2522e+12,1.90639e+16,1.06261e+14,2.1769e+09
504279,134853,8.39449e+06,7.2438e+22,2.79639e+19,1.97786e+10,0.290903,4.80737e+31,0.03468,0.000386022,4.38312e-09,4.95156e-57,3.51792e+15,1.55444e+16,1.25218e+12,1.90636e+16,1.66352e+14,2.17686e+09
606322,134851,8.39444e+06,1.2591e+23,4.86052e+19,2.37816e+10,0.290907,4.80707e+31,0.03468,0.000386008,4.38254e-09,4.95012e-57,3.51784e+15,1.55441e+16,1.25215e+12,1.90632e+16,2.40477e+14,2.17681e+09
707552,134849,8.39438e+06,2.00088e+23,7.72382e+19,2.77528e+10,0.290911,4.80673e+31,0.03468,0.000385991,4.38185e-09,4.94842e-57,3.51775e+15,1.55438e+16,1.25211e+12,1.90628e+16,3.27459e+14,2.17675e+09
809396,134847,8.39431e+06,2.9952e+23,1.15617e+20,3.1748e+10,0.290916,4.80633e+31,0.03468,0.000385972,4.38106e-09,4.94645e-57,3.51765e+15,1.55434e+16,1.25207e+12,1.90623e+16,4.28482e+14,2.17668e+09
912169,134844,8.39423e+06,4.28708e+23,1.6548e+20,3.57797e+10,0.290921,4.80587e+31,0.03468,0.000385949,4.38015e-09,4.9442e-57,3.51753e+15,1.55429e+16,1.25203e+12,1.90617e+16,5.4416e+14,2.17651e+09
1.02157e+06,134841,8.39413e+06,6.02196e+23,2.32435e+20,4.00715e+10,0.290928,4.80533e+31,0.03468,0.000385922,4.37906e-09,4.9415e-57,3.51738e+15,1.55424e+16,1.25197e+12,1.9061e+16,6.82455e+14,2.17636e+09
1.20559e+06,134834,8.39395e+06,9.89735e+23,3.81987e+20,4.72904e+10,0.29094,4.80427e+31,0.03468,0.00038587,4.37694e-09,4.93629e-57,3.51711e+15,1.55413e+16,1.25186e+12,1.90597e+16,9.50293e+14,2.17612e+09
1.36119e+06,134828,8.39377e+06,1.42449e+24,5.49738e+20,5.33942e+10,0.290953,4.80324e+31,0.03468,0.00038582,4.37489e-09,4.93121e-57,3.51684e+15,1.55402e+16,1.25175e+12,1.90583e+16,1.2112e+15,2.17577e+09
1.57098e+06,134818,8.3935e+06,2.18978e+24,8.44975e+20,6.16241e+10,0.290972,4.80165e+31,0.03468,0.000385742,4.37172e-09,4.92339e-57,3.51642e+15,1.55386e+16,1.25159e+12,1.90563e+16,1.61288e+15,2.17523e+09
1.84519e+06,134804,8.39308e+06,3.54799e+24,1.36882e+21,7.23808e+10,0.291,4.79923e+31,0.03468,0.000385623,4.36691e-09,4.91152e-57,3.51578e+15,1.55362e+16,1.25134e+12,1.90532e+16,2.22414e+15,2.17442e+09
2.19601e+06,134782,8.39244e+06,5.98029e+24,2.30655e+21,8.61429e+10,0.291044,4.79557e+31,0.03468,0.000385443,4.35962e-09,4.8936e-57,3.51482e+15,1.55324e+16,1.25096e+12,1.90485e+16,3.1483e+15,2.17323e+09
2.63842e+06,134748,8.39148e+06,1.03701e+25,3.998e+21,1.03497e+11,0.29111,4.79006e+31,0.03468,0.000385172,4.34866e-09,4.86669e-57,3.51337e+15,1.55268e+16,1.25039e+12,1.90415e+16,4.54026e+15,2.17183e+09
3.13842e+06,134703,8.39019e+06,1.74502e+25,6.72373e+21,1.2311e+11,0.291198,4.78262e+31,0.03468,0.000384806,4.3339e-09,4.83059e-57,3.51141e+15,1.55192e+16,1.24962e+12,1.90319e+16,6.41588e+15,2.1702e+09
3.63842e+06,134650,8.38868e+06,2.71833e+25,1.0467e+22,1.42723e+11,0.291303,4.77392e+31,0.03468,0.000384377,4.31666e-09,4.78858e-57,3.50912e+15,1.55104e+16,1.24872e+12,1.90207e+16,8.61005e+15,2.16835e+09
4.13842e+06,134590,8.38694e+06,3.999e+25,1.53865e+22,1.62335e+11,0.291422,4.76394e+31,0.03468,0.000383886,4.29695e-09,4.74083e-57,3.50649e+15,1.55002e+16,1.24768e+12,1.90079e+16,1.11198e+16,2.16629e+09
4.63842e+06,134522,8.38497e+06,5.62893e+25,2.16391e+22,1.81946e+11,0.291558,4.75272e+31,0.03468,0.000383332,4.27482e-09,4.68752e-57,3.50353e+15,1.54887e+16,1.24651e+12,1.89935e+16,1.39419e+16,2.164e+09
5.13842e+06,134446,8.38279e+06,7.64993e+25,2.93801e+22,2.01556e+11,0.291708,4.74024e+31,0.03468,0.000382717,4.25031e-09,4.62884e-57,3.50023e+15,1.54759e+16,1.24522e+12,1.89774e+16,1.70725e+16,2.16149e+09
5.63842e+06,134362,8.38038e+06,1.01037e+26,3.87627e+22,2.21165e+11,0.291875,4.72654e+31,0.03468,0.000382039,4.22345e-09,4.56502e-57,3.49661e+15,1.54618e+16,1.24379e+12,1.89597e+16,2.05076e+16,2.15877e+09
6.13842e+06,134271,8.37775e+06,1.30317e+26,4.9938e+22,2.40774e+11,0.292057,4.7116e+31,0.03468,0.000381301,4.1943e-09,4.49629e-57,3.49265e+15,1.54465e+16,1.24222e+12,1.89404e+16,2.42425e+16,2.15583e+09
6.63842e+06,134172,8.3749e+06,1.64753e+26,6.30549e+22,2.60381e+11,0.292254,4.69545e+31,0.03468,0.000380501,4.16291e-09,4.4229e-57,3.48836e+15,1.54299e+16,1.24053e+12,1.89195e+16,2.82724e+16,2.15267e+09
7.13842e+06,134066,8.37183e+06,2.04757e+26,7.82594e+22,2.79987e+11,0.292467,4.6781e+31,0.03468,0.000379641,4.12932e-09,4.34512e-57,3.48375e+15,1.5412e+16,1.23871e+12,1.88969e+16,3.25919e+16,2.1493e+09
7.63842e+06,133951,8.36853e+06,2.50738e+26,9.56949e+22,2.99591e+11,0.292696,4.65957e+31,0.03468,0.000378721,4.0936e-09,4.26322e-57,3.47881e+15,1.53928e+16,1.23676e+12,1.88728e+16,3.71953e+16,2.14571e+09
8.13842e+06,133830,8.36501e+06,3.03105e+26,1.15502e+23,3.19195e+11,0.292941,4.63987e+31,0.03468,0.000377741,4.05581e-09,4.17749e-57,3.47354e+15,1.53723e+16,1.23469e+12,1.88471e+16,4.20767e+16,2.14191e+09
8.63842e+06,133700,8.36127e+06,3.62264e+26,1.37818e+23,3.38797e+11,0.293201,4.61901e+31,0.03468,0.000376703,4.01601e-09,4.08822e-57,3.46795e+15,1.53506e+16,1.23248e+12,1.88198e+16,4.72296e+16,2.1379e+09
9.13842e+06,133564,8.35732e+06,4.28617e+26,1.62777e+23,3.58397e+11,0.293477,4.59701e+31,0.03468,0.000375605,3.97427e-09,3.99573e-57,3.46204e+15,1.53277e+16,1.23015e+12,1.87909e+16,5.26473e+16,2.13368e+09
9.63842e+06,133419,8.35314e+06,5.02565e+26,1.9051e+23,3.77996e+11,0.293769,4.57389e+31,0.03468,0.000374449,3.93066e-09,3.90031e-57,3.45581e+15,1.53034e+16,1.22769e+12,1.87605e+16,5.83227e+16,2.12925e+09
1.01384e+07,133268,8.34874e+06,5.84506e+26,2.21144e+23,3.97593e+11,0.294076,4.54967e+31,0.03468,0.000373236,3.88525e-09,3.80229e-57,3.44926e+15,1.5278e+16,1.22511e+12,1.87285e+16,6.42485e+16,2.12461e+09
1.06384e+07,133108,8.34412e+06,6.74837e+26,2.54802e+23,4.17188e+11,0.2944,4.52436e+31,0.03468,0.000371966,3.83811e-09,3.70197e-57,3.44239e+15,1.52513e+16,1.2224e+12,1.86949e+16,7.04169e+16,2.11976e+09
1.11384e+07,132942,8.33928e+06,7.73948e+26,2.91603e+23,4.36781e+11,0.29474,4.49799e+31,0.03468,0.000370639,3.78933e-09,3.59968e-57,3.43521e+15,1.52234e+16,1.21956e+12,1.86598e+16,7.682e+16,2.11471e+09
1.16384e+07,132768,8.33423e+06,8.82232e+26,3.31663e+23,4.56372e+11,0.295095,4.47058e+31,0.03468,0.000369257,3.73897e-09,3.49573e-57,3.42772e+15,1.51942e+16,1.21661e+12,1.86231e+16,8.34495e+16,2.10945e+09
1.21384e+07,132586,8.32895e+06,1.00007e+27,3.75092e+23,4.75961e+11,0.295467,4.44214e+31,0.03468,0.00036782,3.68712e-09,3.39043e-57,3.41992e+15,1.51638e+16,1.21353e+12,1.8585e+16,9.02969e+16,2.104e+09
1.26384e+07,132397,8.32346e+06,1.12785e+27,4.21999e+23,4.95549e+11,0.295854,4.41271e+31,0.03468,0.000366329,3.63387e-09,3.28409e-57,3.41181e+15,1.51323e+16,1.21034e+12,1.85453e+16,9.73533e+16,2.09834e+09
1.31384e+07,132201,8.31775e+06,1.26596e+27,4.72484e+23,5.15133e+11,0.296258,4.3823e+31,0.03468,0.000364784,3.57929e-09,3.17701e-57,3.40339e+15,1.50995e+16,1.20702e+12,1.85041e+16,1.0461e+17,2.09248e+09
1.36384e+07,131998,8.31183e+06,1.41475e+27,5.26646e+23,5.34716e+11,0.296678,4.35094e+31,0.03468,0.000363187,3.52347e-09,3.06949e-57,3.39467e+15,1.50655e+16,1.20358e+12,1.84614e+16,1.12057e+17,2.08643e+09
1.41384e+07,131788,8.30569e+06,1.57462e+27,5.84577e+23,5.54296e+11,0.297114,4.31865e+31,0.03468,0.000361537,3.46649e-09,2.96181e-57,3.38565e+15,1.50304e+16,1.20003e+12,1.84173e+16,1.19686e+17,2.08018e+09
1.46384e+07,131570,8.29933e+06,1.74593e+27,6.46367e+23,5.73874e+11,0.297567,4.28545e+31,0.03468,0.000359836,3.40845e-09,2.85426e-57,3.37634e+15,1.49941e+16,1.19636e+12,1.83716e+16,1.27486e+17,2.07375e+09
1.51384e+07,131345,8.29276e+06,1.92904e+27,7.12098e+23,5.93449e+11,0.298036,4.25138e+31,0.03468,0.000358085,3.34941e-09,2.7471e-57,3.36673e+15,1.49566e+16,1.19258e+12,1.83245e+16,1.35449e+17,2.06711e+09
1.56384e+07,131113,8.28598e+06,2.12432e+27,7.81849e+23,6.13021e+11,0.298521,4.21645e+31,0.03468,0.000356285,3.28949e-09,2.64058e-57,3.35682e+15,1.4918e+16,1.18868e+12,1.8276e+16,1.43563e+17,2.06029e+09
1.61384e+07,130874,8.27898e+06,2.33211e+27,8.55693e+23,6.32591e+11,0.299023,4.1807e+31,0.03468,0.000354435,3.22874e-09,2.53495e-57,3.34663e+15,1.48782e+16,1.18467e+12,1.8226e+16,1.51819e+17,2.05329e+09
1.66384e+07,130628,8.27177e+06,2.55278e+27,9.337e+23,6.52158e+11,0.299541,4.14414e+31,0.03468,0.000352538,3.16728e-09,2.43044e-57,3.33615e+15,1.48373e+16,1.18055e+12,1.81747e+16,1.60207e+17,2.0461e+09
1.71384e+07,130375,8.26435e+06,2.78668e+27,1.01593e+24,6.71722e+11,0.300077,4.10681e+31,0.03468,0.000350594,3.10517e-09,2.32727e-57,3.32539e+15,1.47953e+16,1.17632e+12,1.81219e+16,1.68715e+17,2.03872e+09
1.76384e+07,130115,8.25671e+06,3.03414e+27,1.10244e+24,6.91282e+11,0.300629,4.06873e+31,0.03468,0.000348604,3.04251e-09,2.22564e-57,3.31435e+15,1.47522e+16,1.17198e+12,1.80677e+16,1.77335e+17,2.03117e+09
1.81384e+07,129848,8.24887e+06,3.2955e+27,1.19329e+24,7.1084e+11,0.301197,4.02994e+31,0.03468,0.000346569,2.97938e-09,2.12573e-57,3.30303e+15,1.47079e+16,1.16753e+12,1.80121e+16,1.86054e+17,2.02343e+09
1.86384e+07,129575,8.24081e+06,3.57111e+27,1.28853e+24,7.30395e+11,0.301783,3.99045e+31,0.03468,0.00034449,2.91586e-09,2.02772e-57,3.29144e+15,1.46626e+16,1.16298e+12,1.79552e+16,1.94863e+17,2.01552e+09
1.91384e+07,129294,8.23255e+06,3.86128e+27,1.38818e+24,7.49946e+11,0.302386,3.9503e+31,0.03468,0.000342368,2.85204e-09,1.93177e-57,3.27958e+15,1.46162e+16,1.15832e+12,1.78969e+16,2.0375e+17,2.00744e+09
1.96384e+07,129007,8.22408e+06,4.16635e+27,1.4923e+24,7.69494e+11,0.303005,3.90952e+31,0.03468,0.000340204,2.788e-09,1.83802e-57,3.26745e+15,1.45687e+16,1.15356e+12,1.78373e+16,2.12706e+17,1.99919e+09
2.01384e+07,128713,8.2154e+06,4.48664e+27,1.60092e+24,7.89038e+11,0.303642,3.86813e+31,0.03468,0.000337998,2.72381e-09,1.7466e-57,3.25505e+15,1.45202e+16,1.1487e+12,1.77764e+16,2.21719e+17,1.99076e+09
2.06384e+07,128413,8.20651e+06,4.82245e+27,1.71405e+24,8.08579e+11,0.304296,3.82616e+31,0.03468,0.000335753,2.65955e-09,1.65762e-57,3.2424e+15,1.44707e+16,1.14373e+12,1.77142e+16,2.30778e+17,1.98217e+09
2.11384e+07,128106,8.19742e+06,5.17411e+27,1.83172e+24,8.28117e+11,0.304968,3.78365e+31,0.03468,0.000333468,2.59531e-09,1.57117e-57,3.22949e+15,1.44201e+16,1.13867e+12,1.76507e+16,2.39873e+17,1.97342e+09
2.16384e+07,127792,8.18813e+06,5.54191e+27,1.95395e+24,8.4765e+11,0.305656,3.74062e+31,0.03468,0.000331146,2.53115e-09,1.48734e-57,3.21633e+15,1.43685e+16,1.13352e+12,1.75859e+16,2.48994e+17,1.96451e+09
2.21384e+07,127472,8.17863e+06,5.92615e+27,2.08074e+24,8.6718e+11,0.306363,3.6971e+31,0.03468,0.000328786,2.46715e-09,1.4062e-57,3.20291e+15,1.43158e+16,1.12827e+12,1.75199e+16,2.58128e+17,1.95543e+09
2.26384e+07,127146,8.16892e+06,6.32713e+27,2.2121e+24,8.86706e+11,0.307087,3.65312e+31,0.03468,0.00032639,2.40337e-09,1.3278e-57,3.18926e+15,1.42622e+16,1.12292e+12,1.74526e+16,2.67267e+17,1.9462e+09
2.31384e+07,126813,8.15901e+06,6.74513e+27,2.34803e+24,9.06228e+11,0.307829,3.60871e+31,0.03468,0.00032396,2.33989e-09,1.25219e-57,3.17536e+15,1.42077e+16,1.11748e+12,1.73841e+16,2.76399e+17,1.93682e+09
2.36384e+07,126474,8.14891e+06,7.18044e+27,2.48852e+24,9.25746e+11,0.308588,3.5639e+31,0.03468,0.000321496,2.27677e-09,1.17938e-57,3.16122e+15,1.41521e+16,1.11196e+12,1.73145e+16,2.85514e+17,1.92729e+09
2.41384e+07,126129,8.1386e+06,7.63334e+27,2.63356e+24,9.45259e+11,0.309366,3.51871e+31,0.03468,0.000318999,2.21408e-09,1.10941e-57,3.14685e+15,1.40956e+16,1.10634e+12,1.72436e+16,2.94601e+17,1.91761e+09
2.46384e+07,125777,8.12809e+06,8.10409e+27,2.78314e+24,9.64769e+11,0.310162,3.47319e+31,0.03468,0.00031647,2.15186e-09,1.04227e-57,3.13225e+15,1.40382e+16,1.10064e+12,1.71716e+16,3.03651e+17,1.90778e+09
2.51384e+07,125420,8.11738e+06,8.59296e+27,2.93724e+24,9.84274e+11,0.310975,3.42735e+31,0.03468,0.000313911,2.0902e-09,9.7796e-58,3.11742e+15,1.39799e+16,1.09485e+12,1.70984e+16,3.12652e+17,1.89781e+09
2.56384e+07,125056,8.10648e+06,9.10021e+27,3.09582e+24,1.00377e+12,0.311808,3.38122e+31,0.03468,0.000311323,2.02913e-09,9.16459e-58,3.10238e+15,1.39206e+16,1.08898e+12,1.70241e+16,3.21597e+17,1.8877e+09
2.61384e+07,124687,8.09538e+06,9.62609e+27,3.25885e+24,1.02327e+12,0.312658,3.33484e+31,0.03468,0.000308706,1.96871e-09,8.57744e-58,3.08711e+15,1.38605e+16,1.08303e+12,1.69487e+16,3.30473e+17,1.87745e+09
2.66384e+07,124311,8.08408e+06,1.01708e+28,3.42631e+24,1.04276e+12,0.313527,3.28823e+31,0.03468,0.000306062,1.90899e-09,8.01779e-58,3.07163e+15,1.37994e+16,1.07699e+12,1.68722e+16,3.39273e+17,1.86707e+09
2.71384e+07,123930,8.07259e+06,1.07347e+28,3.59815e+24,1.06225e+12,0.314415,3.24142e+31,0.03468,0.000303392,1.85002e-09,7.48524e-58,3.05594e+15,1.37376e+16,1.07088e+12,1.67946e+16,3.47986e+17,1.85656e+09
2.76384e+07,123543,8.06091e+06,1.1318e+28,3.77432e+24,1.08173e+12,0.315322,3.19444e+31,0.03468,0.000300697,1.79184e-09,6.97927e-58,3.04005e+15,1.36748e+16,1.0647e+12,1.67159e+16,3.56603e+17,1.84592e+09
2.81384e+07,123150,8.04903e+06,1.19208e+28,3.95477e+24,1.10121e+12,0.316247,3.14731e+31,0.03468,0.000297978,1.73449e-09,6.49933e-58,3.02395e+15,1.36113e+16,1.05844e+12,1.66363e+16,3.65115e+17,1.83516e+09
2.86384e+07,122751,8.03696e+06,1.25434e+28,4.13946e+24,1.12068e+12,0.317192,3.10007e+31,0.03468,0.000295237,1.67802e-09,6.04481e-58,3.00766e+15,1.35469e+16,1.0521e+12,1.65556e+16,3.73514e+17,1.82427e+09
2.91384e+07,122347,8.02471e+06,1.31861e+28,4.32831e+24,1.14015e+12,0.318156,3.05274e+31,0.03468,0.000292474,1.62246e-09,5.61502e-58,2.99118e+15,1.34817e+16,1.0457e+12,1.64739e+16,3.8179e+17,1.81326e+09
2.96384e+07,121938,8.01226e+06,1.38489e+28,4.52127e+24,1.15961e+12,0.319139,3.00534e+31,0.03468,0.00028969,1.56784e-09,5.20926e-58,2.9745e+15,1.34157e+16,1.03923e+12,1.63912e+16,3.89936e+17,1.80214e+09
3.01384e+07,121523,7.99962e+06,1.45322e+28,4.71827e+24,1.17907e+12,0.320142,2.95791e+31,0.03468,0.000286887,1.5142e-09,4.82677e-58,2.95765e+15,1.33489e+16,1.03269e+12,1.63076e+16,3.97943e+17,1.7909e+09
3.06384e+07,121102,7.9868e+06,1.52362e+28,4.91924e+24,1.19852e+12,0.321164,2.91047e+31,0.03468,0.000284066,1.46155e-09,4.46678e-58,2.94061e+15,1.32814e+16,1.02608e+12,1.62231e+16,4.05804e+17,1.77955e+09
3.11384e+07,120676,7.9738e+06,1.59609e+28,5.1241e+24,1.21796e+12,0.322206,2.86304e+31,0.03468,0.000281228,1.40993e-09,4.12847e-58,2.9234e+15,1.32132e+16,1.01941e+12,1.61376e+16,4.1351e+17,1.7681e+09
3.16384e+07,120245,7.9606e+06,1.67067e+28,5.33277e+24,1.23741e+12,0.323268,2.81565e+31,0.03468,0.000278374,1.35936e-09,3.81102e-58,2.90602e+15,1.31442e+16,1.01268e+12,1.60513e+16,4.21054e+17,1.75654e+09
3.21384e+07,119809,7.94723e+06,1.74736e+28,5.54518e+24,1.25684e+12,0.32435,2.76832e+31,0.03468,0.000275505,1.30986e-09,3.5136e-58,2.88848e+15,1.30745e+16,1.0059e+12,1.5964e+16,4.2843e+17,1.74488e+09
3.26384e+07,119368,7.93367e+06,1.82619e+28,5.76123e+24,1.27627e+12,0.325452,2.72108e+31,0.03468,0.000272622,1.26144e-09,3.23536e-58,2.87077e+15,1.30042e+16,9.9905e+11,1.58759e+16,4.35631e+17,1.73312e+09
3.31384e+07,118922,7.91993e+06,1.90717e+28,5.98083e+24,1.29569e+12,0.326575,2.67396e+31,0.03468,0.000269726,1.21412e-09,2.97544e-58,2.8529e+15,1.29331e+16,9.92148e+11,1.5787e+16,4.42649e+17,1.72126e+09
3.36384e+07,118471,7.90602e+06,1.99032e+28,6.2039e+24,1.31511e+12,0.327719,2.62697e+31,0.03468,0.000266819,1.16791e-09,2.73301e-58,2.83489e+15,1.28614e+16,9.85192e+11,1.56973e+16,4.4948e+17,1.70931e+09
3.41384e+07,118014,7.89192e+06,2.07565e+28,6.43034e+24,1.33452e+12,0.328883,2.58013e+31,0.03468,0.000263902,1.12282e-09,2.50721e-58,2.81672e+15,1.27891e+16,9.78185e+11,1.56068e+16,4.56116e+17,1.69728e+09
3.46384e+07,117554,7.87765e+06,2.16317e+28,6.66005e+24,1.35393e+12,0.330068,2.53348e+31,0.03468,0.000260974,1.07887e-09,2.29721e-58,2.79841e+15,1.27161e+16,9.71128e+11,1.55155e+16,4.62553e+17,1.68515e+09
3.51384e+07,117088,7.8632e+06,2.2529e+28,6.89292e+24,1.37333e+12,0.331274,2.48702e+31,0.03468,0.000258039,1.03604e-09,2.10219e-58,2.77996e+15,1.26425e+16,9.64022e+11,1.54234e+16,4.68785e+17,1.67295e+09
3.56384e+07,116618,7.84857e+06,2.34486e+28,7.12886e+24,1.39272e+12,0.332501,2.44079e+31,0.03468,0.000255096,9.94358e-10,1.92135e-58,2.76138e+15,1.25683e+16,9.56871e+11,1.53306e+16,4.74807e+17,1.66066e+09
3.61384e+07,116143,7.83378e+06,2.43905e+28,7.36776e+24,1.41211e+12,0.33375,2.39479e+31,0.03468,0.000252147,9.5381e-10,1.75389e-58,2.74267e+15,1.24935e+16,9.49676e+11,1.52371e+16,4.80615e+17,1.6483e+09
3.66384e+07,115664,7.81881e+06,2.53548e+28,7.60951e+24,1.43149e+12,0.335021,2.34906e+31,0.03468,0.000249193,9.14401e-10,1.59905e-58,2.72383e+15,1.24182e+16,9.42438e+11,1.5143e+16,4.86203e+17,1.63586e+09
3.71384e+07,115180,7.80367e+06,2.63418e+28,7.854e+24,1.45086e+12,0.336313,2.30361e+31,0.03468,0.000246235,8.76125e-10,1.45609e-58,2.70488e+15,1.23423e+16,9.3516e+11,1.50481e+16,4.91569e+17,1.62335e+09
3.76384e+07,114692,7.78836e+06,2.73514e+28,8.10112e+24,1.47023e+12,0.337628,2.25846e+31,0.03468,0.000243273,8.38979e-10,1.32427e-58,2.6858e+15,1.22659e+16,9.27843e+11,1.49526e+16,4.96708e+17,1.61078e+09
3.81384e+07,114200,7.77288e+06,2.83837e+28,8.35075e+24,1.48959e+12,0.338964,2.21362e+31,0.03468,0.000240309,8.02956e-10,1.2029e-58,2.66662e+15,1.2189e+16,9.2049e+11,1.48565e+16,5.01617e+17,1.59814e+09
3.86384e+07,113703,7.75724e+06,2.94389e+28,8.60277e+24,1.50894e+12,0.340323,2.16911e+31,0.03468,0.000237344,7.68049e-10,1.09131e-58,2.64733e+15,1.21116e+16,9.13102e+11,1.47598e+16,5.06293e+17,1.58543e+09
3.91384e+07,113203,7.74143e+06,3.05171e+28,8.85708e+24,1.52829e+12,0.341705,2.12496e+31,0.03468,0.000234379,7.34246e-10,9.88855e-59,2.62793e+15,1.20337e+16,9.05681e+11,1.46625e+16,5.10733e+17,1.57267e+09
3.96384e+07,112698,7.72546e+06,3.16182e+28,9.11355e+24,1.54763e+12,0.34311,2.08117e+31,0.03468,0.000231414,7.01538e-10,8.94921e-59,2.60844e+15,1.19553e+16,8.9823e+11,1.45647e+16,5.14934e+17,1.55986e+09
4.01384e+07,112190,7.70932e+06,3.27424e+28,9.37205e+24,1.56697e+12,0.344537,2.03776e+31,0.03468,0.000228452,6.69912e-10,8.08917e-59,2.58885e+15,1.18765e+16,8.90749e+11,1.44663e+16,5.18895e+17,1.54699e+09
4.06384e+07,111677,7.69303e+06,3.38897e+28,9.63248e+24,1.58629e+12,0.345988,1.99475e+31,0.03468,0.000225492,6.39354e-10,7.30283e-59,2.56918e+15,1.17973e+16,8.83241e+11,1.43674e+16,5.22613e+17,1.53407e+09
4.11384e+07,111161,7.67657e+06,3.50603e+28,9.89471e+24,1.60561e+12,0.347463,1.95215e+31,0.03468,0.000222535,6.0985e-10,6.58487e-59,2.54942e+15,1.17177e+16,8.75708e+11,1.4268e+16,5.26088e+17,1.5211e+09
4.16384e+07,110641,7.65996e+06,3.6254e+28,1.01586e+25,1.62492e+12,0.348961,1.90997e+31,0.03468,0.000219583,5.81382e-10,5.93025e-59,2.52958e+15,1.16376e+16,8.68151e+11,1.41681e+16,5.29318e+17,1.50809e+09
4.21384e+07,110118,7.64318e+06,3.7471e+28,1.04241e+25,1.64422e+12,0.350483,1.86822e+31,0.03468,0.000216636,5.53934e-10,5.33418e-59,2.50966e+15,1.15572e+16,8.60573e+11,1.40677e+16,5.32301e+17,1.49504e+09
4.26384e+07,109591,7.62626e+06,3.87113e+28,1.0691e+25,1.66352e+12,0.352029,1.82692e+31,0.03468,0.000213696,5.27489e-10,4.79219e-59,2.48968e+15,1.14764e+16,8.52974e+11,1.3967e+16,5.35038e+17,1.48196e+09
4.31384e+07,109061,7.60918e+06,3.9975e+28,1.09592e+25,1.68281e+12,0.3536,1.78609e+31,0.03468,0.000210763,5.02026e-10,4.30002e-59,2.46963e+15,1.13953e+16,8.45358e+11,1.38658e+16,5.37528e+17,1.46883e+09
4.36384e+07,108527,7.59194e+06,4.1262e+28,1.12285e+25,1.70209e+12,0.355195,1.74572e+31,0.03468,0.000207838,4.77528e-10,3.85371e-59,2.44951e+15,1.13138e+16,8.37725e+11,1.37642e+16,5.39771e+17,1.45568e+09
4.41384e+07,107990,7.57456e+06,4.25723e+28,1.1499e+25,1.72136e+12,0.356815,1.70583e+31,0.03468,0.000204921,4.53973e-10,3.44953e-59,2.42934e+15,1.12321e+16,8.30078e+11,1.36622e+16,5.41768e+17,1.44249e+09
4.46384e+07,107449,7.55702e+06,4.3906e+28,1.17704e+25,1.74063e+12,0.35846,1.66643e+31,0.03468,0.000202014,4.31342e-10,3.084e-59,2.40911e+15,1.115e+16,8.22418e+11,1.35599e+16,5.43518e+17,1.42928e+09
4.51384e+07,106906,7.53934e+06,4.5263e+28,1.20426e+25,1.75989e+12,0.360131,1.62753e+31,0.03468,0.000199118,4.09611e-10,2.75386e-59,2.38884e+15,1.10676e+16,8.14747e+11,1.34573e+16,5.45023e+17,1.41605e+09
4.56384e+07,106359,7.52151e+06,4.66434e+28,1.23155e+25,1.77913e+12,0.361828,1.58914e+31,0.03468,0.000196232,3.88761e-10,2.45609e-59,2.36852e+15,1.0985e+16,8.07067e+11,1.33543e+16,5.46283e+17,1.4028e+09
4.61384e+07,105810,7.50353e+06,4.80471e+28,1.25889e+25,1.79837e+12,0.36355,1.55126e+31,0.03468,0.000193359,3.68768e-10,2.18787e-59,2.34816e+15,1.09021e+16,7.99379e+11,1.32511e+16,5.47301e+17,1.38953e+09
4.66384e+07,105257,7.48541e+06,4.94741e+28,1.28628e+25,1.81761e+12,0.365298,1.5139e+31,0.03468,0.000190498,3.49611e-10,1.94659e-59,2.32776e+15,1.0819e+16,7.91686e+11,1.31476e+16,5.48077e+17,1.37624e+09
4.71384e+07,104702,7.46715e+06,5.09244e+28,1.3137e+25,1.83683e+12,0.367073,1.47707e+31,0.03468,0.000187651,3.31266e-10,1.72984e-59,2.30734e+15,1.07357e+16,7.83988e+11,1.30438e+16,5.48614e+17,1.36294e+09
4.76384e+07,104144,7.44875e+06,5.2398e+28,1.34115e+25,1.85605e+12,0.368875,1.44078e+31,0.03468,0.000184818,3.13712e-10,1.53536e-59,2.28688e+15,1.06522e+16,7.76288e+11,1.29398e+16,5.48914e+17,1.34963e+09
4.81384e+07,103584,7.4302e+06,5.38947e+28,1.3686e+25,1.87525e+12,0.370704,1.40502e+31,0.03468,0.000181999,2.96925e-10,1.36112e-59,2.2664e+15,1.05685e+16,7.68587e+11,1.28356e+16,5.48978e+17,1.33632e+09
4.86384e+07,103020,7.41152e+06,5.54146e+28,1.39605e+25,1.89445e+12,0.37256,1.36981e+31,0.03468,0.000179196,2.80882e-10,1.2052e-59,2.2459e+15,1.04846e+16,7.60887e+11,1.27312e+16,5.4881e+17,1.323e+09
4.91384e+07,102455,7.39271e+06,5.69576e+28,1.42349e+25,1.91364e+12,0.374443,1.33514e+31,0.03468,0.00017641,2.6556e-10,1.06586e-59,2.22539e+15,1.04005e+16,7.53189e+11,1.26267e+16,5.48412e+17,1.30968e+09
4.96384e+07,101887,7.37376e+06,5.85236e+28,1.4509e+25,1.93282e+12,0.376355,1.30103e+31,0.03468,0.000173639,2.50937e-10,9.415e-60,2.20486e+15,1.03164e+16,7.45496e+11,1.2522e+16,5.47788e+17,1.29636e+09
5.01384e+07,101316,7.35467e+06,6.01126e+28,1.47828e+25,1.95199e+12,0.378295,1.26747e+31,0.03468,0.000170887,2.36989e-10,8.30657e-60,2.18433e+15,1.02321e+16,7.37808e+11,1.24171e+16,5.4694e+17,1.28305e+09
5.06384e+07,100744,7.33545e+06,6.17245e+28,1.5056e+25,1.97116e+12,0.380263,1.23447e+31,0.03468,0.000168152,2.23695e-10,7.31989e-60,2.16379e+15,1.01476e+16,7.30127e+11,1.23122e+16,5.45871e+17,1.26974e+09
5.11384e+07,100169,7.31611e+06,6.33592e+28,1.53287e+25,1.99031e+12,0.38226,1.20203e+31,0.03468,0.000165436,2.11031e-10,6.44271e-60,2.14325e+15,1.00631e+16,7.22454e+11,1.22071e+16,5.44586e+17,1.25644e+09
5.16384e+07,99592,7.29663e+06,6.50167e+28,1.56007e+25,2.00945e+12,0.384286,1.17016e+31,0.03468,0.000162738,1.98976e-10,5.6639e-60,2.12272e+15,9.97855e+15,7.14792e+11,1.2102e+16,5.43088e+17,1.24315e+09
5.21384e+07,99013.1,7.27703e+06,6.66967e+28,1.58719e+25,2.02859e+12,0.386342,1.13884e+31,0.03468,0.000160061,1.87508e-10,4.9733e-60,2.10219e+15,9.89389e+15,7.07142e+11,1.19968e+16,5.41381e+17,1.22987e+09
5.26384e+07,98432.2,7.2573e+06,6.83993e+28,1.61422e+25,2.04771e+12,0.388427,1.10809e+31,0.03468,0.000157403,1.76605e-10,4.36173e-60,2.08168e+15,9.80919e+15,6.99504e+11,1.18916e+16,5.3947e+17,1.21662e+09
5.31384e+07,97849.6,7.23745e+06,7.01244e+28,1.64114e+25,2.06683e+12,0.390542,1.0779e+31,0.03468,0.000154766,1.66245e-10,3.82082e-60,2.06118e+15,9.72444e+15,6.91882e+11,1.17863e+16,5.37357e+17,1.20338e+09
5.36384e+07,97265.1,7.21747e+06,7.18717e+28,1.66796e+25,2.08593e+12,0.392688,1.04827e+31,0.03468,0.00015215,1.56409e-10,3.34302e-60,2.0407e+15,9.63968e+15,6.84275e+11,1.16811e+16,5.35048e+17,1.19016e+09
5.41384e+07,96679,7.19738e+06,7.36413e+28,1.69466e+25,2.10503e+12,0.394865,1.01921e+31,0.03468,0.000149556,1.47075e-10,2.92151e-60,2.02025e+15,9.55491e+15,6.76685e+11,1.15758e+16,5.32547e+17,1.17696e+09
5.46384e+07,96091.2,7.17716e+06,7.54329e+28,1.72122e+25,2.12412e+12,0.397073,9.90707e+30,0.03468,0.000146984,1.38223e-10,2.55014e-60,1.99982e+15,9.47015e+15,6.69115e+11,1.14706e+16,5.29859e+17,1.16379e+09
5.51384e+07,95501.9,7.15683e+06,7.72465e+28,1.74765e+25,2.14319e+12,0.399312,9.62765e+30,0.03468,0.000144434,1.29834e-10,2.22334e-60,1.97942e+15,9.3854e+15,6.61564e+11,1.13655e+16,5.26988e+17,1.15065e+09
5.56384e+07,94911.1,7.13638e+06,7.90819e+28,1.77393e+25,2.16226e+12,0.401583,9.35381e+30,0.03468,0.000141907,1.21889e-10,1.93614e-60,1.95906e+15,9.3007e+15,6.54035e+11,1.12604e+16,5.23939e+17,1.13754e+09
5.61384e+07,94319,7.11581e+06,8.0939e+28,1.80005e+25,2.18131e+12,0.403887,9.08552e+30,0.03468,0.000139403,1.14368e-10,1.68405e-60,1.93873e+15,9.21604e+15,6.46529e+11,1.11554e+16,5.20718e+17,1.12446e+09
5.66384e+07,93725.6,7.09513e+06,8.28176e+28,1.82601e+25,2.20036e+12,0.406223,8.82276e+30,0.03468,0.000136923,1.07254e-10,1.46306e-60,1.91844e+15,9.13144e+15,6.39047e+11,1.10505e+16,5.17329e+17,1.11142e+09
5.71384e+07,93130.9,7.07434e+06,8.47176e+28,1.8518e+25,2.21939e+12,0.408592,8.5655e+30,0.03468,0.000134467,1.00529e-10,1.26958e-60,1.8982e+15,9.04691e+15,6.3159e+11,1.09457e+16,5.13777e+17,1.09841e+09
5.76384e+07,92535.1,7.05344e+06,8.66388e+28,1.8774e+25,2.23842e+12,0.410994,8.31371e+30,0.03468,0.000132034,9.41743e-11,1.1004e-60,1.878e+15,8.96248e+15,6.24159e+11,1.08411e+16,5.10068e+17,1.08544e+09
5.81384e+07,91938.2,7.03244e+06,8.85811e+28,1.90281e+25,2.25743e+12,0.413431,8.06734e+30,0.03468,0.000129627,8.81744e-11,9.52641e-61,1.85785e+15,8.87814e+15,6.16756e+11,1.07366e+16,5.06206e+17,1.07252e+09
5.86384e+07,91340.3,7.01132e+06,9.05443e+28,1.92803e+25,2.27644e+12,0.415901,7.82637e+30,0.03468,0.000127244,8.25127e-11,8.23761e-61,1.83776e+15,8.79392e+15,6.09382e+11,1.06323e+16,5.02198e+17,1.05963e+09
5.91384e+07,90741.4,6.9901e+06,9.25283e+28,1.95304e+25,2.29543e+12,0.418406,7.59074e+30,0.03468,0.000124887,7.71734e-11,7.11484e-61,1.81772e+15,8.70983e+15,6.02038e+11,1.05282e+16,4.98048e+17,1.04679e+09
5.96384e+07,90141.8,6.96878e+06,9.45328e+28,1.97784e+25,2.31441e+12,0.420946,7.36042e+30,0.03468,0.000122554,7.21411e-11,6.13795e-61,1.79775e+15,8.62588e+15,5.94725e+11,1.04242e+16,4.93761e+17,1.034e+09
6.01384e+07,89541.3,6.94735e+06,9.65576e+28,2.00243e+25,2.33338e+12,0.423521,7.13535e+30,0.03468,0.000120248,6.74011e-11,5.28902e-61,1.77783e+15,8.54207e+15,5.87445e+11,1.03205e+16,4.89344e+17,1.02125e+09
6.06384e+07,88940.2,6.92582e+06,9.86026e+28,2.02679e+25,2.35234e+12,0.426132,6.91548e+30,0.03468,0.000117967,6.29391e-11,4.5522e-61,1.75798e+15,8.45843e+15,5.80198e+11,1.0217e+16,4.84801e+17,1.00856e+09
6.11384e+07,88338.4,6.9042e+06,1.00668e+29,2.05092e+25,2.37129e+12,0.42878,6.70076e+30,0.03468,0.000115712,5.87413e-11,3.91348e-61,1.7382e+15,8.37497e+15,5.72985e+11,1.01137e+16,4.80138e+17,9.95917e+08
6.16384e+07,87736,6.88248e+06,1.02753e+29,2.07481e+25,2.39023e+12,0.431464,6.49114e+30,0.03468,0.000113483,5.47945e-11,3.36048e-61,1.71849e+15,8.29169e+15,5.65808e+11,1.00108e+16,4.75361e+17,9.8333e+08
6.21384e+07,87133.2,6.86066e+06,1.04857e+29,2.09846e+25,2.40915e+12,0.434185,6.28655e+30,0.03468,0.000111281,5.10858e-11,2.88228e-61,1.69886e+15,8.20861e+15,5.58667e+11,9.90803e+15,4.70474e+17,9.70798e+08
6.26384e+07,86529.9,6.83874e+06,1.06981e+29,2.12187e+25,2.42807e+12,0.436944,6.08694e+30,0.03468,0.000109106,4.76029e-11,2.46926e-61,1.6793e+15,8.12574e+15,5.51563e+11,9.8056e+15,4.65484e+17,9.58323e+08
6.31384e+07,85926.3,6.81674e+06,1.09124e+29,2.14502e+25,2.44697e+12,0.439741,5.89225e+30,0.03468,0.000106957,4.43341e-11,2.11299e-61,1.65982e+15,8.0431e+15,5.44498e+11,9.70347e+15,4.60396e+17,9.45908e+08
6.36384e+07,85322.5,6.79464e+06,1.11286e+29,2.16792e+25,2.46586e+12,0.442576,5.70241e+30,0.03468,0.000104835,4.12681e-11,1.80604e-61,1.64043e+15,7.96068e+15,5.37472e+11,9.60165e+15,4.55215e+17,9.33554e+08
6.41384e+07,84718.4,6.77245e+06,1.13466e+29,2.19055e+25,2.48474e+12,0.445451,5.51736e+30,0.03468,0.000102739,3.83938e-11,1.54189e-61,1.62112e+15,7.87851e+15,5.30486e+11,9.50016e+15,4.49947e+17,9.21262e+08
6.46384e+07,84114.2,6.75018e+06,1.15666e+29,2.21292e+25,2.50361e+12,0.448365,5.33704e+30,0.03468,0.000100671,3.5701e-11,1.31487e-61,1.60189e+15,7.79659e+15,5.23541e+11,9.39901e+15,4.44597e+17,9.09034e+08
6.51384e+07,83509.9,6.72781e+06,1.17883e+29,2.23502e+25,2.52246e+12,0.451319,5.16137e+30,0.03468,9.86302e-05,3.31796e-11,1.11998e-61,1.58276e+15,7.71494e+15,5.16638e+11,9.29822e+15,4.3917e+17,8.96871e+08
6.56384e+07,82905.6,6.70537e+06,1.20119e+29,2.25685e+25,2.5413e+12,0.454314,4.99028e+30,0.03468,9.66163e-05,3.08201e-11,9.52888e-62,1.56372e+15,7.63356e+15,5.09777e+11,9.19779e+15,4.33671e+17,8.84776e+08
6.61384e+07,82301.4,6.68284e+06,1.22372e+29,2.2784e+25,2.56014e+12,0.457349,4.82371e+30,0.03468,9.46295e-05,2.86134e-11,8.09793e-62,1.54477e+15,7.55247e+15,5.0296e+11,9.09774e+15,4.28106e+17,8.72748e+08
6.66384e+07,81697.3,6.66023e+06,1.24643e+29,2.29967e+25,2.57895e+12,0.460426,4.66159e+30,0.03468,9.26701e-05,2.65508e-11,6.87399e-62,1.52592e+15,7.47167e+15,4.96188e+11,8.99808e+15,4.22481e+17,8.60791e+08
6.71384e+07,81093.5,6.63753e+06,1.26932e+29,2.32066e+25,2.59776e+12,0.463546,4.50384e+30,0.03468,9.07379e-05,2.46241e-11,5.82837e-62,1.50717e+15,7.39117e+15,4.8946e+11,8.89883e+15,4.16799e+17,8.48904e+08
6.76384e+07,80489.9,6.61476e+06,1.29237e+29,2.34136e+25,2.61655e+12,0.466708,4.3504e+30,0.03468,8.88329e-05,2.28252e-11,4.93616e-62,1.48852e+15,7.31099e+15,4.82778e+11,8.79999e+15,4.11067e+17,8.3709e+08
6.81384e+07,79886.6,6.59191e+06,1.3156e+29,2.36178e+25,2.63533e+12,0.469913,4.20118e+30,0.03468,8.69553e-05,2.11468e-11,4.17577e-62,1.46997e+15,7.23113e+15,4.76142e+11,8.70157e+15,4.05288e+17,8.2535e+08
6.86384e+07,79283.7,6.56899e+06,1.33899e+29,2.3819e+25,2.6541e+12,0.473161,4.05611e+30,0.03468,8.51049e-05,1.95816e-11,3.52849e-62,1.45153e+15,7.1516e+15,4.69553e+11,8.60359e+15,3.99469e+17,8.13684e+08
6.91384e+07,78681.3,6.54599e+06,1.36254e+29,2.40173e+25,2.67286e+12,0.476455,3.91512e+30,0.03468,8.32817e-05,1.81228e-11,2.97815e-62,1.43319e+15,7.07241e+15,4.63012e+11,8.50606e+15,3.93613e+17,8.02095e+08
6.96384e+07,78079.4,6.52292e+06,1.38626e+29,2.42127e+25,2.6916e+12,0.479793,3.77814e+30,0.03468,8.14856e-05,1.6764e-11,2.5108e-62,1.41496e+15,6.99357e+15,4.56519e+11,8.40899e+15,3.87726e+17,7.90582e+08
7.01384e+07,77478.1,6.49978e+06,1.41013e+29,2.44052e+25,2.71033e+12,0.483176,3.64509e+30,0.03468,7.97167e-05,1.5499e-11,2.11438e-62,1.39685e+15,6.91509e+15,4.50075e+11,8.31239e+15,3.81813e+17,7.79149e+08
7.06384e+07,76877.4,6.47657e+06,1.43416e+29,2.45946e+25,2.72904e+12,0.486605,3.51589e+30,0.03468,7.79749e-05,1.43221e-11,1.77854e-62,1.37885e+15,6.83698e+15,4.43681e+11,8.21627e+15,3.75877e+17,7.67794e+08
7.11384e+07,76277.4,6.45329e+06,1.45834e+29,2.47811e+25,2.74774e+12,0.490082,3.39047e+30,0.03468,7.626e-05,1.32277e-11,1.49434e-62,1.36096e+15,6.75924e+15,4.37336e+11,8.12063e+15,3.69923e+17,7.5652e+08
7.16384e+07,75678.2,6.42995e+06,1.48267e+29,2.49647e+25,2.76643e+12,0.493605,3.26875e+30,0.03468,7.45721e-05,1.22106e-11,1.25414e-62,1.34319e+15,6.68188e+15,4.31042e+11,8.0255e+15,3.63956e+17,7.45327e+08
7.21384e+07,75079.8,6.40654e+06,1.50715e+29,2.51452e+25,2.78511e+12,0.497176,3.15066e+30,0.03468,7.29109e-05,1.1266e-11,1.05136e-62,1.32553e+15,6.60491e+15,4.24799e+11,7.93087e+15,3.5798e+17,7.34217e+08
7.26384e+07,74482.3,6.38306e+06,1.53178e+29,2.53227e+25,2.80377e+12,0.500796,3.03612e+30,0.03468,7.12764e-05,1.0389e-11,8.80379e-63,1.308e+15,6.52834e+15,4.18607e+11,7.83676e+15,3.51999e+17,7.23191e+08
7.31384e+07,73885.7,6.35953e+06,1.55654e+29,2.54973e+25,2.82242e+12,0.504465,2.92506e+30,0.03468,6.96684e-05,9.57539e-12,7.36372e-63,1.29058e+15,6.45217e+15,4.12467e+11,7.74317e+15,3.46017e+17,7.12248e+08
7.36384e+07,73290.2,6.33593e+06,1.58145e+29,2.56689e+25,2.84105e+12,0.508184,2.81739e+30,0.03468,6.80869e-05,8.82096e-12,6.15227e-63,1.27329e+15,6.37642e+15,4.0638e+11,7.65012e+15,3.40039e+17,7.01391e+08
7.41384e+07,72695.7,6.31228e+06,1.60649e+29,2.58374e+25,2.85967e+12,0.511953,2.71306e+30,0.03468,6.65317e-05,8.1218e-12,5.13436e-63,1.25612e+15,6.30108e+15,4.00345e+11,7.55761e+15,3.34067e+17,6.90619e+08
7.46384e+07,72102.3,6.28857e+06,1.63167e+29,2.6003e+25,2.87828e+12,0.515774,2.61197e+30,0.03468,6.50027e-05,7.47423e-12,4.28005e-63,1.23908e+15,6.22617e+15,3.94363e+11,7.46565e+15,3.28107e+17,6.79934e+08
7.51384e+07,71510,6.2648e+06,1.65698e+29,2.61656e+25,2.89687e+12,0.519646,2.51407e+30,0.03468,6.34996e-05,6.87477e-12,3.5639e-63,1.22216e+15,6.15169e+15,3.88435e+11,7.37424e+15,3.2216e+17,6.69337e+08
7.56384e+07,70919,6.24098e+06,1.68241e+29,2.63253e+25,2.91545e+12,0.523572,2.41927e+30,0.03468,6.20224e-05,6.32015e-12,2.96425e-63,1.20538e+15,6.07765e+15,3.8256e+11,7.28341e+15,3.16232e+17,6.58828e+08
7.61384e+07,70329.2,6.2171e+06,1.70797e+29,2.6482e+25,2.93401e+12,0.52755,2.3275e+30,0.03468,6.05708e-05,5.80731e-12,2.46274e-63,1.18872e+15,6.00405e+15,3.7674e+11,7.19314e+15,3.10325e+17,6.48407e+08
7.66384e+07,69740.8,6.19317e+06,1.73365e+29,2.66357e+25,2.95256e+12,0.531582,2.23868e+30,0.03468,5.91447e-05,5.33336e-12,2.0438e-63,1.17219e+15,5.9309e+15,3.70974e+11,7.10346e+15,3.04443e+17,6.38077e+08
7.71384e+07,69153.8,6.1692e+06,1.75945e+29,2.67865e+25,2.97109e+12,0.535669,2.15276e+30,0.03468,5.77439e-05,4.8956e-12,1.69423e-63,1.15579e+15,5.85821e+15,3.65262e+11,7.01436e+15,2.98589e+17,6.27836e+08
7.76384e+07,68568.1,6.14517e+06,1.78537e+29,2.69344e+25,2.98961e+12,0.539812,2.06965e+30,0.03468,5.63682e-05,4.49148e-12,1.40288e-63,1.13952e+15,5.78598e+15,3.59605e+11,6.92586e+15,2.92765e+17,6.17686e+08
7.81384e+07,67984,6.1211e+06,1.81139e+29,2.70794e+25,3.00812e+12,0.544011,1.98929e+30,0.03468,5.50174e-05,4.11862e-12,1.16034e-63,1.12339e+15,5.71421e+15,3.54004e+11,6.83795e+15,2.86976e+17,6.07627e+08
7.86384e+07,67401.4,6.09698e+06,1.83753e+29,2.72215e+25,3.02661e+12,0.548267,1.9116e+30,0.03468,5.36913e-05,3.7748e-12,9.58671e-64,1.10739e+15,5.64292e+15,3.48457e+11,6.75066e+15,2.81224e+17,5.97659e+08
7.91384e+07,66820.3,6.07282e+06,1.86378e+29,2.73607e+25,3.04508e+12,0.552581,1.83652e+30,0.03468,5.23896e-05,3.45792e-12,7.9117e-64,1.09152e+15,5.5721e+15,3.42966e+11,6.66397e+15,2.75511e+17,5.87784e+08
7.96384e+07,66240.9,6.04861e+06,1.89013e+29,2.74971e+25,3.06354e+12,0.556953,1.76399e+30,0.03468,5.11123e-05,3.16604e-12,6.5221e-64,1.07579e+15,5.50177e+15,3.37531e+11,6.5779e+15,2.6984e+17,5.78001e+08
8.01384e+07,65663.1,6.02437e+06,1.91658e+29,2.76306e+25,3.08198e+12,0.561385,1.69392e+30,0.03468,4.98589e-05,2.89733e-12,5.37061e-64,1.0602e+15,5.43192e+15,3.32151e+11,6.49245e+15,2.64214e+17,5.68312e+08
8.06384e+07,65087.1,6.00008e+06,1.94313e+29,2.77614e+25,3.10041e+12,0.565878,1.62626e+30,0.03468,4.86294e-05,2.65009e-12,4.41752e-64,1.04474e+15,5.36256e+15,3.26827e+11,6.40763e+15,2.58635e+17,5.58716e+08
8.11384e+07,64512.8,5.97575e+06,1.96977e+29,2.78894e+25,3.11883e+12,0.570431,1.56094e+30,0.03468,4.74234e-05,2.42271e-12,3.62955e-64,1.02942e+15,5.2937e+15,3.21559e+11,6.32344e+15,2.53105e+17,5.49213e+08
8.16384e+07,63940.3,5.95139e+06,1.99651e+29,2.80146e+25,3.13722e+12,0.575047,1.49791e+30,0.03468,4.62407e-05,2.21373e-12,2.97884e-64,1.01424e+15,5.22533e+15,3.16348e+11,6.23989e+15,2.47627e+17,5.39805e+08
8.21384e+07,63369.7,5.92699e+06,2.02333e+29,2.81371e+25,3.1556e+12,0.579725,1.43708e+30,0.03468,4.50812e-05,2.02175e-12,2.44209e-64,9.99203e+14,5.15747e+15,3.11192e+11,6.15698e+15,2.42203e+17,5.30491e+08
8.26384e+07,62800.9,5.90256e+06,2.05024e+29,2.82569e+25,3.17397e+12,0.584467,1.37841e+30,0.03468,4.39444e-05,1.8455e-12,1.99984e-64,9.84302e+14,5.09011e+15,3.06092e+11,6.07472e+15,2.36834e+17,5.21271e+08
8.31384e+07,62234.1,5.8781e+06,2.07723e+29,2.8374e+25,3.19232e+12,0.589274,1.32183e+30,0.03468,4.28303e-05,1.68376e-12,1.63588e-64,9.6954e+14,5.02326e+15,3.01049e+11,5.9931e+15,2.31522e+17,5.12147e+08
8.36384e+07,61669.3,5.8536e+06,2.10431e+29,2.84885e+25,3.21065e+12,0.594147,1.26728e+30,0.03468,4.17385e-05,1.53542e-12,1.33668e-64,9.54919e+14,4.95693e+15,2.96062e+11,5.91214e+15,2.2627e+17,5.03117e+08
8.41384e+07,61106.5,5.82907e+06,2.13145e+29,2.86004e+25,3.22897e+12,0.599086,1.2147e+30,0.03468,4.06687e-05,1.39944e-12,1.09101e-64,9.40438e+14,4.89111e+15,2.9113e+11,5.83184e+15,2.21078e+17,4.94183e+08
8.46384e+07,60545.7,5.80452e+06,2.15868e+29,2.87096e+25,3.24727e+12,0.604093,1.16403e+30,0.03468,3.96208e-05,1.27487e-12,8.89507e-65,9.26099e+14,4.82581e+15,2.86256e+11,5.75219e+15,2.15949e+17,4.85343e+08
8.51384e+07,59987.1,5.77993e+06,2.18597e+29,2.88164e+25,3.26556e+12,0.609168,1.11523e+30,0.03468,3.85944e-05,1.1608e-12,7.24425e-65,9.11901e+14,4.76103e+15,2.81437e+11,5.67321e+15,2.10884e+17,4.766e+08
8.56384e+07,59430.5,5.75532e+06,2.21332e+29,2.89206e+25,3.28382e+12,0.614312,1.06822e+30,0.03468,3.75893e-05,1.05641e-12,5.89332e-65,8.97844e+14,4.69677e+15,2.76674e+11,5.5949e+15,2.05883e+17,4.67951e+08
8.61384e+07,58876.2,5.73069e+06,2.24075e+29,2.90224e+25,3.30208e+12,0.619527,1.02296e+30,0.03468,3.66051e-05,9.6093e-13,4.78907e-65,8.8393e+14,4.63305e+15,2.71967e+11,5.51725e+15,2.00949e+17,4.59399e+08
8.66384e+07,58324,5.70603e+06,2.26823e+29,2.91216e+25,3.32031e+12,0.624814,9.79396e+29,0.03468,3.56417e-05,8.73638e-13,3.88745e-65,8.70157e+14,4.56985e+15,2.67316e+11,5.44027e+15,1.96082e+17,4.50942e+08
8.71384e+07,57774.1,5.68135e+06,2.29577e+29,2.92185e+25,3.33853e+12,0.630173,9.37472e+29,0.03468,3.46988e-05,7.93879e-13,3.15212e-65,8.56526e+14,4.50718e+15,2.62721e+11,5.36397e+15,1.91283e+17,4.4258e+08
8.76384e+07,57226.5,5.65664e+06,2.32336e+29,2.9313e+25,3.35673e+12,0.635606,8.97137e+29,0.03468,3.3776e-05,7.2104e-13,2.55309e-65,8.43038e+14,4.44505e+15,2.58182e+11,5.28835e+15,1.86554e+17,4.34314e+08
8.81384e+07,56681.2,5.63192e+06,2.35101e+29,2.94051e+25,3.37491e+12,0.641113,8.58341e+29,0.03468,3.28732e-05,6.54558e-13,2.06563e-65,8.29692e+14,4.38345e+15,2.53698e+11,5.2134e+15,1.81895e+17,4.26144e+08
8.86384e+07,56138.3,5.60718e+06,2.37871e+29,2.9495e+25,3.39308e+12,0.646697,8.21035e+29,0.03468,3.199e-05,5.93908e-13,1.66942e-65,8.16488e+14,4.32239e+15,2.49269e+11,5.13913e+15,1.77307e+17,4.18069e+08
8.91384e+07,55597.7,5.58243e+06,2.40645e+29,2.95825e+25,3.41123e+12,0.652357,7.85172e+29,0.03468,3.11261e-05,5.38609e-13,1.34773e-65,8.03427e+14,4.26187e+15,2.44896e+11,5.06554e+15,1.72791e+17,4.10089e+08
8.96384e+07,55059.5,5.55765e+06,2.43423e+29,2.96678e+25,3.42936e+12,0.658095,7.50704e+29,0.03468,3.02813e-05,4.88216e-13,1.08684e-65,7.90507e+14,4.20189e+15,2.40578e+11,4.99264e+15,1.68347e+17,4.02205e+08
9.01384e+07,54523.8,5.53287e+06,2.46205e+29,2.97509e+25,3.44747e+12,0.663913,7.17586e+29,0.03468,2.94552e-05,4.42317e-13,8.75501e-66,7.7773e+14,4.14245e+15,2.36315e+11,4.92041e+15,1.63975e+17,3.94416e+08
9.06384e+07,53990.6,5.50806e+06,2.48991e+29,2.98319e+25,3.46557e+12,0.669811,6.85772e+29,0.03468,2.86477e-05,4.00533e-13,7.04486e-66,7.65094e+14,4.08355e+15,2.32106e+11,4.84887e+15,1.59677e+17,3.86722e+08
9.11384e+07,53459.8,5.48325e+06,2.5178e+29,2.99107e+25,3.48365e+12,0.67579,6.5522e+29,0.03468,2.78584e-05,3.62516e-13,5.66257e-66,7.526e+14,4.02519e+15,2.27952e+11,4.77802e+15,1.55452e+17,3.79123e+08
9.16384e+07,52931.6,5.45843e+06,2.54572e+29,2.99874e+25,3.50171e+12,0.681852,6.25886e+29,0.03468,2.7087e-05,3.27944e-13,4.54655e-66,7.40248e+14,3.96738e+15,2.23852e+11,4.70785e+15,1.51301e+17,3.71618e+08
9.21384e+07,52406,5.43359e+06,2.57366e+29,3.00621e+25,3.51975e+12,0.687999,5.9773e+29,0.03468,2.63333e-05,2.96521e-13,3.64651e-66,7.28037e+14,3.91011e+15,2.19806e+11,4.63836e+15,1.47224e+17,3.64208e+08
9.26384e+07,51883,5.40875e+06,2.60163e+29,3.01347e+25,3.53778e+12,0.69423,5.7071e+29,0.03468,2.5597e-05,2.67976e-13,2.92146e-66,7.15967e+14,3.85338e+15,2.15813e+11,4.56957e+15,1.43221e+17,3.56892e+08
9.31384e+07,51362.5,5.3839e+06,2.62962e+29,3.02053e+25,3.55578e+12,0.700549,5.44788e+29,0.03468,2.48777e-05,2.42059e-13,2.33803e-66,7.04037e+14,3.79721e+15,2.11875e+11,4.50145e+15,1.39292e+17,3.49669e+08
9.36384e+07,50844.7,5.35905e+06,2.65763e+29,3.02741e+25,3.57377e+12,0.706955,5.19926e+29,0.03468,2.41753e-05,2.18539e-13,1.86907e-66,6.92248e+14,3.74157e+15,2.07989e+11,4.43403e+15,1.35437e+17,3.42541e+08
9.41384e+07,50329.6,5.33419e+06,2.68566e+29,3.03408e+25,3.59174e+12,0.71345,4.96085e+29,0.03468,2.34894e-05,1.97207e-13,1.49255e-66,6.80599e+14,3.68648e+15,2.04156e+11,4.36729e+15,1.31656e+17,3.35505e+08
9.46384e+07,49817.2,5.30932e+06,2.71369e+29,3.04058e+25,3.60969e+12,0.720036,4.7323e+29,0.03468,2.28198e-05,1.77868e-13,1.19059e-66,6.69089e+14,3.63194e+15,2.00376e+11,4.30123e+15,1.27949e+17,3.28563e+08
9.51384e+07,49307.5,5.28446e+06,2.74174e+29,3.04689e+25,3.62762e+12,0.726714,4.51325e+29,0.03468,2.21661e-05,1.60347e-13,9.48684e-67,6.57718e+14,3.57795e+15,1.96649e+11,4.23586e+15,1.24315e+17,3.21713e+08
9.56384e+07,48800.5,5.25959e+06,2.76978e+29,3.05301e+25,3.64553e+12,0.733486,4.30337e+29,0.03468,2.15282e-05,1.44479e-13,7.55108e-67,6.46486e+14,3.52449e+15,1.92973e+11,4.17117e+15,1.20755e+17,3.14956e+08
9.61384e+07,48296.3,5.23472e+06,2.79784e+29,3.05897e+25,3.66343e+12,0.740352,4.10231e+29,0.03468,2.09057e-05,1.30118e-13,6.00377e-67,6.35392e+14,3.47159e+15,1.8935e+11,4.10717e+15,1.17269e+17,3.0829e+08
9.66384e+07,47794.9,5.20985e+06,2.82589e+29,3.06475e+25,3.6813e+12,0.747315,3.90976e+29,0.03468,2.02983e-05,1.17125e-13,4.76834e-67,6.24435e+14,3.41922e+15,1.85777e+11,4.04385e+15,1.13855e+17,3.01716e+08
9.71384e+07,47296.3,5.18499e+06,2.85394e+29,3.07036e+25,3.69915e+12,0.754375,3.72541e+29,0.03468,1.97058e-05,1.05378e-13,3.78302e-67,6.13616e+14,3.3674e+15,1.82256e+11,3.9812e+15,1.10513e+17,2.95233e+08
9.76384e+07,46800.5,5.16013e+06,2.88198e+29,3.0758e+25,3.71699e+12,0.761535,3.54894e+29,0.03468,1.91279e-05,9.47616e-14,2.99805e-67,6.02933e+14,3.31613e+15,1.78785e+11,3.91924e+15,1.07243e+17,2.88841e+08
9.81384e+07,46307.5,5.13527e+06,2.91001e+29,3.08109e+25,3.73481e+12,0.768796,3.38006e+29,0.03468,1.85644e-05,8.51727e-14,2.37337e-67,5.92386e+14,3.26539e+15,1.75365e+11,3.85795e+15,1.04045e+17,2.82539e+08
9.86384e+07,45817.5,5.11042e+06,2.93804e+29,3.08621e+25,3.7526e+12,0.776159,3.21849e+29,0.03468,1.80149e-05,7.6516e-14,1.87681e-67,5.81974e+14,3.2152e+15,1.71995e+11,3.79734e+15,1.00917e+17,2.76327e+08
9.91384e+07,45330.3,5.08557e+06,2.96604e+29,3.09118e+25,3.77038e+12,0.783626,3.06395e+29,0.03468,1.74793e-05,6.87051e-14,1.48253e-67,5.71696e+14,3.16554e+15,1.68674e+11,3.73741e+15,9.786e+16,2.70204e+08
9.96384e+07,44846,5.06073e+06,2.99403e+29,3.096e+25,3.78814e+12,0.791198,2.91616e+29,0.03468,1.69571e-05,6.16609e-14,1.16981e-67,5.61553e+14,3.11643e+15,1.65403e+11,3.67815e+15,9.48723e+16,2.64171e+08
1.00138e+08,44364.6,5.0359e+06,3.022e+29,3.10068e+25,3.80587e+12,0.798878,2.77488e+29,0.03468,1.64483e-05,5.53115e-14,9.22052e-68,5.51542e+14,3.06785e+15,1.62181e+11,3.61955e+15,9.19537e+16,2.58225e+08
1.00638e+08,43886.1,5.01108e+06,3.04995e+29,3.10521e+25,3.82359e+12,0.806668,2.63984e+29,0.03468,1.59525e-05,4.95913e-14,7.25976e-68,5.41664e+14,3.01981e+15,1.59007e+11,3.56163e+15,8.91033e+16,2.52368e+08
1.01138e+08,43410.6,4.98627e+06,3.07787e+29,3.10959e+25,3.84129e+12,0.814567,2.5108e+29,0.03468,1.54695e-05,4.44405e-14,5.70975e-68,5.31918e+14,2.9723e+15,1.55881e+11,3.50437e+15,8.63205e+16,2.46598e+08
1.01638e+08,42938.1,4.96147e+06,3.10576e+29,3.11384e+25,3.85896e+12,0.82258,2.38753e+29,0.03468,1.4999e-05,3.9805e-14,4.4858e-68,5.22303e+14,2.92532e+15,1.52803e+11,3.44778e+15,8.36045e+16,2.40915e+08
1.02138e+08,42468.5,4.93669e+06,3.13362e+29,3.11796e+25,3.87662e+12,0.830706,2.26979e+29,0.03468,1.45407e-05,3.56353e-14,3.52038e-68,5.12818e+14,2.87888e+15,1.49773e+11,3.39185e+15,8.09546e+16,2.35318e+08
1.02638e+08,42001.9,4.91192e+06,3.16144e+29,3.12194e+25,3.89426e+12,0.838949,2.15737e+29,0.03468,1.40945e-05,3.18865e-14,2.75973e-68,5.03463e+14,2.83296e+15,1.46789e+11,3.33657e+15,7.83698e+16,2.29807e+08
1.03138e+08,41538.4,4.88716e+06,3.18923e+29,3.1258e+25,3.91187e+12,0.84731,2.05005e+29,0.03468,1.366e-05,2.85179e-14,2.16108e-68,4.94236e+14,2.78758e+15,1.43852e+11,3.28195e+15,7.58494e+16,2.24382e+08
1.03638e+08,41077.8,4.86242e+06,3.21698e+29,3.12953e+25,3.92946e+12,0.85579,1.94763e+29,0.03468,1.32371e-05,2.54924e-14,1.69045e-68,4.85136e+14,2.74271e+15,1.40961e+11,3.22799e+15,7.33925e+16,2.19041e+08
1.04138e+08,40620.3,4.8377e+06,3.24469e+29,3.13314e+25,3.94704e+12,0.864393,1.8499e+29,0.03468,1.28255e-05,2.27766e-14,1.32087e-68,4.76164e+14,2.69837e+15,1.38116e+11,3.17467e+15,7.09982e+16,2.13784e+08
1.04638e+08,40165.8,4.81299e+06,3.27235e+29,3.13663e+25,3.96459e+12,0.873119,1.75668e+29,0.03468,1.24249e-05,2.034e-14,1.03097e-68,4.67318e+14,2.65455e+15,1.35316e+11,3.12201e+15,6.86657e+16,2.08611e+08
1.05138e+08,39714.3,4.7883e+06,3.29996e+29,3.14001e+25,3.98212e+12,0.881971,1.66777e+29,0.03468,1.20351e-05,1.8155e-14,8.03814e-69,4.58596e+14,2.61126e+15,1.32561e+11,3.06998e+15,6.6394e+16,2.0352e+08
1.05638e+08,39266,4.76363e+06,3.32753e+29,3.14328e+25,3.99963e+12,0.890951,1.583e+29,0.03468,1.16559e-05,1.61967e-14,6.26026e-69,4.49999e+14,2.56847e+15,1.2985e+11,3.0186e+15,6.41822e+16,1.98512e+08
1.06138e+08,38820.6,4.73898e+06,3.35504e+29,3.14643e+25,4.01712e+12,0.90006,1.5022e+29,0.03468,1.1287e-05,1.44424e-14,4.87028e-69,4.41526e+14,2.5262e+15,1.27184e+11,2.96786e+15,6.20293e+16,1.93586e+08
1.06638e+08,38378.4,4.71436e+06,3.38249e+29,3.14948e+25,4.03458e+12,0.909302,1.4252e+29,0.03468,1.09283e-05,1.28716e-14,3.78478e-69,4.33175e+14,2.48445e+15,1.2456e+11,2.91775e+15,5.99344e+16,1.88741e+08
1.07138e+08,37939.2,4.68975e+06,3.40989e+29,3.15243e+25,4.05203e+12,0.918678,1.35183e+29,0.03468,1.05795e-05,1.1466e-14,2.93801e-69,4.24945e+14,2.4432e+15,1.2198e+11,2.86827e+15,5.78966e+16,1.83976e+08
1.07638e+08,37503.2,4.66517e+06,3.43723e+29,3.15528e+25,4.06945e+12,0.92819,1.28195e+29,0.03468,1.02403e-05,1.02088e-14,2.27819e-69,4.16836e+14,2.40246e+15,1.19443e+11,2.81941e+15,5.59148e+16,1.79291e+08
1.08138e+08,37070.2,4.64061e+06,3.4645e+29,3.15803e+25,4.08685e+12,0.937841,1.21541e+29,0.03468,9.91066e-06,9.08482e-15,1.76461e-69,4.08846e+14,2.36222e+15,1.16948e+11,2.77119e+15,5.3988e+16,1.74685e+08
1.08638e+08,36640.3,4.61608e+06,3.49171e+29,3.16068e+25,4.10423e+12,0.947633,1.15205e+29,0.03468,9.59023e-06,8.08058e-15,1.36532e-69,4.00975e+14,2.32249e+15,1.14494e+11,2.72358e+15,5.21153e+16,1.70158e+08
1.09138e+08,36213.6,4.59158e+06,3.51886e+29,3.16324e+25,4.12158e+12,0.957568,1.09175e+29,0.03468,9.27885e-06,7.18374e-15,1.05521e-69,3.93221e+14,2.28325e+15,1.12082e+11,2.67658e+15,5.02957e+16,1.65709e+08
1.09638e+08,35789.9,4.5671e+06,3.54593e+29,3.16571e+25,4.13892e+12,0.967649,1.03436e+29,0.03468,8.9763e-06,6.38323e-15,8.14647e-70,3.85584e+14,2.24451e+15,1.09711e+11,2.6302e+15,4.85281e+16,1.61337e+08
1.10138e+08,35369.4,4.54264e+06,3.57293e+29,3.1681e+25,4.15623e+12,0.977878,9.79766e+28,0.03468,8.68237e-06,5.66908e-15,6.28233e-70,3.78063e+14,2.20626e+15,1.0738e+11,2.58443e+15,4.68116e+16,1.57042e+08
1.10638e+08,34952,4.51822e+06,3.59986e+29,3.1704e+25,4.17352e+12,0.988257,9.2784e+28,0.03468,8.39688e-06,5.03229e-15,4.83942e-70,3.70656e+14,2.1685e+15,1.0509e+11,2.53926e+15,4.51452e+16,1.52822e+08
1.11138e+08,34537.7,4.49383e+06,3.62671e+29,3.17261e+25,4.19078e+12,0.99879,8.78464e+28,0.03468,8.1196e-06,4.46478e-15,3.72381e-70,3.63363e+14,2.13123e+15,1.02838e+11,2.4947e+15,4.35278e+16,1.48678e+08
1.11638e+08,34126.6,4.46946e+06,3.65348e+29,3.17475e+25,4.20803e+12,1.00948,8.31523e+28,0.03468,7.85037e-06,3.95927e-15,2.86221e-70,3.56182e+14,2.09444e+15,1.00626e+11,2.45073e+15,4.19585e+16,1.44609e+08
1.12138e+08,33718.5,4.44513e+06,3.68017e+29,3.17681e+25,4.22525e+12,1.02032,7.86909e+28,0.03468,7.58897e-06,3.50922e-15,2.19753e-70,3.49113e+14,2.05813e+15,9.84528e+10,2.40735e+15,4.04362e+16,1.40613e+08
1.12638e+08,33313.7,4.42083e+06,3.70677e+29,3.1788e+25,4.24244e+12,1.03133,7.44517e+28,0.03468,7.33522e-06,3.10876e-15,1.68534e-70,3.42154e+14,2.0223e+15,9.63175e+10,2.36456e+15,3.89599e+16,1.36691e+08
1.13138e+08,32911.9,4.39656e+06,3.73329e+29,3.18071e+25,4.25962e+12,1.0425,7.04245e+28,0.03468,7.08894e-06,2.7526e-15,1.2911e-70,3.35305e+14,1.98695e+15,9.42198e+10,2.32235e+15,3.75288e+16,1.32841e+08
1.13638e+08,32513.3,4.37232e+06,3.75972e+29,3.18255e+25,4.27677e+12,1.05384,6.65997e+28,0.03468,6.84994e-06,2.43601e-15,0,3.28564e+14,1.95206e+15,9.21594e+10,2.28072e+15,3.61416e+16,1.29063e+08
1.14138e+08,32117.8,4.34812e+06,3.78606e+29,3.18433e+25,4.29389e+12,1.06535,6.2968e+28,0.03468,6.61804e-06,2.15473e-15,0,3.2193e+14,1.91765e+15,9.01358e+10,2.23967e+15,3.47976e+16,1.25357e+08
1.14638e+08,31725.5,4.32396e+06,3.81231e+29,3.18604e+25,4.311e+12,1.07703,5.95204e+28,0.03468,6.39307e-06,1.90497e-15,0,3.15403e+14,1.88369e+15,8.81486e+10,2.19918e+15,3.34956e+16,1.2172e+08
1.15138e+08,31336.3,4.29983e+06,3.83847e+29,3.18768e+25,4.32808e+12,1.08888,5.62485e+28,0.03468,6.17485e-06,1.68329e-15,0,3.0898e+14,1.8502e+15,8.61973e+10,2.15927e+15,3.22347e+16,1.18154e+08
1.15638e+08,30950.2,4.27573e+06,3.86453e+29,3.18926e+25,4.34513e+12,1.10092,5.31441e+28,0.03468,5.96322e-06,1.48666e-15,0,3.02662e+14,1.81716e+15,8.42814e+10,2.11991e+15,3.1014e+16,1.14656e+08
1.16138e+08,30567.3,4.25167e+06,3.89049e+29,3.19078e+25,4.36216e+12,1.11313,5.01992e+28,0.03468,5.758e-06,1.31232e-15,0,2.96446e+14,1.78458e+15,8.24005e+10,2.08111e+15,2.98325e+16,1.11227e+08
1.16638e+08,30187.4,4.22765e+06,3.91635e+29,3.19225e+25,4.37917e+12,1.12553,4.74065e+28,0.03468,5.55904e-06,1.15783e-15,0,2.90333e+14,1.75245e+15,8.05541e+10,2.04287e+15,2.86893e+16,1.07866e+08
1.17138e+08,29810.8,4.20367e+06,3.94211e+29,3.19365e+25,4.39615e+12,1.13812,4.47585e+28,0.03468,5.36617e-06,1.021e-15,0,2.8432e+14,1.72077e+15,7.87418e+10,2.00517e+15,2.75833e+16,1.04572e+08
1.17638e+08,29437.2,4.17973e+06,3.96776e+29,3.19501e+25,4.41311e+12,1.15089,4.22486e+28,0.03468,5.17923e-06,8.99883e-16,0,2.78407e+14,1.68953e+15,7.69632e+10,1.96801e+15,2.65137e+16,1.01344e+08
1.18138e+08,29066.8,4.15583e+06,3.99331e+29,3.19631e+25,4.43005e+12,1.16387,3.987e+28,0.03468,4.99807e-06,7.92723e-16,0,2.72592e+14,1.65873e+15,7.52177e+10,1.93139e+15,2.54796e+16,9.81817e+07
1.18638e+08,28699.5,4.13197e+06,4.01875e+29,3.19756e+25,4.44696e+12,1.17703,3.76164e+28,0.03468,4.82255e-06,6.97962e-16,0,2.66875e+14,1.62836e+15,7.3505e+10,1.89531e+15,2.448e+16,9.50842e+07
1.19138e+08,28335.3,4.10814e+06,4.04409e+29,3.19876e+25,4.46384e+12,1.19041,3.54818e+28,0.03468,4.6525e-06,6.14211e-16,0,2.61255e+14,1.59843e+15,7.18246e+10,1.85976e+15,2.3514e+16,9.2051e+07
1.19638e+08,27974.2,4.08437e+06,4.06931e+29,3.19991e+25,4.4807e+12,1.20398,3.34603e+28,0.03468,4.48778e-06,5.40229e-16,0,2.55729e+14,1.56893e+15,7.0176e+10,1.82473e+15,2.25809e+16,8.90813e+07
1.20138e+08,27616.2,4.06063e+06,4.09441e+29,3.20102e+25,4.49753e+12,1.21777,3.15466e+28,0.03468,4.32826e-06,4.74911e-16,0,2.50298e+14,1.53985e+15,6.85588e+10,1.79021e+15,2.16796e+16,8.61744e+07
1.20638e+08,27261.3,4.03694e+06,4.11941e+29,3.20208e+25,4.51434e+12,1.23176,2.97352e+28,0.03468,4.17379e-06,4.17272e-16,0,2.44961e+14,1.51119e+15,6.69727e+10,1.75622e+15,2.08093e+16,8.33296e+07
1.21138e+08,26909.5,4.01329e+06,4.14428e+29,3.2031e+25,4.53113e+12,1.24598,2.80211e+28,0.03468,4.02423e-06,3.66438e-16,0,2.39715e+14,1.48295e+15,6.5417e+10,1.72273e+15,1.99693e+16,8.05462e+07
1.21638e+08,26560.8,3.98968e+06,4.16904e+29,3.20408e+25,4.54789e+12,1.26041,2.63994e+28,0.03468,3.87945e-06,3.21627e-16,0,2.3456e+14,1.45513e+15,6.38915e+10,1.68975e+15,1.91586e+16,7.78235e+07
1.22138e+08,26215.2,3.96612e+06,4.19368e+29,3.20502e+25,4.56462e+12,1.27506,2.48657e+28,0.03468,3.73933e-06,2.82148e-16,0,2.29495e+14,1.42771e+15,6.23956e+10,1.65727e+15,1.83764e+16,7.51608e+07
1.22638e+08,25872.7,3.94261e+06,4.2182e+29,3.20592e+25,4.58133e+12,1.28995,2.34154e+28,0.03468,3.60372e-06,2.47385e-16,0,2.24519e+14,1.4007e+15,6.0929e+10,1.62528e+15,1.7622e+16,7.25575e+07
1.23138e+08,25533.2,3.91914e+06,4.24259e+29,3.20678e+25,4.59801e+12,1.30507,2.20444e+28,0.03468,3.47251e-06,2.1679e-16,0,2.19631e+14,1.37409e+15,5.94912e+10,1.59378e+15,1.68945e+16,7.00128e+07
1.23638e+08,25196.8,3.89572e+06,4.26686e+29,3.20761e+25,4.61466e+12,1.32042,2.07486e+28,0.03468,3.34557e-06,1.89878e-16,0,2.14829e+14,1.34789e+15,5.80818e+10,1.56277e+15,1.61932e+16,6.7526e+07
1.24138e+08,24863.4,3.87234e+06,4.291e+29,3.2084e+25,4.63129e+12,1.33601,1.95242e+28,0.03468,3.22279e-06,1.66218e-16,0,2.10113e+14,1.32207e+15,5.67003e+10,1.53224e+15,1.55172e+16,6.50966e+07
1.24638e+08,24533.1,3.84902e+06,4.31502e+29,3.20916e+25,4.6479e+12,1.35185,1.83677e+28,0.03468,3.10404e-06,1.4543e-16,0,2.05481e+14,1.29665e+15,5.53464e+10,1.50219e+15,1.4866e+16,6.27237e+07
1.25138e+08,24205.8,3.82574e+06,4.33891e+29,3.20989e+25,4.66447e+12,1.36794,1.72754e+28,0.03468,2.98921e-06,1.27173e-16,0,2.00933e+14,1.27161e+15,5.40196e+10,1.4726e+15,1.42386e+16,6.04066e+07
1.25638e+08,23881.6,3.80251e+06,4.36267e+29,3.21059e+25,4.68102e+12,1.38428,1.6244e+28,0.03468,2.87819e-06,1.11148e-16,0,1.96467e+14,1.24696e+15,5.27195e+10,1.44348e+15,1.36344e+16,5.81449e+07
1.26138e+08,23560.3,3.77933e+06,4.38629e+29,3.21125e+25,4.69754e+12,1.40088,1.52705e+28,0.03468,2.77087e-06,9.70903e-17,0,1.92082e+14,1.22269e+15,5.14457e+10,1.41482e+15,1.30527e+16,5.59376e+07
1.26638e+08,23242.1,3.7562e+06,4.40978e+29,3.21189e+25,4.71404e+12,1.41774,1.43518e+28,0.03468,2.66714e-06,8.47648e-17,0,1.87778e+14,1.19879e+15,5.01978e+10,1.38662e+15,1.24929e+16,5.37842e+07
1.27138e+08,22926.9,3.73312e+06,4.43314e+29,3.2125e+25,4.73051e+12,1.43488,1.3485e+28,0.03468,2.5669e-06,7.39639e-17,0,1.83552e+14,1.17527e+15,4.89755e+10,1.35887e+15,1.19541e+16,5.1684e+07
1.27638e+08,22614.6,3.71009e+06,4.45637e+29,3.21309e+25,4.74695e+12,1.45228,1.26674e+28,0.03468,2.47004e-06,6.45041e-17,0,1.79405e+14,1.15211e+15,4.77782e+10,1.33156e+15,1.14358e+16,4.96363e+07
1.28138e+08,22305.4,3.68712e+06,4.47945e+29,3.21365e+25,4.76337e+12,1.46997,1.18964e+28,0.03468,2.37647e-06,5.62236e-17,0,1.75334e+14,1.12932e+15,4.66056e+10,1.3047e+15,1.09373e+16,4.76405e+07
1.28638e+08,21999.1,3.66419e+06,4.5024e+29,3.21418e+25,4.77976e+12,1.48794,1.11696e+28,0.03468,2.28609e-06,4.89792e-17,0,1.7134e+14,1.10689e+15,4.54573e+10,1.27827e+15,1.0458e+16,4.56959e+07
1.29138e+08,21695.7,3.64132e+06,4.52521e+29,3.21469e+25,4.79612e+12,1.5062,1.04845e+28,0.03468,2.1988e-06,4.26448e-17,0,1.6742e+14,1.08481e+15,4.43329e+10,1.25227e+15,9.99725e+15,4.38019e+07
1.29638e+08,21395.3,3.6185e+06,4.54788e+29,3.21518e+25,4.81245e+12,1.52475,9.83893e+27,0.03468,2.11451e-06,3.71092e-17,0,1.63575e+14,1.06309e+15,4.3232e+10,1.2267e+15,9.55446e+15,4.19577e+07
1.30138e+08,21097.9,3.59574e+06,4.57041e+29,3.21565e+25,4.82875e+12,1.5436,9.23079e+27,0.03468,2.03313e-06,3.22742e-17,0,1.59802e+14,1.04171e+15,4.21542e+10,1.20155e+15,9.12904e+15,4.01628e+07
1.30638e+08,20803.3,3.57302e+06,4.59279e+29,3.2161e+25,4.84503e+12,1.56276,8.65804e+27,0.03468,1.95458e-06,2.80536e-17,0,1.56101e+14,1.02068e+15,4.10992e+10,1.17682e+15,8.72041e+15,3.84165e+07
1.31138e+08,20511.7,3.55037e+06,4.61503e+29,3.21652e+25,4.86128e+12,1.58224,8.11875e+27,0.03468,1.87876e-06,2.43713e-17,0,1.52471e+14,9.9999e+14,4.00666e+10,1.1525e+15,8.32802e+15,3.67181e+07
1.31638e+08,20223,3.52776e+06,4.63713e+29,3.21693e+25,4.8775e+12,1.60203,7.6111e+27,0.03468,1.80559e-06,2.11604e-17,0,1.48911e+14,9.79637e+14,3.9056e+10,1.12859e+15,7.95132e+15,3.50671e+07
1.32138e+08,19937.1,3.50522e+06,4.65908e+29,3.21732e+25,4.89369e+12,1.62214,7.13336e+27,0.03468,1.73499e-06,1.83623e-17,0,1.4542e+14,9.59618e+14,3.8067e+10,1.10508e+15,7.58977e+15,3.34627e+07
1.32638e+08,19654.2,3.48272e+06,4.68089e+29,3.21769e+25,4.90985e+12,1.64258,6.68388e+27,0.03468,1.66689e-06,1.59251e-17,0,1.41996e+14,9.39928e+14,3.70993e+10,1.08196e+15,7.24286e+15,3.19044e+07
1.33138e+08,19374.1,3.46029e+06,4.70255e+29,3.21804e+25,4.92599e+12,1.66337,6.26109e+27,0.03468,1.6012e-06,1.38036e-17,0,1.38639e+14,9.20563e+14,3.61525e+10,1.05924e+15,6.91008e+15,3.03916e+07
1.33638e+08,19096.8,3.43791e+06,4.72406e+29,3.21838e+25,4.9421e+12,1.68449,5.86351e+27,0.03468,1.53785e-06,1.19579e-17,0,1.35348e+14,9.01521e+14,3.52263e+10,1.0369e+15,6.59094e+15,2.89235e+07
1.34138e+08,18822.4,3.41558e+06,4.74542e+29,3.2187e+25,4.95817e+12,1.70597,5.48975e+27,0.03468,1.47676e-06,1.03531e-17,0,1.32122e+14,8.82796e+14,3.43202e+10,1.01495e+15,6.28495e+15,2.74997e+07
1.34638e+08,18550.8,3.39332e+06,4.76663e+29,3.21901e+25,4.97422e+12,1.7278,5.13845e+27,0.03468,1.41787e-06,8.95842e-18,0,1.2896e+14,8.64386e+14,3.3434e+10,9.9338e+14,5.99166e+15,2.61195e+07
1.35138e+08,18282,3.37111e+06,4.78769e+29,3.2193e+25,4.99024e+12,1.75,4.80836e+27,0.03468,1.3611e-06,7.74718e-18,0,1.25861e+14,8.46286e+14,3.25673e+10,9.7218e+14,5.71061e+15,2.47822e+07
1.35638e+08,18016,3.34896e+06,4.80859e+29,3.21958e+25,5.00623e+12,1.77257,4.49828e+27,0.03468,1.30639e-06,6.69581e-18,0,1.22824e+14,8.28493e+14,3.17197e+10,9.51348e+14,5.44136e+15,2.34873e+07
1.36138e+08,17752.8,3.32687e+06,4.82935e+29,3.21985e+25,5.02219e+12,1.79552,4.20708e+27,0.03468,1.25367e-06,5.78374e-18,0,1.19848e+14,8.11003e+14,3.08909e+10,9.30881e+14,5.18348e+15,2.22342e+07
1.36638e+08,17492.3,3.30483e+06,4.84995e+29,3.2201e+25,5.03812e+12,1.81885,3.93367e+27,0.03468,1.20288e-06,4.99297e-18,0,1.16931e+14,7.93812e+14,3.00807e+10,9.10773e+14,4.93656e+15,2.10223e+07
1.37138e+08,17234.6,3.28286e+06,4.8704e+29,3.22034e+25,5.05402e+12,1.84258,3.67703e+27,0.03468,1.15395e-06,4.30778e-18,0,1.14074e+14,7.76917e+14,2.92885e+10,8.9102e+14,4.70019e+15,1.9851e+07
1.37638e+08,16979.7,3.26094e+06,4.89069e+29,3.22057e+25,5.06989e+12,1.86671,3.43621e+27,0.03468,1.10682e-06,3.71442e-18,0,1.11276e+14,7.60313e+14,2.85142e+10,8.71617e+14,4.47398e+15,1.87198e+07
1.38138e+08,16727.4,3.23908e+06,4.91083e+29,3.22079e+25,5.08573e+12,1.89125,3.21028e+27,0.03468,1.06143e-06,3.20087e-18,0,1.08534e+14,7.43998e+14,2.77574e+10,8.5256e+14,4.25756e+15,1.7628e+07
1.38638e+08,16477.9,3.21729e+06,4.93082e+29,3.221e+25,5.10154e+12,1.91621,2.99839e+27,0.03468,1.01774e-06,2.75668e-18,0,1.05849e+14,7.27967e+14,2.70177e+10,8.33843e+14,4.05056e+15,1.6575e+07
1.39138e+08,16231,3.19555e+06,4.95064e+29,3.2212e+25,5.11732e+12,1.9416,2.79971e+27,0.03468,9.75673e-07,2.37269e-18,0,1.0322e+14,7.12217e+14,2.62949e+10,8.15463e+14,3.85261e+15,1.55604e+07
1.39638e+08,15986.9,3.17387e+06,4.97032e+29,3.22138e+25,5.13307e+12,1.96742,2.61347e+27,0.03468,9.35185e-07,2.04096e-18,0,1.00645e+14,6.96745e+14,2.55887e+10,7.97415e+14,3.66337e+15,1.45835e+07
1.40138e+08,15745.4,3.15226e+06,4.98983e+29,3.22156e+25,5.14879e+12,1.99369,2.43894e+27,0.03468,8.96221e-07,1.75454e-18,0,9.81236e+13,6.81546e+14,2.48987e+10,7.79695e+14,3.48251e+15,1.36438e+07
1.40638e+08,15506.5,3.1307e+06,5.00918e+29,3.22173e+25,5.16448e+12,2.02041,2.27542e+27,0.03468,8.58731e-07,1.50738e-18,0,9.56553e+13,6.66617e+14,2.42246e+10,7.62297e+14,3.3097e+15,1.27408e+07
1.41138e+08,15270.3,3.10921e+06,5.02838e+29,3.22189e+25,5.18014e+12,2.0476,2.12227e+27,0.03468,8.22664e-07,1.29425e-18,0,9.3239e+13,6.51955e+14,2.35662e+10,7.45218e+14,3.14463e+15,1.18738e+07
1.41638e+08,15036.7,3.08778e+06,5.04742e+29,3.22205e+25,5.19576e+12,2.07526,1.97887e+27,0.03468,7.87972e-07,1.11056e-18,0,9.08738e+13,6.37556e+14,2.29231e+10,7.28453e+14,2.987e+15,1.10424e+07
1.42138e+08,14805.7,3.0664e+06,5.0663e+29,3.22219e+25,5.21136e+12,2.1034,1.84463e+27,0.03468,7.54609e-07,9.52347e-19,0,8.85589e+13,6.23417e+14,2.2295e+10,7.11998e+14,2.8365e+15,1.02459e+07
1.42638e+08,14577.3,3.0451e+06,5.08502e+29,3.22233e+25,5.22692e+12,2.13204,1.719e+27,0.03468,7.22529e-07,8.16162e-19,0,8.62934e+13,6.09533e+14,2.16817e+10,6.95848e+14,2.69286e+15,9.48398e+06
1.43138e+08,14351.4,3.02385e+06,5.10358e+29,3.22246e+25,5.24245e+12,2.16118,1.60147e+27,0.03468,6.91689e-07,6.99008e-19,0,8.40766e+13,5.95902e+14,2.10829e+10,6.8e+14,2.5558e+15,8.75595e+06
1.43638e+08,14128.1,3.00267e+06,5.12198e+29,3.22259e+25,5.25795e+12,2.19084,1.49154e+27,0.03468,6.62044e-07,5.98291e-19,0,8.19076e+13,5.8252e+14,2.04983e+10,6.64448e+14,2.42506e+15,8.06133e+06
1.44138e+08,13907.3,2.98154e+06,5.14022e+29,3.2227e+25,5.27342e+12,2.22102,1.38875e+27,0.03468,6.33555e-07,5.11758e-19,0,7.97855e+13,5.69384e+14,1.99276e+10,6.49189e+14,2.30037e+15,7.39958e+06
1.44638e+08,13689.1,2.96049e+06,5.1583e+29,3.22282e+25,5.28886e+12,2.25173,1.29266e+27,0.03468,6.0618e-07,4.37459e-19,0,7.77096e+13,5.5649e+14,1.93706e+10,6.34219e+14,2.18149e+15,6.7702e+06
1.45138e+08,13473.3,2.93949e+06,5.17622e+29,3.22292e+25,5.30426e+12,2.283,1.20286e+27,0.03468,5.79881e-07,3.73705e-19,0,7.56791e+13,5.43835e+14,1.88269e+10,6.19533e+14,2.06818e+15,6.17266e+06
1.45638e+08,13260.1,2.91856e+06,5.19398e+29,3.22302e+25,5.31963e+12,2.31483,1.11897e+27,0.03468,5.54619e-07,3.19033e-19,0,7.36932e+13,5.31416e+14,1.82963e+10,6.05127e+14,1.96021e+15,5.60644e+06
1.46138e+08,13049.3,2.89769e+06,5.21157e+29,3.22312e+25,5.33497e+12,2.34722,1.04061e+27,0.03468,5.30358e-07,2.72181e-19,0,7.17511e+13,5.19228e+14,1.77786e+10,5.90997e+14,1.85735e+15,5.07105e+06
1.46638e+08,12840.9,2.87688e+06,5.22901e+29,3.22321e+25,5.35028e+12,2.38021,9.67453e+26,0.03468,5.07063e-07,2.32056e-19,0,6.9852e+13,5.0727e+14,1.72735e+10,5.77139e+14,1.7594e+15,4.56596e+06
1.47138e+08,12635,2.85614e+06,5.24628e+29,3.2233e+25,5.36555e+12,2.41379,8.99162e+26,0.03468,4.84699e-07,1.97714e-19,0,6.79952e+13,4.95538e+14,1.67807e+10,5.6355e+14,1.66613e+15,4.09067e+06
1.47638e+08,12431.5,2.83547e+06,5.26339e+29,3.22338e+25,5.38079e+12,2.44798,8.35435e+26,0.03468,4.63232e-07,1.68342e-19,0,6.618e+13,4.84028e+14,1.63e+10,5.50224e+14,1.57737e+15,3.64467e+06
1.48138e+08,12230.5,2.81485e+06,5.28035e+29,3.22345e+25,5.396e+12,2.4828,7.75984e+26,0.03468,4.42631e-07,1.43236e-19,0,6.44056e+13,4.72737e+14,1.58312e+10,5.37158e+14,1.4929e+15,3.22745e+06
1.48638e+08,12031.8,2.7943e+06,5.29713e+29,3.22353e+25,5.41118e+12,2.51825,7.2054e+26,0.03468,4.22864e-07,1.21792e-19,0,6.26712e+13,4.61662e+14,1.53739e+10,5.24348e+14,1.41254e+15,2.83851e+06
1.49138e+08,11835.5,2.77382e+06,5.31376e+29,3.22359e+25,5.42632e+12,2.55435,6.68848e+26,0.03468,4.039e-07,1.03486e-19,0,6.09761e+13,4.508e+14,1.49281e+10,5.11791e+14,1.33613e+15,2.47734e+06
1.49638e+08,11641.5,2.7534e+06,5.33022e+29,3.22366e+25,5.44142e+12,2.59113,6.20667e+26,0.03468,3.85711e-07,8.78719e-20,0,5.93197e+13,4.40148e+14,1.44933e+10,4.99482e+14,1.26347e+15,2.14342e+06
1.50138e+08,11449.9,2.73305e+06,5.34653e+29,3.22372e+25,5.4565e+12,2.62858,5.75774e+26,0.03468,3.68267e-07,7.45614e-20,0,5.77012e+13,4.29702e+14,1.40695e+10,4.87417e+14,1.19442e+15,1.83623e+06
1.50638e+08,11260.5,2.71276e+06,5.36267e+29,3.22378e+25,5.47154e+12,2.66673,5.33957e+26,0.03468,3.51542e-07,6.32227e-20,0,5.61199e+13,4.1946e+14,1.36563e+10,4.75593e+14,1.1288e+15,1.55525e+06
1.51138e+08,11073.5,2.69253e+06,5.37865e+29,3.22383e+25,5.48654e+12,2.7056,4.95016e+26,0.03468,3.35509e-07,5.35704e-20,0,5.45751e+13,4.09418e+14,1.32536e+10,4.64006e+14,1.06647e+15,1.29995e+06
1.51638e+08,10888.8,2.67237e+06,5.39447e+29,3.22389e+25,5.50151e+12,2.74519,4.58766e+26,0.03468,3.20142e-07,4.53593e-20,0,5.30662e+13,3.99574e+14,1.28611e+10,4.52653e+14,1.00728e+15,1.06977e+06
1.52138e+08,10706.3,2.65228e+06,5.41012e+29,3.22393e+25,5.51645e+12,2.78553,4.25031e+26,0.03468,3.05416e-07,3.83793e-20,0,5.15925e+13,3.89924e+14,1.24786e+10,4.41529e+14,9.51087e+14,864162
1.52638e+08,10526.1,2.63225e+06,5.42562e+29,3.22398e+25,5.53135e+12,2.82664,3.93645e+26,0.03468,2.91307e-07,3.24498e-20,0,5.01532e+13,3.80466e+14,1.21059e+10,4.30631e+14,8.97754e+14,682534
1.53138e+08,10348.1,2.61228e+06,5.44095e+29,3.22402e+25,5.54622e+12,2.86852,3.64456e+26,0.03468,2.77792e-07,2.74163e-20,0,4.87479e+13,3.71196e+14,1.17428e+10,4.19956e+14,8.47151e+14,524274
1.53638e+08,10172.4,2.59239e+06,5.45612e+29,3.22407e+25,5.56105e+12,2.91121,3.37317e+26,0.03468,2.64848e-07,2.31466e-20,0,4.73757e+13,3.62112e+14,1.13891e+10,4.09499e+14,7.99152e+14,388728
1.54138e+08,9998.82,2.57255e+06,5.47113e+29,3.2241e+25,5.57585e+12,2.95471,3.12093e+26,0.03468,2.52454e-07,1.95273e-20,0,4.60362e+13,3.53211e+14,1.10445e+10,3.99258e+14,7.53638e+14,275192
1.54638e+08,9827.44,2.55279e+06,5.48599e+29,3.22414e+25,5.59061e+12,2.99904,2.88657e+26,0.03468,2.40588e-07,1.64616e-20,0,4.47286e+13,3.44489e+14,1.0709e+10,3.89228e+14,7.10492e+14,182887
1.55138e+08,9658.22,2.53309e+06,5.50068e+29,3.22418e+25,5.60534e+12,3.04424,2.66888e+26,0.03468,2.29231e-07,1.38667e-20,0,4.34524e+13,3.35944e+14,1.03822e+10,3.79407e+14,6.69605e+14,110931
1.55638e+08,9491.15,2.51345e+06,5.51521e+29,3.22421e+25,5.62003e+12,3.09031,2.46674e+26,0.03468,2.18362e-07,1.16719e-20,0,4.22068e+13,3.27574e+14,1.0064e+10,3.69791e+14,6.30868e+14,58279.1
1.56138e+08,9326.21,2.49388e+06,5.52958e+29,3.22424e+25,5.63469e+12,3.13728,2.27911e+26,0.03468,2.07962e-07,9.81695e-21,0,4.09915e+13,3.19375e+14,9.75425e+09,3.60377e+14,5.94181e+14,23619.9
1.56638e+08,9163.38,2.47438e+06,5.54379e+29,3.22427e+25,5.64931e+12,3.18517,2.10501e+26,0.03468,1.98014e-07,8.25039e-21,0,3.98056e+13,3.11345e+14,9.45268e+09,3.5116e+14,5.59446e+14,7430.42
1.57138e+08,9002.64,2.45494e+06,5.55784e+29,3.2243e+25,5.66389e+12,3.234,1.94351e+26,0.03468,1.885e-07,6.92838e-21,0,3.86487e+13,3.03481e+14,9.15915e+09,3.42139e+14,5.2657e+14,2792.41
1.57638e+08,8843.99,2.43557e+06,5.57173e+29,3.22432e+25,5.67844e+12,3.2838,1.79375e+26,0.03468,1.79402e-07,5.81361e-21,0,3.75202e+13,2.95781e+14,8.87347e+09,3.3331e+14,4.95461e+14,971.204
1.58138e+08,8687.4,2.41627e+06,5.58547e+29,3.22434e+25,5.69295e+12,3.33458,1.65493e+26,0.03468,1.70704e-07,4.87431e-21,0,3.64195e+13,2.8824e+14,8.59547e+09,3.24669e+14,4.66036e+14,309.722
1.58638e+08,8532.85,2.39703e+06,5.59904e+29,3.22437e+25,5.70743e+12,3.38638,1.52628e+26,0.03468,1.62391e-07,4.08347e-21,0,3.53461e+13,2.80858e+14,8.32497e+09,3.16213e+14,4.3821e+14,57.6969
1.59138e+08,8380.32,2.37786e+06,5.61246e+29,3.22439e+25,5.72186e+12,3.43921,1.40712e+26,0.03468,1.54447e-07,3.41816e-21,0,3.42994e+13,2.73632e+14,8.0618e+09,3.07939e+14,4.11907e+14,7.33614
1.59638e+08,8229.81,2.35875e+06,5.62572e+29,3.22441e+25,5.73627e+12,3.49311,1.29677e+26,0.03468,1.46856e-07,2.8589e-21,0,3.32788e+13,2.66558e+14,7.8058e+09,2.99845e+14,3.8705e+14,0.918221
1.60138e+08,8081.29,2.33971e+06,5.63883e+29,3.22443e+25,5.75063e+12,3.54809,1.19462e+26,0.03468,1.39606e-07,2.38916e-21,0,3.22839e+13,2.59635e+14,7.5568e+09,2.91926e+14,3.63568e+14,0.114951
1.60638e+08,7934.74,2.32074e+06,5.65177e+29,3.22444e+25,5.76496e+12,3.6042,1.10009e+26,0.03468,1.32682e-07,1.99492e-21,0,3.13141e+13,2.52859e+14,7.31465e+09,2.84181e+14,3.41392e+14,0.0144045
1.61138e+08,7790.15,2.30183e+06,5.66457e+29,3.22446e+25,5.77925e+12,3.66144,1.01265e+26,0.03468,1.26071e-07,1.66433e-21,0,3.03688e+13,2.46229e+14,7.07917e+09,2.76605e+14,3.20456e+14,0.00181852
1.61638e+08,7647.5,2.28299e+06,5.6772e+29,3.22448e+25,5.7935e+12,3.71986,9.31799e+25,0.03468,1.1976e-07,1.38734e-21,0,2.94477e+13,2.39742e+14,6.85022e+09,2.69196e+14,3.00697e+14,0.000114909
1.62138e+08,7506.78,2.26421e+06,5.68968e+29,3.22449e+25,5.80771e+12,3.77949,8.57063e+25,0.03468,1.13736e-07,1.15544e-21,0,2.85501e+13,2.33395e+14,6.62765e+09,2.61952e+14,2.82055e+14,0
1.62638e+08,7367.96,2.2455e+06,5.70201e+29,3.22451e+25,5.82189e+12,3.84034,7.88006e+25,0.03468,1.07989e-07,9.61472e-22,0,2.76756e+13,2.27186e+14,6.4113e+09,2.54868e+14,2.64474e+14,0
1.63138e+08,7231.04,2.22686e+06,5.71418e+29,3.22452e+25,5.83602e+12,3.90247,7.24221e+25,0.03468,1.02506e-07,7.99357e-22,0,2.68237e+13,2.21113e+14,6.20103e+09,2.47943e+14,2.47898e+14,0
1.63638e+08,7095.98,2.20829e+06,5.7262e+29,3.22453e+25,5.85012e+12,3.96589,6.65328e+25,0.03468,9.7277e-08,6.63984e-22,0,2.5994e+13,2.15173e+14,5.9967e+09,2.41173e+14,2.32275e+14,0
1.64138e+08,6962.79,2.18978e+06,5.73807e+29,3.22454e+25,5.86418e+12,4.03064,6.10971e+25,0.03468,9.22909e-08,5.51039e-22,0,2.51859e+13,2.09365e+14,5.79816e+09,2.34556e+14,2.17556e+14,0
1.64638e+08,6831.43,2.17133e+06,5.74979e+29,3.22455e+25,5.87821e+12,4.09676,5.60822e+25,0.03468,8.75374e-08,4.56889e-22,0,2.43989e+13,2.03685e+14,5.60527e+09,2.28089e+14,2.03694e+14,0
1.65138e+08,6701.89,2.15296e+06,5.76135e+29,3.22456e+25,5.89219e+12,4.16429,5.14572e+25,0.03468,8.3007e-08,3.78477e-22,0,2.36328e+13,1.98131e+14,5.4179e+09,2.2177e+14,1.90642e+14,0
1.65638e+08,6574.17,2.13465e+06,5.77276e+29,3.22457e+25,5.90613e+12,4.23325,4.71935e+25,0.03468,7.869e-08,3.1323e-22,0,2.28869e+13,1.92702e+14,5.23592e+09,2.15594e+14,1.78358e+14,0
1.66138e+08,6448.23,2.1164e+06,5.78402e+29,3.22458e+25,5.92004e+12,4.3037,4.32644e+25,0.03468,7.45775e-08,2.58987e-22,0,2.21608e+13,1.87395e+14,5.0592e+09,2.09561e+14,1.66801e+14,0
1.66638e+08,6324.06,2.09822e+06,5.79514e+29,3.22459e+25,5.9339e+12,4.37566,3.96451e+25,0.03468,7.06606e-08,2.13933e-22,0,2.14542e+13,1.82208e+14,4.8876e+09,2.03667e+14,1.55931e+14,0
1.67138e+08,6201.65,2.08011e+06,5.8061e+29,3.2246e+25,5.94773e+12,4.44918,3.63126e+25,0.03468,6.6931e-08,1.76547e-22,0,2.07665e+13,1.77139e+14,4.721e+09,1.9791e+14,1.45713e+14,0
1.67638e+08,6080.98,2.06206e+06,5.81692e+29,3.2246e+25,5.96151e+12,4.5243,3.32454e+25,0.03468,6.33806e-08,1.45552e-22,0,2.00975e+13,1.72185e+14,4.55928e+09,1.92287e+14,1.36109e+14,0
1.68138e+08,5962.04,2.04408e+06,5.82758e+29,3.22461e+25,5.97526e+12,4.60107,3.04235e+25,0.03468,6.00016e-08,1.1988e-22,0,1.94466e+13,1.67345e+14,4.40233e+09,1.86796e+14,1.27087e+14,0
1.68638e+08,5844.8,2.02617e+06,5.8381e+29,3.22461e+25,5.98896e+12,4.67953,2.78284e+25,0.03468,5.67865e-08,9.86371e-23,0,1.88134e+13,1.62617e+14,4.25001e+09,1.81434e+14,1.18614e+14,0
1.69138e+08,5729.25,2.00832e+06,5.84848e+29,3.22462e+25,6.00263e+12,4.75973,2.54429e+25,0.03468,5.37281e-08,8.10766e-23,0,1.81976e+13,1.57997e+14,4.10221e+09,1.76199e+14,1.10661e+14,0
1.69638e+08,5615.37,1.99053e+06,5.85871e+29,3.22463e+25,6.01625e+12,4.84171,2.3251e+25,0.03468,5.08196e-08,6.65743e-23,0,1.75988e+13,1.53486e+14,3.95883e+09,1.71089e+14,1.03197e+14,0
1.70138e+08,5503.16,1.97281e+06,5.86879e+29,3.22463e+25,6.02983e+12,4.92552,2.12379e+25,0.03468,4.80543e-08,5.46094e-23,0,1.70165e+13,1.4908e+14,3.81975e+09,1.661e+14,9.61964e+13,0
1.70638e+08,5392.58,1.95516e+06,5.87874e+29,3.22464e+25,6.04337e+12,5.01123,1.93898e+25,0.03468,4.54259e-08,4.47479e-23,0,1.64505e+13,1.44777e+14,3.68486e+09,1.61231e+14,8.96321e+13,0
1.71138e+08,5283.63,1.93757e+06,5.88853e+29,3.22464e+25,6.05687e+12,5.09887,1.76938e+25,0.03468,4.29282e-08,3.66283e-23,0,1.59003e+13,1.40576e+14,3.55405e+09,1.5648e+14,8.34795e+13,0
1.71638e+08,5176.29,1.92005e+06,5.89819e+29,3.22464e+25,6.07033e+12,5.18851,1.61383e+25,0.03468,4.05553e-08,2.99497e-23,0,1.53656e+13,1.36475e+14,3.42723e+09,1.51844e+14,7.77151e+13,0
1.72138e+08,5070.55,1.9026e+06,5.9077e+29,3.22465e+25,6.08375e+12,5.28021,1.47122e+25,0.03468,3.83017e-08,2.44622e-23,0,1.4846e+13,1.32471e+14,3.30428e+09,1.47321e+14,7.23167e+13,0
1.72638e+08,4966.38,1.88521e+06,5.91708e+29,3.22465e+25,6.09712e+12,5.37401,1.34054e+25,0.03468,3.61619e-08,1.99581e-23,0,1.43412e+13,1.28564e+14,3.18511e+09,1.42908e+14,6.7263e+13,0
1.73138e+08,4863.78,1.86788e+06,5.92631e+29,3.22465e+25,6.11046e+12,5.46999,1.22083e+25,0.03468,3.41307e-08,1.62651e-23,0,1.38508e+13,1.24751e+14,3.06963e+09,1.38605e+14,6.2534e+13,0
1.73638e+08,4762.72,1.85062e+06,5.93541e+29,3.22466e+25,6.12375e+12,5.56821,1.11125e+25,0.03468,3.22032e-08,1.32405e-23,0,1.33745e+13,1.2103e+14,2.95773e+09,1.34407e+14,5.81107e+13,0
1.74138e+08,4663.2,1.83342e+06,5.94437e+29,3.22466e+25,6.137e+12,5.66873,1.01096e+25,0.03468,3.03746e-08,1.07659e-23,0,1.29119e+13,1.174e+14,2.84932e+09,1.30314e+14,5.3975e+13,0
1.74638e+08,4565.19,1.81629e+06,5.95319e+29,3.22466e+25,6.1502e+12,5.77162,9.1924e+24,0.03468,2.86402e-08,8.74361e-24,0,1.24628e+13,1.13858e+14,2.7443e+09,1.26324e+14,5.011e+13,0
1.75138e+08,4468.68,1.79922e+06,5.96187e+29,3.22467e+25,6.16336e+12,5.87695,8.35388e+24,0.03468,2.69958e-08,7.09283e-24,0,1.20268e+13,1.10404e+14,2.6426e+09,1.22433e+14,4.64995e+13,0
1.75638e+08,4373.65,1.78222e+06,5.97042e+29,3.22467e+25,6.17648e+12,5.9848,7.5877e+24,0.03468,2.54371e-08,5.74683e-24,0,1.16036e+13,1.07035e+14,2.54412e+09,1.18641e+14,4.31282e+13,0
1.76138e+08,4280.09,1.76529e+06,5.97883e+29,3.22467e+25,6.18956e+12,6.09524,6.88796e+24,0.03468,2.39601e-08,4.65062e-24,0,1.11928e+13,1.0375e+14,2.44878e+09,1.14945e+14,3.99816e+13,0
1.76638e+08,4187.99,1.74841e+06,5.98711e+29,3.22467e+25,6.20259e+12,6.20836,6.24924e+24,0.03468,2.25609e-08,3.75888e-24,0,1.07943e+13,1.00547e+14,2.35649e+09,1.11344e+14,3.70461e+13,0
1.77138e+08,4097.33,1.7316e+06,5.99526e+29,3.22467e+25,6.21558e+12,6.32422,5.66651e+24,0.03468,2.12359e-08,3.03434e-24,0,1.04077e+13,9.74249e+13,2.26717e+09,1.07835e+14,3.43089e+13,0
1.77638e+08,4008.09,1.71486e+06,6.00328e+29,3.22468e+25,6.22852e+12,6.44293,5.13515e+24,0.03468,1.99814e-08,2.44636e-24,0,1.00326e+13,9.43814e+13,2.18074e+09,1.04416e+14,3.17576e+13,0
1.78138e+08,3920.26,1.69818e+06,6.01116e+29,3.22468e+25,6.24142e+12,6.56456,4.65088e+24,0.03468,1.87942e-08,1.96978e-24,0,9.66888e+12,9.14152e+13,2.09712e+09,1.01086e+14,2.93807e+13,0
1.78638e+08,3833.82,1.68156e+06,6.01892e+29,3.22468e+25,6.25428e+12,6.68921,4.20977e+24,0.03468,1.76709e-08,1.58398e-24,0,9.31619e+12,8.85248e+13,2.01623e+09,9.7843e+13,2.71675e+13,0
1.79138e+08,3748.77,1.66501e+06,6.02654e+29,3.22468e+25,6.26709e+12,6.81698,3.80819e+24,0.03468,1.66084e-08,1.27206e-24,0,8.97427e+12,8.57087e+13,1.938e+09,9.46849e+13,2.51075e+13,0
1.79638e+08,3665.07,1.64852e+06,6.03404e+29,3.22468e+25,6.27985e+12,6.94795,3.4428e+24,0.03468,1.56039e-08,1.02019e-24,0,8.64284e+12,8.29654e+13,1.86236e+09,9.16101e+13,2.31912e+13,0
1.80138e+08,3582.73,1.63209e+06,6.04141e+29,3.22468e+25,6.29257e+12,7.08225,3.11053e+24,0.03468,1.46544e-08,8.1708e-25,0,8.32164e+12,8.02933e+13,1.78923e+09,8.86167e+13,2.14094e+13,0
1.80638e+08,3501.73,1.61573e+06,6.04866e+29,3.22468e+25,6.30524e+12,7.21997,2.80856e+24,0.03468,1.37572e-08,6.53501e-25,0,8.01042e+12,7.7691e+13,1.71855e+09,8.57031e+13,1.97534e+13,0
1.81138e+08,3422.04,1.59943e+06,6.05578e+29,3.22468e+25,6.31787e+12,7.36122,2.53427e+24,0.03468,1.29098e-08,5.21936e-25,0,7.70891e+12,7.51571e+13,1.65024e+09,8.28676e+13,1.82152e+13,0
1.81638e+08,3343.66,1.58319e+06,6.06277e+29,3.22468e+25,6.33045e+12,7.50613,2.28527e+24,0.03468,1.21096e-08,4.16264e-25,0,7.41689e+12,7.26901e+13,1.58424e+09,8.01086e+13,1.67872e+13,0
1.82138e+08,3266.57,1.56702e+06,6.06965e+29,3.22469e+25,6.34299e+12,7.6548,2.05937e+24,0.03468,1.13543e-08,3.31505e-25,0,7.13409e+12,7.02888e+13,1.52049e+09,7.74244e+13,1.5462e+13,0
1.82638e+08,3190.76,1.5509e+06,6.0764e+29,3.22469e+25,6.35548e+12,7.80738,1.85456e+24,0.03468,1.06417e-08,2.63616e-25,0,6.86029e+12,6.79516e+13,1.45891e+09,7.48134e+13,1.42331e+13,0
1.83138e+08,3116.22,1.53485e+06,6.08303e+29,3.22469e+25,6.36792e+12,7.96398,1.66897e+24,0.03468,9.96947e-09,2.09317e-25,0,6.59525e+12,6.56773e+13,1.39945e+09,7.2274e+13,1.30939e+13,0
1.83638e+08,3042.92,1.51887e+06,6.08954e+29,3.22469e+25,6.38032e+12,8.12475,1.50091e+24,0.03468,9.33568e-09,1.65949e-25,0,6.33874e+12,6.34646e+13,1.34205e+09,6.98046e+13,1.20385e+13,0
1.84138e+08,2970.86,1.50294e+06,6.09593e+29,3.22469e+25,6.39266e+12,8.28983,1.34881e+24,0.03468,8.73832e-09,1.31364e-25,0,6.09054e+12,6.1312e+13,1.28665e+09,6.74038e+13,1.10614e+13,0
1.84638e+08,2900.03,1.48708e+06,6.1022e+29,3.22469e+25,6.40496e+12,8.45937,1.21126e+24,0.03468,8.1755e-09,1.03823e-25,0,5.85044e+12,5.92184e+13,1.23318e+09,6.50701e+13,1.01571e+13,0
1.85138e+08,2830.4,1.47128e+06,6.10836e+29,3.22469e+25,6.41722e+12,8.63351,1.08694e+24,0.03468,7.64544e-09,8.19246e-26,0,5.6182e+12,5.71825e+13,1.1816e+09,6.28018e+13,9.3208e+12,0
1.85638e+08,2761.96,1.45554e+06,6.1144e+29,3.22469e+25,6.42942e+12,8.81242,9.74659e+23,0.03468,7.14643e-09,6.45403e-26,0,5.39364e+12,5.5203e+13,1.13184e+09,6.05977e+13,8.54777e+12,0
1.86138e+08,2694.71,1.43986e+06,6.12033e+29,3.22469e+25,6.44158e+12,8.99628,8.73314e+23,0.03468,6.67683e-09,5.0761e-26,0,5.17653e+12,5.32787e+13,1.08386e+09,5.84563e+13,7.83365e+12,0
1.86638e+08,2628.63,1.42424e+06,6.12614e+29,3.22469e+25,6.45368e+12,9.18525,7.81904e+23,0.03468,6.23508e-09,3.98564e-26,0,4.96669e+12,5.14084e+13,1.03759e+09,5.63761e+13,7.17436e+12,0
1.87138e+08,2563.7,1.40869e+06,6.13184e+29,3.22469e+25,6.46574e+12,9.37952,6.99515e+23,0.03468,5.81972e-09,3.12408e-26,0,4.76391e+12,4.95909e+13,9.93001e+08,5.43558e+13,6.56606e+12,0
1.87638e+08,2499.91,1.39319e+06,6.13743e+29,3.22469e+25,6.47775e+12,9.57929,6.25308e+23,0.03468,5.42932e-09,2.4445e-26,0,4.56799e+12,4.78251e+13,9.50026e+08,5.23941e+13,6.00514e+12,0
1.88138e+08,2437.25,1.37776e+06,6.14291e+29,3.22469e+25,6.48971e+12,9.78474,5.58521e+23,0.03468,5.06255e-09,1.90936e-26,0,4.37876e+12,4.61099e+13,9.08622e+08,5.04895e+13,5.48825e+12,0
1.88638e+08,2375.7,1.36239e+06,6.14828e+29,3.22469e+25,6.50162e+12,9.9961,4.98455e+23,0.03468,4.71811e-09,1.48868e-26,0,4.19603e+12,4.4444e+13,8.68741e+08,4.86409e+13,5.01223e+12,0
1.89138e+08,2315.26,1.34707e+06,6.15354e+29,3.22469e+25,6.51348e+12,10.2136,4.44475e+23,0.03468,4.3948e-09,1.15856e-26,0,4.01962e+12,4.28264e+13,8.30335e+08,4.68468e+13,4.57413e+12,0
1.89638e+08,2255.91,1.33182e+06,6.15869e+29,3.22469e+25,6.52529e+12,10.4374,3.96002e+23,0.03468,4.09146e-09,8.99956e-27,0,3.84935e+12,4.1256e+13,7.93361e+08,4.51061e+13,4.17121e+12,0
1.90138e+08,2197.63,1.31663e+06,6.16374e+29,3.22469e+25,6.53704e+12,10.6678,3.52507e+23,0.03468,3.80697e-09,6.97743e-27,0,3.68504e+12,3.97317e+13,7.57774e+08,4.34175e+13,3.80088e+12,0
1.90638e+08,2140.42,1.30149e+06,6.16868e+29,3.22469e+25,6.54875e+12,10.9051,3.13511e+23,0.03468,3.5403e-09,5.39916e-27,0,3.52654e+12,3.82525e+13,7.2353e+08,4.17798e+13,3.46074e+12,0
1.91138e+08,2084.25,1.28642e+06,6.17352e+29,3.22469e+25,6.56041e+12,11.1494,2.78577e+23,0.03468,3.29045e-09,4.16963e-27,0,3.37367e+12,3.68174e+13,6.90588e+08,4.01918e+13,3.14856e+12,0
1.91638e+08,2029.13,1.2714e+06,6.17825e+29,3.22469e+25,6.57201e+12,11.4012,2.47307e+23,0.03468,3.05646e-09,3.2136e-27,0,3.22627e+12,3.54253e+13,6.58907e+08,3.86522e+13,2.86223e+12,0
1.92138e+08,1975.03,1.25645e+06,6.18289e+29,3.22469e+25,6.58356e+12,11.6606,2.1934e+23,0.03468,2.83745e-09,2.47168e-27,0,3.08419e+12,3.40752e+13,6.28447e+08,3.71601e+13,2.5998e+12,0
1.92638e+08,1921.95,1.24155e+06,6.18742e+29,3.22469e+25,6.59506e+12,11.928,1.9435e+23,0.03468,2.63255e-09,1.89706e-27,0,2.94727e+12,3.27662e+13,5.99169e+08,3.57141e+13,2.35946e+12,0
1.93138e+08,1869.86,1.22671e+06,6.19186e+29,3.22469e+25,6.60651e+12,12.2037,1.72038e+23,0.03468,2.44095e-09,1.45292e-27,0,2.81537e+12,3.14973e+13,5.71036e+08,3.43133e+13,2.13952e+12,0
1.93638e+08,1818.77,1.21193e+06,6.19619e+29,3.22469e+25,6.6179e+12,12.488,1.52136e+23,0.03468,2.26189e-09,1.11033e-27,0,2.68833e+12,3.02676e+13,5.4401e+08,3.29565e+13,1.93839e+12,0
1.94138e+08,1768.66,1.19721e+06,6.20043e+29,3.22469e+25,6.62924e+12,12.7813,1.34399e+23,0.03468,2.09462e-09,8.4664e-28,0,2.566e+12,2.90761e+13,5.18056e+08,3.16426e+13,1.75462e+12,0
1.94638e+08,1719.51,1.18255e+06,6.20457e+29,3.22469e+25,6.64053e+12,13.084,1.18607e+23,0.03468,1.93847e-09,6.44105e-28,0,2.44826e+12,2.79218e+13,4.93139e+08,3.03706e+13,1.58683e+12,0
1.95138e+08,1671.31,1.16795e+06,6.20862e+29,3.22469e+25,6.65176e+12,13.3964,1.04559e+23,0.03468,1.79277e-09,4.88885e-28,0,2.33497e+12,2.6804e+13,4.69224e+08,2.91395e+13,1.43376e+12,0
1.95638e+08,1624.06,1.1534e+06,6.21258e+29,3.22469e+25,6.66294e+12,13.7189,9.20754e+22,0.03468,1.65689e-09,3.70193e-28,0,2.22598e+12,2.57218e+13,4.46279e+08,2.79482e+13,1.29424e+12,0
1.96138e+08,1577.73,1.13891e+06,6.21644e+29,3.22469e+25,6.67407e+12,14.052,8.09925e+22,0.03468,1.53026e-09,2.79639e-28,0,2.12117e+12,2.46742e+13,4.24272e+08,2.67958e+13,1.16717e+12,0
1.96638e+08,1532.33,1.12448e+06,6.22021e+29,3.22469e+25,6.68513e+12,14.3962,7.11631e+22,0.03468,1.4123e-09,2.10715e-28,0,2.02041e+12,2.36604e+13,4.03171e+08,2.56812e+13,1.05154e+12,0
1.97138e+08,1487.83,1.1101e+06,6.22389e+29,3.22469e+25,6.69615e+12,14.7519,6.24545e+22,0.03468,1.3025e-09,1.58378e-28,0,1.92357e+12,2.26797e+13,3.82946e+08,2.46036e+13,9.4642e+11,0
1.97638e+08,1444.23,1.09578e+06,6.22748e+29,3.22469e+25,6.70711e+12,15.1196,5.47469e+22,0.03468,1.20035e-09,1.18734e-28,0,1.83054e+12,2.17311e+13,3.63567e+08,2.3562e+13,8.50934e+11,0
1.98138e+08,1401.52,1.08152e+06,6.23098e+29,3.22469e+25,6.71801e+12,15.4998,4.79327e+22,0.03468,1.10537e-09,8.87784e-29,0,1.7412e+12,2.08138e+13,3.45004e+08,2.25554e+13,7.64282e+11,0
1.98638e+08,1359.67,1.06731e+06,6.2344e+29,3.22469e+25,6.72885e+12,15.8932,4.19148e+22,0.03468,1.01713e-09,6.62017e-29,0,1.65542e+12,1.99272e+13,3.27231e+08,2.15829e+13,6.85718e+11,0
1.99138e+08,1318.69,1.05316e+06,6.23773e+29,3.22469e+25,6.73964e+12,16.3003,3.66063e+22,0.03468,9.35188e-10,4.92303e-29,0,1.5731e+12,1.90704e+13,3.1022e+08,2.06438e+13,6.14558e+11,0
1.99638e+08,1278.56,1.03907e+06,6.24097e+29,3.22469e+25,6.75037e+12,16.7217,3.19288e+22,0.03468,8.59157e-10,3.65064e-29,0,1.49413e+12,1.82426e+13,2.93944e+08,1.9737e+13,5.50165e+11,0
2.00138e+08,1239.28,1.02503e+06,6.24414e+29,3.22469e+25,6.76104e+12,17.1581,2.78123e+22,0.03468,7.88655e-10,2.6993e-29,0,1.4184e+12,1.74431e+13,2.78377e+08,1.88618e+13,4.91956e+11,0
2.00638e+08,1200.82,1.01104e+06,6.24722e+29,3.22469e+25,6.77166e+12,17.6102,2.41937e+22,0.03468,7.23327e-10,1.98998e-29,0,1.3458e+12,1.66712e+13,2.63495e+08,1.80173e+13,4.3939e+11,0
2.01138e+08,1163.18,997117,6.25022e+29,3.22469e+25,6.78221e+12,18.0787,2.10168e+22,0.03468,6.62836e-10,1.46262e-29,0,1.27623e+12,1.59262e+13,2.49272e+08,1.72027e+13,3.9197e+11,0
2.01638e+08,1126.35,983243,6.25313e+29,3.22469e+25,6.79271e+12,18.5645,1.82312e+22,0.03468,6.06865e-10,1.07168e-29,0,1.20959e+12,1.52074e+13,2.35686e+08,1.64172e+13,3.49238e+11,0
2.02138e+08,1090.32,969425,6.25597e+29,3.22469e+25,6.80314e+12,19.0684,1.57918e+22,0.03468,5.55116e-10,7.82748e-30,0,1.14579e+12,1.4514e+13,2.22713e+08,1.566e+13,3.10773e+11,0
2.02638e+08,1055.07,955660,6.25874e+29,3.22469e+25,6.81352e+12,19.5912,1.36585e+22,0.03468,5.07308e-10,5.69853e-30,0,1.08473e+12,1.38454e+13,2.10332e+08,1.49303e+13,2.76189e+11,0
2.03138e+08,1020.6,941950,6.26142e+29,3.22469e+25,6.82384e+12,20.1339,1.17953e+22,0.03468,4.63174e-10,4.13479e-30,0,1.02631e+12,1.32009e+13,1.98519e+08,1.42274e+13,2.45129e+11,0
2.03638e+08,986.9,928294,6.26403e+29,3.22469e+25,6.83409e+12,20.6975,1.01704e+22,0.03468,4.22466e-10,2.98991e-30,0,9.70451e+11,1.258e+13,1.87255e+08,1.35506e+13,2.17267e+11,0
2.04138e+08,953.955,914692,6.26657e+29,3.22469e+25,6.84429e+12,21.283,8.75522e+21,0.03468,3.84949e-10,2.15445e-30,0,9.17061e+11,1.19818e+13,1.76518e+08,1.28991e+13,1.92305e+11,0
2.04638e+08,921.757,901143,6.26903e+29,3.22469e+25,6.85442e+12,21.8917,7.52455e+21,0.03468,3.50402e-10,1.54685e-30,0,8.66055e+11,1.14059e+13,1.66289e+08,1.22721e+13,1.69968e+11,0
2.05138e+08,890.295,887647,6.27142e+29,3.22469e+25,6.86449e+12,22.5247,6.45594e+21,0.03468,3.18619e-10,1.10651e-30,0,8.17351e+11,1.08516e+13,1.56549e+08,1.16691e+13,1.50006e+11,0
2.05638e+08,859.56,874204,6.27374e+29,3.22469e+25,6.8745e+12,23.1832,5.52947e+21,0.03468,2.89403e-10,7.88519e-31,0,7.70866e+11,1.03183e+13,1.47279e+08,1.10893e+13,1.3219e+11,0
2.06138e+08,829.542,860814,6.276e+29,3.22469e+25,6.88444e+12,23.8688,4.72751e+21,0.03468,2.62574e-10,5.59724e-31,0,7.26522e+11,9.80546e+12,1.38461e+08,1.05321e+13,1.1631e+11,0
2.06638e+08,800.23,847476,6.27818e+29,3.22469e+25,6.89432e+12,24.5827,4.03446e+21,0.03468,2.37958e-10,3.95725e-31,0,6.84243e+11,9.31243e+12,1.30077e+08,9.99681e+12,1.02176e+11,0
2.07138e+08,771.617,834191,6.28029e+29,3.22469e+25,6.90414e+12,25.3267,3.43652e+21,0.03468,2.15397e-10,2.78627e-31,0,6.43953e+11,8.83868e+12,1.2211e+08,9.48276e+12,8.96131e+10,0
2.07638e+08,743.69,820957,6.28234e+29,3.22469e+25,6.91389e+12,26.1023,2.92153e+21,0.03468,1.94738e-10,1.95349e-31,0,6.05581e+11,8.38365e+12,1.14544e+08,8.98935e+12,7.84635e+10,0
2.08138e+08,716.443,807775,6.28433e+29,3.22469e+25,6.92358e+12,26.9114,2.47877e+21,0.03468,1.75841e-10,1.36365e-31,0,5.69055e+11,7.9468e+12,1.07362e+08,8.51596e+12,6.85828e+10,0
2.08638e+08,689.864,794645,6.28625e+29,3.22469e+25,6.9332e+12,27.7558,2.09879e+21,0.03468,1.58574e-10,9.47649e-32,0,5.34306e+11,7.5276e+12,1.0055e+08,8.06201e+12,5.98402e+10,0
2.09138e+08,663.944,781565,6.2881e+29,3.22469e+25,6.94275e+12,28.6378,1.77331e+21,0.03468,1.42813e-10,6.55516e-32,0,5.01269e+11,7.12553e+12,9.40918e+07,7.6269e+12,5.21168e+10,0
2.09638e+08,638.675,768537,6.2899e+29,3.22469e+25,6.95224e+12,29.5593,1.49504e+21,0.03468,1.28444e-10,4.51285e-32,0,4.69878e+11,6.74008e+12,8.7973e+07,7.21005e+12,4.5305e+10,0
2.10138e+08,614.047,755559,6.29163e+29,3.22469e+25,6.96165e+12,30.523,1.25762e+21,0.03468,1.15359e-10,3.09163e-32,0,4.40069e+11,6.37075e+12,8.21797e+07,6.8109e+12,3.93074e+10,0
2.10638e+08,590.051,742632,6.29331e+29,3.22469e+25,6.971e+12,31.5312,1.05545e+21,0.03468,1.03457e-10,2.1073e-32,0,4.11782e+11,6.01705e+12,7.66981e+07,6.42891e+12,3.40357e+10,0
2.11138e+08,566.678,729755,6.29493e+29,3.22469e+25,6.98029e+12,32.5868,8.83671e+20,0.03468,9.26445e-11,1.42889e-32,0,3.84957e+11,5.6785e+12,7.15151e+07,6.06353e+12,2.94104e+10,0
2.11638e+08,543.919,716927,6.29649e+29,3.22469e+25,6.9895e+12,33.6928,7.38029e+20,0.03468,8.28344e-11,9.63675e-33,0,3.59535e+11,5.35463e+12,6.66179e+07,5.71424e+12,2.53597e+10,0
2.12138e+08,521.765,704150,6.29799e+29,3.22469e+25,6.99864e+12,34.8523,6.14826e+20,0.03468,7.39453e-11,6.46321e-33,0,3.35462e+11,5.04499e+12,6.1994e+07,5.38052e+12,2.1819e+10,0
2.12638e+08,500.208,691421,6.29944e+29,3.22469e+25,7.00771e+12,36.0688,5.10845e+20,0.03468,6.59017e-11,4.30993e-33,0,3.12682e+11,4.74912e+12,5.76316e+07,5.06186e+12,1.87301e+10,0
2.13138e+08,479.238,678742,6.30084e+29,3.22469e+25,7.01671e+12,37.3461,4.23299e+20,0.03468,5.86335e-11,2.85702e-33,0,2.91141e+11,4.46659e+12,5.35191e+07,4.75779e+12,1.6041e+10,0
2.13638e+08,458.847,666111,6.30218e+29,3.22469e+25,7.02563e+12,38.6884,3.49772e+20,0.03468,5.20752e-11,1.8823e-33,0,2.7079e+11,4.19697e+12,4.96452e+07,4.46781e+12,1.37047e+10,0
2.14138e+08,439.027,653529,6.30347e+29,3.22469e+25,7.03449e+12,40.0999,2.88177e+20,0.03468,4.61665e-11,1.23226e-33,0,2.51577e+11,3.93983e+12,4.59991e+07,4.19145e+12,1.16793e+10,0
2.14638e+08,419.769,640995,6.30471e+29,3.22469e+25,7.04327e+12,41.5855,2.36716e+20,0.03468,4.08513e-11,8.01423e-34,0,2.33455e+11,3.69476e+12,4.25706e+07,3.92826e+12,9.92754e+09,0
2.15138e+08,401.065,628509,6.3059e+29,3.22469e+25,7.05197e+12,43.1504,1.9384e+20,0.03468,3.60776e-11,5.17677e-34,0,2.16376e+11,3.46136e+12,3.93493e+07,3.67778e+12,8.41586e+09,0
2.15638e+08,382.906,616071,6.30705e+29,3.22469e+25,7.0606e+12,44.8004,1.58217e+20,0.03468,3.17974e-11,3.32037e-34,0,2.00296e+11,3.23924e+12,3.63257e+07,3.43958e+12,7.11452e+09,0
2.16138e+08,365.284,603680,6.30814e+29,3.22469e+25,7.06915e+12,46.5417,1.28709e+20,0.03468,2.79663e-11,2.11413e-34,0,1.85169e+11,3.02802e+12,3.34903e+07,3.21322e+12,5.99707e+09,0
2.16638e+08,348.191,591337,6.30919e+29,3.22469e+25,7.07763e+12,48.3811,1.0434e+20,0.03468,2.45433e-11,1.33589e-34,0,1.70954e+11,2.8273e+12,3.0834e+07,2.99829e+12,5.04e+09,0
2.17138e+08,331.618,579040,6.3102e+29,3.22469e+25,7.08603e+12,50.326,8.42803e+19,0.03468,2.14906e-11,8.37489e-35,0,1.57609e+11,2.63674e+12,2.83481e+07,2.79438e+12,4.2225e+09,0
2.17638e+08,315.558,566790,6.31116e+29,3.22469e+25,7.09435e+12,52.3846,6.78216e+19,0.03468,1.87734e-11,5.20736e-35,0,1.45094e+11,2.45596e+12,2.60243e+07,2.60108e+12,3.52617e+09,0
2.18138e+08,300.002,554586,6.31208e+29,3.22469e+25,7.10259e+12,54.566,5.4364e+19,0.03468,1.63597e-11,3.2103e-35,0,1.3337e+11,2.28462e+12,2.38542e+07,2.41801e+12,2.93477e+09,0
2.18638e+08,284.943,542428,6.31296e+29,3.22469e+25,7.11075e+12,56.8799,4.33999e+19,0.03468,1.42201e-11,1.96159e-35,0,1.224e+11,2.12237e+12,2.18303e+07,2.24479e+12,2.43402e+09,0
2.19138e+08,270.373,530316,6.31379e+29,3.22469e+25,7.11882e+12,59.3374,3.45004e+19,0.03468,1.23276e-11,1.18753e-35,0,1.12148e+11,1.96888e+12,1.99448e+07,2.08104e+12,2.01135e+09,0
2.19638e+08,256.284,518249,6.31459e+29,3.22469e+25,7.12682e+12,61.9505,2.73047e+19,0.03468,1.06574e-11,7.12001e-36,0,1.02578e+11,1.82381e+12,1.81905e+07,1.92641e+12,1.65576e+09,0
2.20138e+08,242.667,506228,6.31535e+29,3.22469e+25,7.13473e+12,64.7326,2.15104e+19,0.03468,9.18693e-12,4.22605e-36,0,9.36563e+10,1.68685e+12,1.65605e+07,1.78053e+12,1.35764e+09,0
2.20638e+08,229.516,494251,6.31607e+29,3.22469e+25,7.14256e+12,67.6985,1.68642e+19,0.03468,7.8955e-12,2.48205e-36,0,8.53508e+10,1.55769e+12,1.50481e+07,1.64306e+12,1.10858e+09,0
2.21138e+08,216.823,482319,6.31675e+29,3.22469e+25,7.1503e+12,70.8647,1.3155e+19,0.03468,6.76423e-12,1.44178e-36,0,7.76297e+10,1.43602e+12,1.36467e+07,1.51366e+12,9.01286e+08,0
2.21638e+08,204.58,470431,6.3174e+29,3.22469e+25,7.15795e+12,74.2497,1.02076e+19,0.03468,5.77595e-12,8.27891e-37,0,7.04625e+10,1.32154e+12,1.23502e+07,1.39201e+12,7.29436e+08,0
2.22138e+08,192.78,458587,6.31802e+29,3.22469e+25,7.16552e+12,77.874,7.87694e+18,0.03468,4.91502e-12,4.69674e-37,0,6.38197e+10,1.21396e+12,1.11526e+07,1.27779e+12,5.87549e+08,0
2.22638e+08,181.415,446787,6.3186e+29,3.22469e+25,7.173e+12,81.7608,6.04324e+18,0.03468,4.16725e-12,2.63094e-37,0,5.76729e+10,1.11299e+12,1.00483e+07,1.17068e+12,4.70904e+08,0
2.23138e+08,170.477,435030,6.31915e+29,3.22469e+25,7.18038e+12,85.9358,4.60825e+18,0.03468,3.51981e-12,1.45425e-37,0,5.19949e+10,1.01837e+12,9.03165e+06,1.07037e+12,3.75442e+08,0
2.23638e+08,159.96,423316,6.31967e+29,3.22469e+25,7.18768e+12,90.4285,3.49157e+18,0.03468,2.96105e-12,7.92655e-38,0,4.67594e+10,9.29813e+11,8.09749e+06,9.76581e+11,2.97686e+08,0
2.24138e+08,149.855,411645,6.32016e+29,3.22469e+25,7.19488e+12,95.2719,2.62769e+18,0.03468,2.4805e-12,4.25719e-38,0,4.19409e+10,8.47062e+11,7.24074e+06,8.8901e+11,2.34668e+08,0
2.24638e+08,140.156,400017,6.32062e+29,3.22469e+25,7.20199e+12,100.503,1.96354e+18,0.03468,2.06872e-12,2.25117e-38,0,3.7515e+10,7.69858e+11,6.45659e+06,8.0738e+11,1.83861e+08,0
2.25138e+08,130.855,388430,6.32105e+29,3.22469e+25,7.209e+12,106.166,1.45628e+18,0.03468,1.7172e-12,1.17102e-38,0,3.34584e+10,6.97952e+11,5.74041e+06,7.31416e+11,1.43127e+08,0
2.25638e+08,121.946,376886,6.32145e+29,3.22469e+25,7.21592e+12,112.307,1.07152e+18,0.03468,1.41835e-12,5.98662e-39,0,2.97484e+10,6.31099e+11,5.08779e+06,6.60852e+11,1.10659e+08,0
2.26138e+08,113.42,365383,6.32183e+29,3.22469e+25,7.22273e+12,118.985,7.8182e+17,0.03468,1.16535e-12,3.0048e-39,0,2.63634e+10,5.69061e+11,4.49451e+06,5.95429e+11,8.49389e+07,0
2.26638e+08,105.271,353921,6.32218e+29,3.22469e+25,7.22945e+12,126.261,5.65379e+17,0.03468,9.52158e-13,1.47904e-39,0,2.32827e+10,5.11606e+11,3.95653e+06,5.34893e+11,6.46986e+07,0
2.27138e+08,97.4915,342500,6.32251e+29,3.22469e+25,7.23606e+12,134.212,4.05001e+17,0.03468,7.73364e-13,7.13094e-40,0,2.04863e+10,4.58509e+11,3.47001e+06,4.78998e+11,4.88812e+07,0
2.27638e+08,90.0744,331119,6.32282e+29,3.22469e+25,7.24257e+12,142.923,2.87204e+17,0.03468,6.24187e-13,3.36304e-40,0,1.79551e+10,4.09549e+11,3.03129e+06,4.27507e+11,3.66115e+07,0
2.28138e+08,83.0126,319779,6.3231e+29,3.22469e+25,7.24897e+12,152.494,2.01489e+17,0.03468,5.00402e-13,1.54916e-40,0,1.56708e+10,3.64514e+11,2.63688e+06,3.80187e+11,2.71688e+07,0
2.28638e+08,76.299,308478,6.32336e+29,3.22469e+25,7.25526e+12,163.043,1.39738e+17,0.03468,3.98285e-13,6.9588e-41,0,1.3616e+10,3.23195e+11,2.28344e+06,3.36813e+11,1.99628e+07,0
2.29138e+08,69.9266,297218,6.3236e+29,3.22469e+25,7.26145e+12,174.709,9.5724e+16,0.03468,3.14569e-13,3.04273e-41,0,1.1774e+10,2.85389e+11,1.96783e+06,2.97165e+11,1.45132e+07,0
2.29638e+08,63.8884,285996,6.32382e+29,3.22469e+25,7.26752e+12,187.656,6.47108e+16,0.03468,2.46397e-13,1.29246e-41,0,1.01287e+10,2.50901e+11,1.68705e+06,2.61031e+11,1.04317e+07,0
2.30138e+08,58.1773,274813,6.32403e+29,3.22469e+25,7.27348e+12,202.08,4.31259e+16,0.03468,1.91283e-13,5.3214e-42,0,8.6651e+09,2.19538e+11,1.43826e+06,2.28205e+11,7.40658e+06,0
2.30638e+08,52.7861,263668,6.32421e+29,3.22469e+25,7.27932e+12,218.217,2.83014e+16,0.03468,1.47071e-13,2.1184e-42,0,7.3686e+09,1.91116e+11,1.21877e+06,1.98486e+11,5.18943e+06,0
2.31138e+08,47.708,252562,6.32438e+29,3.22469e+25,7.28503e+12,236.349,1.82655e+16,0.03468,1.11902e-13,8.13097e-43,0,6.22545e+09,1.65455e+11,1.02603e+06,1.71681e+11,3.58412e+06,0
2.31638e+08,42.9359,241493,6.32453e+29,3.22469e+25,7.29063e+12,256.824,1.15765e+16,0.03468,8.41807e-14,2.99953e-43,0,5.22258e+09,1.42379e+11,857643,1.47602e+11,2.43705e+06,0
2.32138e+08,38.4625,230461,6.32467e+29,3.22469e+25,7.2961e+12,280.066,7.19333e+15,0.03468,6.25468e-14,1.05968e-43,0,4.34758e+09,1.21718e+11,711347,1.26067e+11,1.6291e+06,0
2.32638e+08,34.2809,219467,6.32479e+29,3.22469e+25,7.30145e+12,306.601,4.37393e+15,0.03468,4.58461e-14,3.57046e-44,0,3.58872e+09,1.0331e+11,585011,1.06899e+11,1.06888e+06,0
2.33138e+08,30.3839,208508,6.3249e+29,3.22469e+25,7.30666e+12,337.088,2.59696e+15,0.03468,3.31066e-14,1.14194e-44,0,2.93489e+09,8.69937e+10,476634,8.99291e+10,687061,0
2.33638e+08,26.7643,197586,6.325e+29,3.22469e+25,7.31173e+12,372.363,1.50183e+15,0.03468,2.35158e-14,3.44793e-45,0,2.37563e+09,7.26162e+10,384342,7.49922e+10,431732,0
2.34138e+08,23.4149,186700,6.32509e+29,3.22469e+25,7.31667e+12,413.492,8.43473e+14,0.03468,1.64e-14,9.76555e-46,0,1.9011e+09,6.00284e+10,306384,6.19298e+10,264540,0
2.34638e+08,20.3283,175848,6.32516e+29,3.22469e+25,7.32146e+12,461.861,4.58488e+14,0.03468,1.12055e-14,2.57514e-46,0,1.50206e+09,4.90863e+10,241126,5.05886e+10,157594,0
2.35138e+08,17.4971,165032,6.32523e+29,3.22469e+25,7.32611e+12,519.297,2.40228e+14,0.03468,7.48193e-15,6.26621e-47,0,1.16985e+09,3.96511e+10,187051,4.08211e+10,90957.3,0
2.35638e+08,14.9139,154249,6.32529e+29,3.22469e+25,7.3306e+12,588.244,1.20736e+14,0.03468,4.86699e-15,1.39212e-47,0,8.96404e+08,3.15889e+10,142752,3.24855e+10,50647,0
2.36138e+08,12.571,143501,6.32534e+29,3.22469e+25,7.33493e+12,672.042,5.78624e+13,0.03468,3.07298e-15,2.78737e-48,0,6.74217e+08,2.4771e+10,106931,2.54453e+10,27068.9,0
2.36638e+08,10.4606,132785,6.32538e+29,3.22469e+25,7.3391e+12,775.346,2.62509e+13,0.03468,1.87467e-15,4.95052e-49,0,4.96339e+08,1.90733e+10,78394.2,1.95697e+10,13799.4,0
2.37138e+08,8.57476,122102,6.32541e+29,3.22469e+25,7.34309e+12,904.808,1.11721e+13,0.03468,1.09871e-15,7.64572e-50,0,3.5636e+08,1.43769e+10,56050,1.47333e+10,6657.63,0
2.37638e+08,6.90536,111450,6.32544e+29,3.22469e+25,7.34691e+12,1070.22,4.40913e+12,0.03468,6.14167e-16,1.00124e-50,0,2.48406e+08,1.05679e+10,38905.8,1.08163e+10,3009.65,0
2.38138e+08,5.44394,100830,6.32546e+29,3.22469e+25,7.35054e+12,1286.47,1.58963e+12,0.03468,3.24376e-16,1.07596e-51,0,1.67125e+08,7.53744e+09,26064.5,7.70459e+09,1258.44,0
2.38638e+08,4.18178,90240.3,6.32548e+29,3.22469e+25,7.35398e+12,1577.17,5.13231e+11,0.03468,1.59859e-16,9.0838e-53,0,1.07676e+08,5.18181e+09,16722.1,5.28951e+09,478.398,0
2.39138e+08,3.10975,79680,6.32549e+29,3.22469e+25,7.3572e+12,1981.58,1.4439e+11,0.03468,7.226e-17,5.67566e-54,0,6.57244e+07,3.40247e+09,10164.5,3.46821e+09,161.485,0
2.39638e+08,2.21824,69148.3,6.3255e+29,3.22469e+25,7.3602e+12,2569.2,3.40461e+10,0.03468,2.92355e-17,2.41047e-55,0,3.74283e+07,2.10626e+09,5765.22,2.14369e+09,46.7997,0
2.40138e+08,1.49705,58644,6.32551e+29,3.22469e+25,7.36297e+12,3473.02,6.34837e+09,0.03468,1.02072e-17,6.12815e-57,0,1.94347e+07,1.20554e+09,2982.53,1.22497e+09,11.0733,0
2.40638e+08,0.935138,48165.8,6.32551e+29,3.22469e+25,7.36548e+12,4975.68,8.53332e+08,0.03468,2.9014e-18,7.61765e-59,0,8.87111e+06,6.18493e+08,1357.21,6.27366e+08,1.97434,0
2.41138e+08,0.520385,37712,6.32551e+29,3.22469e+25,7.3677e+12,7772.78,7.03889e+07,0.03468,6.0676e-19,3.25611e-61,0,3.33984e+06,2.69479e+08,510.043,2.72819e+08,0.230719,0
2.41638e+08,0.239061,27280.1,6.32551e+29,3.22469e+25,7.3696e+12,14006.1,2.58764e+06,0.03468,7.63258e-20,2.37847e-64,0,913481,8.95521e+07,139.662,9.04658e+07,0.0133882,0
2.42138e+08,0.0851982,16861.9,6.32551e+29,3.22469e+25,7.37088e+12,36640,20342.3,0.03468,3.97037e-21,5.89253e-69,0,163645,1.97268e+07,20.3852,1.98905e+07,0.000249229,0
2.42497e+08,0.0277684,9409.29,6.32551e+29,3.22469e+25,7.37096e+12,128784,60.9278,0.03468,1.25474e-22,0,0,25260.1,3.58779e+06,1.97659,3.61306e+06,2.57469e-06,0
2.42696e+08,0.00906586,5264.96,6.32551e+29,3.22469e+25,7.37096e+12,448880,0.187192,0.03468,4.01573e-24,0,0,3910.21,655427,0.193762,659337,2.69469e-08,0
