X = 0.734
Y = 0.25
Z = 0.016
mu = 0.601142
Radius,Density,Temp,Mass,Lum,OptD,Kff,KH,Kes,PP,CNO,3a,Deg,Gas,Rad,TotPres, dLdr, dPdT
0,0,0,0,0,0,-nan,0,0.03468,0,0,0,0,0,0,0,0,0
100,281386,5.78096e+06,1.17867e+06,213.535,505404,1.79613,2.41925e+30,0.03468,0.000181166,5.4644e-12,1.60651e-63,1.19864e+16,2.23369e+16,2.81637e+11,3.43235e+16,6.40604e+06,3.43503e+09
50258.5,281385,5.78096e+06,1.4963e+20,2.71079e+16,2.53508e+10,1.79613,2.41924e+30,0.03468,0.000181166,5.46436e-12,1.60649e-63,1.19864e+16,2.23369e+16,2.81637e+11,3.43235e+16,1.61811e+12,3.43502e+09
100431,281385,5.78095e+06,1.19398e+21,2.16308e+17,5.07084e+10,1.79613,2.41922e+30,0.03468,0.000181165,5.46424e-12,1.60641e-63,1.19863e+16,2.23368e+16,2.81636e+11,3.43234e+16,6.46134e+12,3.43502e+09
151090,281384,5.78094e+06,4.06536e+21,7.36498e+17,7.63117e+10,1.79614,2.41918e+30,0.03468,0.000181163,5.46405e-12,1.60629e-63,1.19863e+16,2.23367e+16,2.81634e+11,3.43232e+16,1.46235e+13,3.43501e+09
201693,281383,5.78093e+06,9.67082e+21,1.75199e+18,1.01887e+11,1.79615,2.41912e+30,0.03468,0.000181161,5.46377e-12,1.60611e-63,1.19862e+16,2.23365e+16,2.81631e+11,3.4323e+16,2.60588e+13,3.43499e+09
252364,281381,5.78091e+06,1.89439e+22,3.43191e+18,1.27496e+11,1.79616,2.41905e+30,0.03468,0.000181158,5.46342e-12,1.60588e-63,1.19861e+16,2.23363e+16,2.81628e+11,3.43227e+16,4.0796e+13,3.43497e+09
303431,281379,5.78089e+06,3.2928e+22,5.96519e+18,1.53306e+11,1.79617,2.41896e+30,0.03468,0.000181154,5.46298e-12,1.6056e-63,1.19859e+16,2.23361e+16,2.81624e+11,3.43223e+16,5.89751e+13,3.43494e+09
354091,281377,5.78087e+06,5.2327e+22,9.47934e+18,1.78909e+11,1.79619,2.41886e+30,0.03468,0.000181149,5.46247e-12,1.60527e-63,1.19857e+16,2.23358e+16,2.81619e+11,3.43218e+16,8.03087e+13,3.43491e+09
405058,281374,5.78084e+06,7.83303e+22,1.41897e+19,2.04668e+11,1.79621,2.41874e+30,0.03468,0.000181144,5.46187e-12,1.60488e-63,1.19855e+16,2.23355e+16,2.81613e+11,3.43213e+16,1.05087e+14,3.43487e+09
456489,281371,5.78081e+06,1.12116e+23,2.03097e+19,2.30662e+11,1.79623,2.4186e+30,0.03468,0.000181137,5.46119e-12,1.60444e-63,1.19853e+16,2.23351e+16,2.81607e+11,3.43207e+16,1.33462e+14,3.43483e+09
506821,281367,5.78077e+06,1.53439e+23,2.77947e+19,2.561e+11,1.79625,2.41845e+30,0.03468,0.000181131,5.46044e-12,1.60396e-63,1.19851e+16,2.23347e+16,2.816e+11,3.432e+16,1.64507e+14,3.43478e+09
557125,281363,5.78073e+06,2.03811e+23,3.69185e+19,2.81524e+11,1.79628,2.41828e+30,0.03468,0.000181123,5.45962e-12,1.60343e-63,1.19848e+16,2.23342e+16,2.81592e+11,3.43193e+16,1.98773e+14,3.43473e+09
609380,281359,5.78068e+06,2.66705e+23,4.83097e+19,3.07934e+11,1.79631,2.41809e+30,0.03468,0.000181115,5.45868e-12,1.60283e-63,1.19845e+16,2.23337e+16,2.81583e+11,3.43185e+16,2.37794e+14,3.43467e+09
685876,281352,5.78061e+06,3.80273e+23,6.88777e+19,3.46596e+11,1.79636,2.41779e+30,0.03468,0.000181101,5.45715e-12,1.60185e-63,1.1984e+16,2.23328e+16,2.81569e+11,3.43171e+16,3.01211e+14,3.43455e+09
809425,281339,5.78047e+06,6.24995e+23,1.13194e+20,4.09039e+11,1.79645,2.41721e+30,0.03468,0.000181075,5.45431e-12,1.60002e-63,1.1983e+16,2.23313e+16,2.81542e+11,3.43146e+16,4.19422e+14,3.43445e+09
913891,281326,5.78034e+06,8.99535e+23,1.62903e+20,4.61837e+11,1.79654,2.41665e+30,0.03468,0.00018105,5.45154e-12,1.59824e-63,1.19821e+16,2.23297e+16,2.81516e+11,3.43121e+16,5.34572e+14,3.4343e+09
1.05474e+06,281306,5.78013e+06,1.3828e+24,2.50388e+20,5.33026e+11,1.79667,2.41579e+30,0.03468,0.000181011,5.44727e-12,1.5955e-63,1.19807e+16,2.23273e+16,2.81476e+11,3.43083e+16,7.11849e+14,3.43405e+09
1.23885e+06,281275,5.77982e+06,2.24048e+24,4.05611e+20,6.26074e+11,1.79688,2.41447e+30,0.03468,0.000180952,5.44078e-12,1.59134e-63,1.19785e+16,2.23237e+16,2.81414e+11,3.43025e+16,9.81611e+14,3.43368e+09
1.47439e+06,281229,5.77934e+06,3.77641e+24,6.83472e+20,7.45121e+11,1.79719,2.41248e+30,0.03468,0.000180863,5.43098e-12,1.58506e-63,1.19753e+16,2.23182e+16,2.81322e+11,3.42938e+16,1.38945e+15,3.43312e+09
1.77141e+06,281160,5.77862e+06,6.5485e+24,1.18465e+21,8.95247e+11,1.79766,2.40949e+30,0.03468,0.000180728,5.41622e-12,1.57563e-63,1.19703e+16,2.23099e+16,2.81182e+11,3.42805e+16,2.00368e+15,3.43227e+09
2.14238e+06,281055,5.77754e+06,1.15817e+25,2.09377e+21,1.08275e+12,1.79837,2.40498e+30,0.03468,0.000180526,5.39407e-12,1.56154e-63,1.19629e+16,2.22974e+16,2.80971e+11,3.42606e+16,2.92639e+15,3.431e+09
2.60273e+06,280897,5.77591e+06,2.076e+25,3.74926e+21,1.31543e+12,1.79944,2.39822e+30,0.03468,0.000180221,5.36091e-12,1.54058e-63,1.19517e+16,2.22787e+16,2.80655e+11,3.42307e+16,4.30945e+15,3.42908e+09
3.10273e+06,280692,5.77379e+06,3.51546e+25,6.34055e+21,1.56817e+12,1.80083,2.38942e+30,0.03468,0.000179825,5.31792e-12,1.51363e-63,1.19372e+16,2.22542e+16,2.80242e+11,3.41916e+16,6.10629e+15,3.42645e+09
3.60273e+06,280451,5.77129e+06,5.50075e+25,9.9059e+21,1.82092e+12,1.80248,2.37912e+30,0.03468,0.00017936,5.26784e-12,1.48256e-63,1.19201e+16,2.22254e+16,2.79758e+11,3.41458e+16,8.20456e+15,3.42334e+09
4.10273e+06,280174,5.76843e+06,8.11875e+25,1.45945e+22,2.07369e+12,1.80437,2.36734e+30,0.03468,0.000178827,5.21087e-12,1.44764e-63,1.19005e+16,2.21925e+16,2.79203e+11,3.40933e+16,1.05978e+16,3.41976e+09
4.60273e+06,279862,5.76519e+06,1.14558e+26,2.0552e+22,2.32647e+12,1.80651,2.3541e+30,0.03468,0.000178228,5.14726e-12,1.40919e-63,1.18784e+16,2.21553e+16,2.78577e+11,3.40341e+16,1.32788e+16,3.41571e+09
5.10273e+06,279515,5.76158e+06,1.55979e+26,2.79203e+22,2.57927e+12,1.80889,2.33943e+30,0.03468,0.000177561,5.07726e-12,1.36752e-63,1.18539e+16,2.2114e+16,2.7788e+11,3.39682e+16,1.62394e+16,3.41119e+09
5.60273e+06,279133,5.75761e+06,2.06301e+26,3.68369e+22,2.8321e+12,1.81153,2.32335e+30,0.03468,0.00017683,5.00116e-12,1.323e-63,1.18269e+16,2.20685e+16,2.77114e+11,3.38957e+16,1.94704e+16,3.4062e+09
6.10273e+06,278715,5.75327e+06,2.66369e+26,4.74348e+22,3.08495e+12,1.81442,2.3059e+30,0.03468,0.000176033,4.91927e-12,1.27597e-63,1.17974e+16,2.20189e+16,2.76279e+11,3.38166e+16,2.29622e+16,3.40074e+09
6.60273e+06,278263,5.74856e+06,3.37024e+26,5.98417e+22,3.33782e+12,1.81756,2.28711e+30,0.03468,0.000175173,4.8319e-12,1.22683e-63,1.17655e+16,2.19652e+16,2.75376e+11,3.3731e+16,2.67042e+16,3.39482e+09
7.10273e+06,277776,5.74348e+06,4.19093e+26,7.418e+22,3.59073e+12,1.82095,2.26702e+30,0.03468,0.00017425,4.7394e-12,1.17593e-63,1.17312e+16,2.19074e+16,2.74404e+11,3.36389e+16,3.06851e+16,3.38844e+09
7.60273e+06,277255,5.73804e+06,5.13398e+26,9.05661e+22,3.84366e+12,1.8246,2.24565e+30,0.03468,0.000173265,4.64213e-12,1.12368e-63,1.16946e+16,2.18456e+16,2.73366e+11,3.35404e+16,3.4893e+16,3.3816e+09
8.10273e+06,276700,5.73224e+06,6.20752e+26,1.09111e+23,4.09663e+12,1.82851,2.22306e+30,0.03468,0.000172219,4.54046e-12,1.07043e-63,1.16555e+16,2.17798e+16,2.72262e+11,3.34356e+16,3.93153e+16,3.3743e+09
8.60273e+06,276110,5.72607e+06,7.41957e+26,1.29917e+23,4.34963e+12,1.83267,2.19928e+30,0.03468,0.000171114,4.43476e-12,1.01657e-63,1.16142e+16,2.171e+16,2.71092e+11,3.33244e+16,4.39389e+16,3.36655e+09
9.10273e+06,275487,5.71954e+06,8.77804e+26,1.53083e+23,4.60267e+12,1.8371,2.17436e+30,0.03468,0.00016995,4.32543e-12,9.62445e-64,1.15705e+16,2.16363e+16,2.69858e+11,3.32071e+16,4.87501e+16,3.35835e+09
9.60273e+06,274830,5.71265e+06,1.02907e+27,1.78699e+23,4.85576e+12,1.84178,2.14834e+30,0.03468,0.00016873,4.21287e-12,9.08394e-64,1.15246e+16,2.15587e+16,2.6856e+11,3.30835e+16,5.37346e+16,3.3497e+09
1.01027e+07,274140,5.70541e+06,1.19653e+27,2.06848e+23,5.10888e+12,1.84673,2.12127e+30,0.03468,0.000167453,4.09746e-12,8.54738e-64,1.14764e+16,2.14773e+16,2.672e+11,3.29539e+16,5.8878e+16,3.34062e+09
1.06027e+07,273416,5.6978e+06,1.38094e+27,2.37605e+23,5.36205e+12,1.85194,2.09319e+30,0.03468,0.000166123,3.97962e-12,8.01776e-64,1.14259e+16,2.1392e+16,2.65778e+11,3.28182e+16,6.41651e+16,3.33109e+09
1.11027e+07,272660,5.68984e+06,1.58304e+27,2.71039e+23,5.61526e+12,1.85742,2.06416e+30,0.03468,0.00016474,3.85973e-12,7.4978e-64,1.13733e+16,2.13031e+16,2.64296e+11,3.26767e+16,6.95808e+16,3.32112e+09
1.16027e+07,271872,5.68153e+06,1.80357e+27,3.0721e+23,5.86852e+12,1.86317,2.03422e+30,0.03468,0.000163305,3.73819e-12,6.98999e-64,1.13186e+16,2.12104e+16,2.62755e+11,3.25293e+16,7.51094e+16,3.31073e+09
1.21027e+07,271051,5.67286e+06,2.04323e+27,3.4617e+23,6.12184e+12,1.86919,2.00344e+30,0.03468,0.000161821,3.6154e-12,6.49653e-64,1.12617e+16,2.11141e+16,2.61156e+11,3.23761e+16,8.07352e+16,3.29991e+09
1.26027e+07,270198,5.66385e+06,2.30274e+27,3.87965e+23,6.37521e+12,1.87548,1.97185e+30,0.03468,0.000160289,3.49173e-12,6.01934e-64,1.12027e+16,2.10143e+16,2.59499e+11,3.22172e+16,8.64421e+16,3.28866e+09
1.31027e+07,269314,5.65448e+06,2.58277e+27,4.32631e+23,6.62863e+12,1.88206,1.93952e+30,0.03468,0.000158711,3.36756e-12,5.56006e-64,1.11417e+16,2.09109e+16,2.57787e+11,3.20528e+16,9.22142e+16,3.277e+09
1.36027e+07,268398,5.64477e+06,2.88401e+27,4.80196e+23,6.88211e+12,1.88891,1.90649e+30,0.03468,0.000157087,3.24324e-12,5.12003e-64,1.10786e+16,2.0804e+16,2.56021e+11,3.18829e+16,9.80354e+16,3.26492e+09
1.41027e+07,267452,5.63471e+06,3.2071e+27,5.30681e+23,7.13565e+12,1.89604,1.87283e+30,0.03468,0.000155421,3.11914e-12,4.70035e-64,1.10136e+16,2.06937e+16,2.54201e+11,3.17075e+16,1.03889e+17,3.25244e+09
1.46027e+07,266475,5.62431e+06,3.55269e+27,5.84098e+23,7.38925e+12,1.90346,1.83859e+30,0.03468,0.000153713,2.99558e-12,4.30182e-64,1.09466e+16,2.05801e+16,2.5233e+11,3.1527e+16,1.0976e+17,3.23955e+09
1.51027e+07,265468,5.61357e+06,3.9214e+27,6.40452e+23,7.64292e+12,1.91116,1.80381e+30,0.03468,0.000151966,2.87287e-12,3.92499e-64,1.08778e+16,2.04632e+16,2.50408e+11,3.13412e+16,1.15632e+17,3.22627e+09
1.56027e+07,264432,5.60249e+06,4.31384e+27,6.9974e+23,7.89665e+12,1.91916,1.76856e+30,0.03468,0.000150181,2.75134e-12,3.57018e-64,1.0807e+16,2.0343e+16,2.48437e+11,3.11503e+16,1.2149e+17,3.21259e+09
1.61027e+07,263365,5.59108e+06,4.73059e+27,7.6195e+23,8.15045e+12,1.92745,1.73289e+30,0.03468,0.00014836,2.63125e-12,3.23748e-64,1.07345e+16,2.02197e+16,2.46418e+11,3.09545e+16,1.27317e+17,3.19852e+09
1.66027e+07,262270,5.57933e+06,5.17223e+27,8.27063e+23,8.40432e+12,1.93603,1.69685e+30,0.03468,0.000146505,2.51289e-12,2.92678e-64,1.06602e+16,2.00933e+16,2.44353e+11,3.07538e+16,1.33098e+17,3.18407e+09
1.71027e+07,261146,5.56725e+06,5.63931e+27,8.95053e+23,8.65826e+12,1.94492,1.6605e+30,0.03468,0.000144618,2.39649e-12,2.63779e-64,1.05842e+16,1.99639e+16,2.42244e+11,3.05483e+16,1.38819e+17,3.16925e+09
1.76027e+07,259994,5.55484e+06,6.13236e+27,9.65886e+23,8.91228e+12,1.95411,1.62389e+30,0.03468,0.000142701,2.28228e-12,2.37005e-64,1.05065e+16,1.98315e+16,2.40091e+11,3.03383e+16,1.44464e+17,3.15406e+09
1.81027e+07,258815,5.5421e+06,6.6519e+27,1.03952e+24,9.16638e+12,1.96362,1.58707e+30,0.03468,0.000140755,2.17048e-12,2.12297e-64,1.04272e+16,1.96963e+16,2.37897e+11,3.01237e+16,1.5002e+17,3.1385e+09
1.86027e+07,257607,5.52904e+06,7.19842e+27,1.11591e+24,9.42055e+12,1.97343,1.5501e+30,0.03468,0.000138782,2.06126e-12,1.89582e-64,1.03462e+16,1.95582e+16,2.35662e+11,2.99047e+16,1.55473e+17,3.12258e+09
1.91027e+07,256373,5.51566e+06,7.77239e+27,1.19499e+24,9.6748e+12,1.98356,1.51302e+30,0.03468,0.000136785,1.95481e-12,1.68779e-64,1.02638e+16,1.94174e+16,2.33389e+11,2.96814e+16,1.6081e+17,3.10631e+09
1.96027e+07,255113,5.50196e+06,8.37428e+27,1.27672e+24,9.92914e+12,1.99401,1.47589e+30,0.03468,0.000134765,1.85127e-12,1.49799e-64,1.01798e+16,1.92739e+16,2.31079e+11,2.9454e+16,1.66017e+17,3.0897e+09
2.01027e+07,253827,5.48794e+06,9.00452e+27,1.36101e+24,1.01836e+13,2.00479,1.43874e+30,0.03468,0.000132724,1.75076e-12,1.32547e-64,1.00944e+16,1.91279e+16,2.28733e+11,2.92225e+16,1.71083e+17,3.07274e+09
2.06027e+07,252515,5.47361e+06,9.66352e+27,1.4478e+24,1.04381e+13,2.0159,1.40164e+30,0.03468,0.000130665,1.6534e-12,1.16924e-64,1.00076e+16,1.89793e+16,2.26353e+11,2.89871e+16,1.75996e+17,3.05545e+09
2.11027e+07,251178,5.45897e+06,1.03517e+28,1.53701e+24,1.06927e+13,2.02734,1.36463e+30,0.03468,0.000128588,1.55927e-12,1.02827e-64,9.91942e+15,1.88283e+16,2.2394e+11,2.8748e+16,1.80745e+17,3.03784e+09
2.16027e+07,249816,5.44402e+06,1.10694e+28,1.62854e+24,1.09474e+13,2.03911,1.32775e+30,0.03468,0.000126495,1.46845e-12,9.01531e-65,9.82996e+15,1.8675e+16,2.21497e+11,2.85052e+16,1.8532e+17,3.01991e+09
2.21027e+07,248430,5.42876e+06,1.18169e+28,1.72232e+24,1.12021e+13,2.05124,1.29104e+30,0.03468,0.000124389,1.38099e-12,7.88002e-65,9.73925e+15,1.85193e+16,2.19025e+11,2.82588e+16,1.8971e+17,3.00166e+09
2.26027e+07,247021,5.41321e+06,1.25947e+28,1.81825e+24,1.1457e+13,2.06371,1.25455e+30,0.03468,0.000122272,1.29694e-12,6.86667e-65,9.64733e+15,1.83615e+16,2.16525e+11,2.80091e+16,1.93907e+17,2.98311e+09
2.31027e+07,245588,5.39735e+06,1.3403e+28,1.91623e+24,1.1712e+13,2.07654,1.21831e+30,0.03468,0.000120145,1.2163e-12,5.96539e-65,9.55427e+15,1.82016e+16,2.13999e+11,2.7756e+16,1.97902e+17,2.96426e+09
2.36027e+07,244133,5.3812e+06,1.42421e+28,2.01615e+24,1.19671e+13,2.08972,1.18237e+30,0.03468,0.00011801,1.13909e-12,5.16661e-65,9.46011e+15,1.80396e+16,2.11449e+11,2.74999e+16,2.01688e+17,2.94512e+09
2.41027e+07,242656,5.36475e+06,1.51123e+28,2.11791e+24,1.22222e+13,2.10327,1.14676e+30,0.03468,0.000115868,1.06529e-12,4.46114e-65,9.36489e+15,1.78756e+16,2.08876e+11,2.72407e+16,2.05257e+17,2.92569e+09
2.46027e+07,241157,5.34802e+06,1.60138e+28,2.2214e+24,1.24775e+13,2.1172,1.11151e+30,0.03468,0.000113723,9.94893e-13,3.84027e-65,9.26868e+15,1.77098e+16,2.06282e+11,2.69787e+16,2.08604e+17,2.90599e+09
2.51027e+07,239637,5.331e+06,1.69469e+28,2.32651e+24,1.27329e+13,2.1315,1.07667e+30,0.03468,0.000111574,9.27853e-13,3.29574e-65,9.17152e+15,1.75421e+16,2.03668e+11,2.67139e+16,2.11723e+17,2.88601e+09
2.56027e+07,238096,5.31369e+06,1.79117e+28,2.43313e+24,1.29884e+13,2.14618,1.04225e+30,0.03468,0.000109424,8.64128e-13,2.81981e-65,9.07347e+15,1.73728e+16,2.01037e+11,2.64465e+16,2.1461e+17,2.86577e+09
2.61027e+07,236536,5.2961e+06,1.89084e+28,2.54112e+24,1.3244e+13,2.16125,1.0083e+30,0.03468,0.000107275,8.03662e-13,2.40527e-65,8.97456e+15,1.72018e+16,1.98388e+11,2.61766e+16,2.17259e+17,2.84528e+09
2.66027e+07,234956,5.27824e+06,1.99371e+28,2.65039e+24,1.34997e+13,2.17672,9.74827e+29,0.03468,0.000105128,7.46389e-13,2.04543e-65,8.87486e+15,1.70293e+16,1.95726e+11,2.59043e+16,2.19668e+17,2.82454e+09
2.71027e+07,233357,5.26011e+06,2.09981e+28,2.76079e+24,1.37555e+13,2.1926,9.41871e+29,0.03468,0.000102985,6.92235e-13,1.73414e-65,8.77442e+15,1.68553e+16,1.93049e+11,2.56299e+16,2.21835e+17,2.80355e+09
2.76027e+07,231739,5.2417e+06,2.20914e+28,2.87222e+24,1.40114e+13,2.20888,9.09453e+29,0.03468,0.000100847,6.41119e-13,1.46575e-65,8.67329e+15,1.66798e+16,1.90362e+11,2.53533e+16,2.23757e+17,2.78234e+09
2.81027e+07,230104,5.22303e+06,2.32172e+28,2.98455e+24,1.42674e+13,2.22558,8.77595e+29,0.03468,9.87164e-05,5.92954e-13,1.23514e-65,8.57151e+15,1.65031e+16,1.87664e+11,2.50748e+16,2.25434e+17,2.7609e+09
2.86027e+07,228451,5.20409e+06,2.43753e+28,3.09766e+24,1.45236e+13,2.24271,8.46316e+29,0.03468,9.65937e-05,5.47648e-13,1.03765e-65,8.46914e+15,1.63252e+16,1.84957e+11,2.47945e+16,2.26864e+17,2.73924e+09
2.91027e+07,226781,5.1849e+06,2.5566e+28,3.21142e+24,1.47799e+13,2.26027,8.15635e+29,0.03468,9.44808e-05,5.05102e-13,8.69093e-66,8.36622e+15,1.61461e+16,1.82243e+11,2.45125e+16,2.28049e+17,2.71737e+09
2.96027e+07,225095,5.16545e+06,2.67893e+28,3.32572e+24,1.50363e+13,2.27826,7.85569e+29,0.03468,9.2379e-05,4.65215e-13,7.25707e-66,8.26281e+15,1.59659e+16,1.79524e+11,2.42289e+16,2.28988e+17,2.69529e+09
3.01027e+07,223393,5.14574e+06,2.80451e+28,3.44042e+24,1.52928e+13,2.29671,7.56132e+29,0.03468,9.02897e-05,4.27886e-13,6.04139e-66,8.15896e+15,1.57848e+16,1.768e+11,2.39439e+16,2.29684e+17,2.67302e+09
3.06027e+07,221676,5.12579e+06,2.93334e+28,3.55541e+24,1.55494e+13,2.31562,7.27339e+29,0.03468,8.82141e-05,3.93006e-13,5.01411e-66,8.05472e+15,1.56027e+16,1.74074e+11,2.36576e+16,2.30138e+17,2.65056e+09
3.11027e+07,219945,5.10559e+06,3.06542e+28,3.67057e+24,1.58062e+13,2.33499,6.99199e+29,0.03468,8.61536e-05,3.6047e-13,4.14889e-66,7.95013e+15,1.54198e+16,1.71346e+11,2.33701e+16,2.30353e+17,2.62793e+09
3.16027e+07,218199,5.08515e+06,3.20074e+28,3.78577e+24,1.60631e+13,2.35483,6.71723e+29,0.03468,8.41092e-05,3.30171e-13,3.42257e-66,7.84524e+15,1.52362e+16,1.68619e+11,2.30816e+16,2.30333e+17,2.60511e+09
3.21027e+07,216440,5.06447e+06,3.3393e+28,3.90091e+24,1.63201e+13,2.37516,6.44919e+29,0.03468,8.20822e-05,3.01999e-13,2.81485e-66,7.7401e+15,1.50519e+16,1.65892e+11,2.27922e+16,2.3008e+17,2.58214e+09
3.26027e+07,214667,5.04356e+06,3.48108e+28,4.01587e+24,1.65773e+13,2.39598,6.18794e+29,0.03468,8.00737e-05,2.7585e-13,2.30803e-66,7.63475e+15,1.4867e+16,1.63169e+11,2.25019e+16,2.29601e+17,2.55901e+09
3.31027e+07,212883,5.02241e+06,3.62606e+28,4.13053e+24,1.68346e+13,2.4173,5.93352e+29,0.03468,7.80847e-05,2.51616e-13,1.88673e-66,7.52926e+15,1.46816e+16,1.6045e+11,2.2211e+16,2.28899e+17,2.53572e+09
3.36027e+07,211086,5.00104e+06,3.77425e+28,4.24479e+24,1.7092e+13,2.43913,5.68597e+29,0.03468,7.61162e-05,2.29194e-13,1.53767e-66,7.42365e+15,1.44957e+16,1.57736e+11,2.19195e+16,2.2798e+17,2.5123e+09
3.41027e+07,209278,4.97945e+06,3.92561e+28,4.35853e+24,1.73496e+13,2.46149,5.4453e+29,0.03468,7.41693e-05,2.08482e-13,1.24939e-66,7.31798e+15,1.43095e+16,1.5503e+11,2.16277e+16,2.26848e+17,2.48874e+09
3.46027e+07,207459,4.95763e+06,4.08013e+28,4.47166e+24,1.76072e+13,2.48438,5.21153e+29,0.03468,7.22447e-05,1.8938e-13,1.01209e-66,7.21228e+15,1.4123e+16,1.52331e+11,2.13355e+16,2.25512e+17,2.46505e+09
3.51027e+07,205630,4.9356e+06,4.23779e+28,4.58406e+24,1.78651e+13,2.50782,4.98466e+29,0.03468,7.03434e-05,1.7179e-13,8.17378e-67,7.10662e+15,1.39363e+16,1.49641e+11,2.10431e+16,2.23976e+17,2.44125e+09
3.56027e+07,203791,4.91336e+06,4.39857e+28,4.69566e+24,1.8123e+13,2.53181,4.76465e+29,0.03468,6.84662e-05,1.55619e-13,6.58131e-67,7.00102e+15,1.37494e+16,1.46962e+11,2.07506e+16,2.22248e+17,2.41733e+09
3.61027e+07,201943,4.89091e+06,4.56243e+28,4.80634e+24,1.83811e+13,2.55636,4.55147e+29,0.03468,6.66138e-05,1.40775e-13,5.28307e-67,6.89553e+15,1.35625e+16,1.44294e+11,2.04582e+16,2.20335e+17,2.39331e+09
3.66027e+07,200087,4.86826e+06,4.72937e+28,4.91602e+24,1.86394e+13,2.5815,4.3451e+29,0.03468,6.4787e-05,1.27171e-13,4.2281e-67,6.7902e+15,1.33756e+16,1.41639e+11,2.01659e+16,2.18244e+17,2.36919e+09
3.71027e+07,198222,4.8454e+06,4.89933e+28,5.02461e+24,1.88978e+13,2.60722,4.14546e+29,0.03468,6.29864e-05,1.14724e-13,3.37357e-67,6.68506e+15,1.31887e+16,1.38998e+11,1.98739e+16,2.15983e+17,2.34498e+09
3.76027e+07,196350,4.82235e+06,5.07231e+28,5.13203e+24,1.91563e+13,2.63355,3.95251e+29,0.03468,6.12126e-05,1.03352e-13,2.68361e-67,6.58015e+15,1.3002e+16,1.36372e+11,1.95823e+16,2.1356e+17,2.32069e+09
3.81027e+07,194471,4.7991e+06,5.24825e+28,5.23821e+24,1.9415e+13,2.6605,3.76616e+29,0.03468,5.94662e-05,9.29782e-14,2.12831e-67,6.47552e+15,1.28155e+16,1.33761e+11,1.92911e+16,2.10982e+17,2.29632e+09
3.86027e+07,192585,4.77567e+06,5.42714e+28,5.34305e+24,1.96738e+13,2.68807,3.58633e+29,0.03468,5.77478e-05,8.35306e-14,1.68281e-67,6.37121e+15,1.26292e+16,1.31168e+11,1.90006e+16,2.08259e+17,2.27189e+09
3.91027e+07,190693,4.75205e+06,5.60893e+28,5.4465e+24,1.99328e+13,2.71629,3.41293e+29,0.03468,5.60577e-05,7.49394e-14,1.32654e-67,6.26724e+15,1.24433e+16,1.28592e+11,1.87107e+16,2.05397e+17,2.24739e+09
3.96027e+07,188796,4.72825e+06,5.79358e+28,5.54848e+24,2.01919e+13,2.74517,3.24587e+29,0.03468,5.43965e-05,6.7139e-14,1.04254e-67,6.16367e+15,1.22578e+16,1.26035e+11,1.84216e+16,2.02406e+17,2.22285e+09
4.01027e+07,186894,4.70427e+06,5.98106e+28,5.64894e+24,2.04512e+13,2.77471,3.08505e+29,0.03468,5.27645e-05,6.00675e-14,8.16861e-68,6.06052e+15,1.20728e+16,1.23498e+11,1.81335e+16,1.99294e+17,2.19825e+09
4.06027e+07,184987,4.68012e+06,6.17133e+28,5.74782e+24,2.07106e+13,2.80495,2.93034e+29,0.03468,5.1162e-05,5.36667e-14,6.38101e-68,5.95784e+15,1.18883e+16,1.20982e+11,1.78463e+16,1.96069e+17,2.17362e+09
4.11027e+07,183077,4.6558e+06,6.36433e+28,5.84505e+24,2.09702e+13,2.83588,2.78163e+29,0.03468,4.95894e-05,4.78817e-14,4.96954e-68,5.85564e+15,1.17044e+16,1.18487e+11,1.75602e+16,1.92741e+17,2.14896e+09
4.16027e+07,181163,4.63132e+06,6.56004e+28,5.9406e+24,2.123e+13,2.86753,2.6388e+29,0.03468,4.80468e-05,4.26613e-14,3.85858e-68,5.75398e+15,1.15211e+16,1.16014e+11,1.72752e+16,1.89316e+17,2.12427e+09
4.21027e+07,179247,4.60667e+06,6.7584e+28,6.03441e+24,2.14898e+13,2.89992,2.50173e+29,0.03468,4.65346e-05,3.79576e-14,2.98691e-68,5.65288e+15,1.13386e+16,1.13564e+11,1.69916e+16,1.85805e+17,2.09956e+09
4.26027e+07,177328,4.58187e+06,6.95937e+28,6.12645e+24,2.17499e+13,2.93306,2.37028e+29,0.03468,4.50528e-05,3.37258e-14,2.30517e-68,5.55238e+15,1.11568e+16,1.11137e+11,1.67093e+16,1.82215e+17,2.07484e+09
4.31027e+07,175407,4.55691e+06,7.1629e+28,6.21667e+24,2.20101e+13,2.96696,2.24432e+29,0.03468,4.36017e-05,2.99244e-14,1.77364e-68,5.4525e+15,1.09758e+16,1.08735e+11,1.64284e+16,1.78554e+17,2.05012e+09
4.36027e+07,173484,4.5318e+06,7.36893e+28,6.30505e+24,2.22705e+13,3.00166,2.12372e+29,0.03468,4.21812e-05,2.65148e-14,1.36054e-68,5.35327e+15,1.07957e+16,1.06359e+11,1.61491e+16,1.7483e+17,2.02539e+09
4.41027e+07,171561,4.50654e+06,7.57742e+28,6.39155e+24,2.2531e+13,3.03715,2.00832e+29,0.03468,4.07915e-05,2.34612e-14,1.0405e-68,5.25473e+15,1.06166e+16,1.04008e+11,1.58714e+16,1.71053e+17,2.00068e+09
4.46027e+07,169638,4.48115e+06,7.78831e+28,6.47615e+24,2.27917e+13,3.07347,1.89799e+29,0.03468,3.94326e-05,2.07305e-14,7.9333e-69,5.1569e+15,1.04384e+16,1.01683e+11,1.55954e+16,1.67229e+17,1.97598e+09
4.51027e+07,167714,4.45561e+06,8.00156e+28,6.55883e+24,2.30525e+13,3.11063,1.79259e+29,0.03468,3.81044e-05,1.82923e-14,6.03042e-69,5.05981e+15,1.02612e+16,9.93848e+10,1.53211e+16,1.63365e+17,1.9513e+09
4.56027e+07,165791,4.42994e+06,8.2171e+28,6.63956e+24,2.33135e+13,3.14865,1.69197e+29,0.03468,3.68069e-05,1.61185e-14,4.57006e-69,4.96348e+15,1.00851e+16,9.71142e+10,1.50487e+16,1.59471e+17,1.92665e+09
4.61027e+07,163869,4.40414e+06,8.43488e+28,6.71835e+24,2.35747e+13,3.18756,1.59599e+29,0.03468,3.55401e-05,1.41834e-14,3.45284e-69,4.86795e+15,9.91011e+15,9.48715e+10,1.47782e+16,1.55553e+17,1.90203e+09
4.66027e+07,161948,4.37822e+06,8.65484e+28,6.79517e+24,2.3836e+13,3.22737,1.5045e+29,0.03468,3.43037e-05,1.24632e-14,2.60082e-69,4.77323e+15,9.7363e+15,9.26572e+10,1.45096e+16,1.51618e+17,1.87745e+09
4.71027e+07,160029,4.35217e+06,8.87692e+28,6.87002e+24,2.40975e+13,3.26811,1.41736e+29,0.03468,3.30977e-05,1.09365e-14,1.95309e-69,4.67934e+15,9.5637e+15,9.04716e+10,1.42431e+16,1.47673e+17,1.85291e+09
4.76027e+07,158113,4.326e+06,9.10106e+28,6.94289e+24,2.43591e+13,3.3098,1.33441e+29,0.03468,3.19219e-05,9.58352e-15,1.46222e-69,4.58632e+15,9.39235e+15,8.83152e+10,1.39788e+16,1.43724e+17,1.82843e+09
4.81027e+07,156199,4.29971e+06,9.32721e+28,7.01379e+24,2.4621e+13,3.35245,1.25552e+29,0.03468,3.07761e-05,8.38622e-15,1.09139e-69,4.49417e+15,9.2223e+15,8.61883e+10,1.37166e+16,1.39779e+17,1.80401e+09
4.86027e+07,154289,4.27332e+06,9.5553e+28,7.08272e+24,2.4883e+13,3.39611,1.18055e+29,0.03468,2.966e-05,7.3283e-15,8.1212e-70,4.40293e+15,9.05357e+15,8.40913e+10,1.34566e+16,1.35843e+17,1.77964e+09
4.91027e+07,152382,4.24682e+06,9.78528e+28,7.14969e+24,2.51451e+13,3.44078,1.10935e+29,0.03468,2.85734e-05,6.39492e-15,6.0247e-70,4.31261e+15,8.88622e+15,8.20245e+10,1.31989e+16,1.31922e+17,1.75535e+09
4.96027e+07,150479,4.22021e+06,1.00171e+29,7.2147e+24,2.54074e+13,3.4865,1.04177e+29,0.03468,2.75161e-05,5.57264e-15,4.45579e-70,4.22323e+15,8.72027e+15,7.99882e+10,1.29436e+16,1.28022e+17,1.73113e+09
5.01027e+07,148580,4.1935e+06,1.02506e+29,7.27776e+24,2.56699e+13,3.5333,9.77692e+28,0.03468,2.64877e-05,4.84932e-15,3.28537e-70,4.1348e+15,8.55577e+15,7.79826e+10,1.26906e+16,1.24148e+17,1.70699e+09
5.06027e+07,146687,4.1667e+06,1.04858e+29,7.33889e+24,2.59326e+13,3.58119,9.16968e+28,0.03468,2.5488e-05,4.214e-15,2.41498e-70,4.04734e+15,8.39274e+15,7.60079e+10,1.24402e+16,1.20305e+17,1.68293e+09
5.11027e+07,144798,4.1398e+06,1.07227e+29,7.39812e+24,2.61954e+13,3.63021,8.59466e+28,0.03468,2.45165e-05,3.65678e-15,1.76975e-70,3.96087e+15,8.23121e+15,7.40643e+10,1.21922e+16,1.16498e+17,1.65896e+09
5.16027e+07,142916,4.11282e+06,1.09611e+29,7.45544e+24,2.64584e+13,3.68038,8.05055e+28,0.03468,2.35729e-05,3.16881e-15,1.29294e-70,3.87541e+15,8.07123e+15,7.2152e+10,1.19467e+16,1.12732e+17,1.63509e+09
5.21027e+07,141039,4.08575e+06,1.1201e+29,7.5109e+24,2.67216e+13,3.73175,7.53605e+28,0.03468,2.26569e-05,2.7421e-15,0,3.79096e+15,7.91281e+15,7.02711e+10,1.17038e+16,1.09011e+17,1.61132e+09
5.26027e+07,139168,4.0586e+06,1.14423e+29,7.56451e+24,2.69849e+13,3.78432,7.04991e+28,0.03468,2.17681e-05,2.36953e-15,0,3.70754e+15,7.75598e+15,6.84217e+10,1.14636e+16,1.05338e+17,1.58765e+09
5.31027e+07,137305,4.03137e+06,1.1685e+29,7.61629e+24,2.72484e+13,3.83815,6.59089e+28,0.03468,2.0906e-05,2.04469e-15,0,3.62516e+15,7.60078e+15,6.66039e+10,1.1226e+16,1.01718e+17,1.56409e+09
5.36027e+07,135448,4.00406e+06,1.19289e+29,7.66627e+24,2.75121e+13,3.89326,6.1578e+28,0.03468,2.00702e-05,1.76191e-15,0,3.54383e+15,7.44722e+15,6.48178e+10,1.09911e+16,9.81541e+16,1.54064e+09
5.41027e+07,133599,3.97669e+06,1.21741e+29,7.71449e+24,2.77759e+13,3.94968,5.74945e+28,0.03468,1.92604e-05,1.51609e-15,0,3.46356e+15,7.29533e+15,6.30633e+10,1.07589e+16,9.4649e+16,1.51731e+09
5.46027e+07,131757,3.94925e+06,1.24204e+29,7.76097e+24,2.80399e+13,4.00745,5.36472e+28,0.03468,1.8476e-05,1.30272e-15,0,3.38436e+15,7.14513e+15,6.13406e+10,1.05296e+16,9.12058e+16,1.49411e+09
5.51027e+07,129924,3.92174e+06,1.26678e+29,7.80575e+24,2.83041e+13,4.0666,5.0025e+28,0.03468,1.77167e-05,1.1178e-15,0,3.30624e+15,6.99664e+15,5.96495e+10,1.03029e+16,8.7827e+16,1.47103e+09
5.56027e+07,128099,3.89418e+06,1.29162e+29,7.84885e+24,2.85685e+13,4.12718,4.66171e+28,0.03468,1.69819e-05,9.57771e-16,0,3.22921e+15,6.84988e+15,5.799e+10,1.00792e+16,8.45152e+16,1.44808e+09
5.61027e+07,126283,3.86656e+06,1.31656e+29,7.89031e+24,2.8833e+13,4.18922,4.34132e+28,0.03468,1.62712e-05,8.19485e-16,0,3.15327e+15,6.70487e+15,5.63622e+10,9.8582e+15,8.12723e+16,1.42527e+09
5.66027e+07,124476,3.83888e+06,1.34158e+29,7.93016e+24,2.90977e+13,4.25275,4.04032e+28,0.03468,1.55841e-05,7.00166e-16,0,3.07843e+15,6.56163e+15,5.47658e+10,9.64012e+15,7.81003e+16,1.4026e+09
5.71027e+07,122679,3.81116e+06,1.36668e+29,7.96845e+24,2.93625e+13,4.31783,3.75774e+28,0.03468,1.49201e-05,5.97367e-16,0,3.00469e+15,6.42017e+15,5.32007e+10,9.42492e+15,7.50007e+16,1.38007e+09
5.76027e+07,120891,3.78339e+06,1.39186e+29,8.00521e+24,2.96276e+13,4.38448,3.49263e+28,0.03468,1.42788e-05,5.08932e-16,0,2.93206e+15,6.2805e+15,5.1667e+10,9.21262e+15,7.19749e+16,1.35769e+09
5.81027e+07,119113,3.75557e+06,1.4171e+29,8.04047e+24,2.98928e+13,4.45277,3.24411e+28,0.03468,1.36596e-05,4.32968e-16,0,2.86055e+15,6.14264e+15,5.01643e+10,9.00324e+15,6.90241e+16,1.33545e+09
5.86027e+07,117345,3.72772e+06,1.4424e+29,8.07428e+24,3.01581e+13,4.52272,3.01129e+28,0.03468,1.30621e-05,3.67813e-16,0,2.79014e+15,6.0066e+15,4.86926e+10,8.79679e+15,6.61492e+16,1.31337e+09
5.91027e+07,115588,3.69983e+06,1.46775e+29,8.10666e+24,3.04237e+13,4.59439,2.79333e+28,0.03468,1.24858e-05,3.12012e-16,0,2.72086e+15,5.87239e+15,4.72517e+10,8.59329e+15,6.33509e+16,1.29145e+09
5.96027e+07,113841,3.67191e+06,1.49314e+29,8.13767e+24,3.06894e+13,4.66783,2.58945e+28,0.03468,1.19301e-05,2.64295e-16,0,2.65269e+15,5.74001e+15,4.58414e+10,8.39274e+15,6.06299e+16,1.26969e+09
6.01027e+07,112106,3.64396e+06,1.51858e+29,8.16733e+24,3.09553e+13,4.74308,2.39885e+28,0.03468,1.13946e-05,2.23551e-16,0,2.58563e+15,5.60948e+15,4.44614e+10,8.19516e+15,5.79863e+16,1.24809e+09
6.06027e+07,110382,3.61598e+06,1.54404e+29,8.1957e+24,3.12213e+13,4.82019,2.22081e+28,0.03468,1.08787e-05,1.88814e-16,0,2.5197e+15,5.48081e+15,4.31115e+10,8.00055e+15,5.54205e+16,1.22666e+09
6.11027e+07,108669,3.58798e+06,1.56953e+29,8.22279e+24,3.14876e+13,4.89922,2.05462e+28,0.03468,1.0382e-05,1.59241e-16,0,2.45488e+15,5.35399e+15,4.17916e+10,7.80892e+15,5.29323e+16,1.2054e+09
6.16027e+07,106969,3.55996e+06,1.59504e+29,8.24867e+24,3.17539e+13,4.98023,1.89959e+28,0.03468,9.904e-06,1.34105e-16,0,2.39118e+15,5.22904e+15,4.05013e+10,7.62026e+15,5.05216e+16,1.18431e+09
6.21027e+07,105280,3.53192e+06,1.62055e+29,8.27335e+24,3.20205e+13,5.06327,1.75508e+28,0.03468,9.44415e-06,1.1277e-16,0,2.32859e+15,5.10595e+15,3.92403e+10,7.43458e+15,4.81881e+16,1.16339e+09
6.26027e+07,103603,3.50386e+06,1.64607e+29,8.29689e+24,3.22872e+13,5.14839,1.62048e+28,0.03468,9.00199e-06,9.46903e-17,0,2.26712e+15,4.98472e+15,3.80084e+10,7.25188e+15,4.59312e+16,1.14265e+09
6.31027e+07,101939,3.4758e+06,1.67158e+29,8.31932e+24,3.25541e+13,5.23567,1.49518e+28,0.03468,8.57702e-06,7.93916e-17,0,2.20675e+15,4.86537e+15,3.68053e+10,7.07216e+15,4.37505e+16,1.1221e+09
6.36027e+07,100287,3.44773e+06,1.69709e+29,8.34067e+24,3.28212e+13,5.32515,1.37865e+28,0.03468,8.16875e-06,6.6466e-17,0,2.14748e+15,4.74789e+15,3.56306e+10,6.89541e+15,4.16451e+16,1.10172e+09
6.41027e+07,98648.7,3.41965e+06,1.72258e+29,8.361e+24,3.30884e+13,5.41691,1.27033e+28,0.03468,7.77672e-06,5.55621e-17,0,2.08932e+15,4.63227e+15,3.44841e+10,6.72162e+15,3.96142e+16,1.08153e+09
6.46027e+07,97022.9,3.39158e+06,1.74804e+29,8.38032e+24,3.33558e+13,5.51102,1.16972e+28,0.03468,7.40043e-06,4.63776e-17,0,2.03224e+15,4.51852e+15,3.33654e+10,6.5508e+15,3.76568e+16,1.06153e+09
6.51027e+07,95410.4,3.3635e+06,1.77347e+29,8.39868e+24,3.36233e+13,5.60754,1.07634e+28,0.03468,7.03943e-06,3.86533e-17,0,1.97626e+15,4.40664e+15,3.22742e+10,6.38293e+15,3.57718e+16,1.04171e+09
6.56027e+07,93811.1,3.33543e+06,1.79887e+29,8.41612e+24,3.3891e+13,5.70655,9.8974e+27,0.03468,6.69324e-06,3.2167e-17,0,1.92136e+15,4.29661e+15,3.12102e+10,6.21801e+15,3.39582e+16,1.02209e+09
6.61027e+07,92225.4,3.30736e+06,1.82422e+29,8.43267e+24,3.41589e+13,5.80812,9.09475e+27,0.03468,6.36141e-06,2.67287e-17,0,1.86754e+15,4.18844e+15,3.01729e+10,6.05601e+15,3.22146e+16,1.00266e+09
6.66027e+07,90653.4,3.27931e+06,1.84952e+29,8.44837e+24,3.44269e+13,5.91232,8.35139e+27,0.03468,6.04348e-06,2.2176e-17,0,1.81478e+15,4.08212e+15,2.9162e+10,5.89694e+15,3.05397e+16,9.83421e+08
6.71027e+07,89095.1,3.25126e+06,1.87476e+29,8.46324e+24,3.46951e+13,6.01924,7.66345e+27,0.03468,5.73902e-06,1.83708e-17,0,1.76309e+15,3.97765e+15,2.81772e+10,5.74077e+15,2.89322e+16,9.6438e+08
6.76027e+07,87550.9,3.22323e+06,1.89994e+29,8.47732e+24,3.49634e+13,6.12897,7.02725e+27,0.03468,5.44757e-06,1.51952e-17,0,1.71245e+15,3.87501e+15,2.7218e+10,5.58749e+15,2.73906e+16,9.45536e+08
6.81027e+07,86020.7,3.19522e+06,1.92505e+29,8.49065e+24,3.52319e+13,6.24158,6.43933e+27,0.03468,5.16872e-06,1.25491e-17,0,1.66286e+15,3.7742e+15,2.62842e+10,5.43709e+15,2.59134e+16,9.26892e+08
6.86027e+07,84504.8,3.16723e+06,1.95009e+29,8.50326e+24,3.55006e+13,6.35717,5.89642e+27,0.03468,4.90203e-06,1.03478e-17,0,1.61431e+15,3.6752e+15,2.53752e+10,5.28954e+15,2.44991e+16,9.08448e+08
6.91027e+07,83003.2,3.13926e+06,1.97504e+29,8.51518e+24,3.57694e+13,6.47583,5.39544e+27,0.03468,4.6471e-06,8.51937e-18,0,1.56679e+15,3.57802e+15,2.44907e+10,5.14483e+15,2.3146e+16,8.90206e+08
6.96027e+07,81516.1,3.11132e+06,1.99991e+29,8.52643e+24,3.60383e+13,6.59765,4.9335e+27,0.03468,4.40351e-06,7.00303e-18,0,1.52028e+15,3.48264e+15,2.36303e+10,5.00294e+15,2.18527e+16,8.72167e+08
7.01027e+07,80043.5,3.08341e+06,2.02468e+29,8.53705e+24,3.63074e+13,6.72274,4.50787e+27,0.03468,4.17086e-06,5.74753e-18,0,1.47478e+15,3.38905e+15,2.27936e+10,4.86386e+15,2.06173e+16,8.54331e+08
7.06027e+07,78585.7,3.05552e+06,2.04935e+29,8.54707e+24,3.65767e+13,6.85119,4.11597e+27,0.03468,3.94877e-06,4.70965e-18,0,1.43029e+15,3.29723e+15,2.19803e+10,4.72754e+15,1.94383e+16,8.36701e+08
7.11027e+07,77142.6,3.02767e+06,2.07392e+29,8.55651e+24,3.68461e+13,6.98313,3.75542e+27,0.03468,3.73685e-06,3.85305e-18,0,1.38678e+15,3.20718e+15,2.11898e+10,4.59399e+15,1.8314e+16,8.19276e+08
7.16027e+07,75714.3,2.99986e+06,2.09837e+29,8.5654e+24,3.71157e+13,7.11865,3.42394e+27,0.03468,3.53474e-06,3.1472e-18,0,1.34425e+15,3.11888e+15,2.04218e+10,4.46316e+15,1.72426e+16,8.02057e+08
7.21027e+07,74301,2.97208e+06,2.12271e+29,8.57377e+24,3.73853e+13,7.25787,3.11942e+27,0.03468,3.34205e-06,2.56652e-18,0,1.30269e+15,3.03233e+15,1.96758e+10,4.33504e+15,1.62226e+16,7.85046e+08
7.26027e+07,72902.7,2.94435e+06,2.14692e+29,8.58164e+24,3.76552e+13,7.40092,2.83988e+27,0.03468,3.15845e-06,2.08958e-18,0,1.26209e+15,2.94749e+15,1.89516e+10,4.2096e+15,1.52522e+16,7.68243e+08
7.31027e+07,71519.5,2.91665e+06,2.17101e+29,8.58904e+24,3.79252e+13,7.54792,2.58346e+27,0.03468,2.98358e-06,1.6985e-18,0,1.22243e+15,2.86437e+15,1.82485e+10,4.08682e+15,1.43298e+16,7.51648e+08
7.36027e+07,70151.4,2.889e+06,2.19497e+29,8.59599e+24,3.81953e+13,7.69899,2.34843e+27,0.03468,2.81711e-06,1.37834e-18,0,1.18371e+15,2.78294e+15,1.75663e+10,3.96667e+15,1.34536e+16,7.35262e+08
7.41027e+07,68798.5,2.8614e+06,2.21878e+29,8.60251e+24,3.84655e+13,7.85428,2.13317e+27,0.03468,2.65869e-06,1.11668e-18,0,1.14591e+15,2.7032e+15,1.69046e+10,3.84912e+15,1.26219e+16,7.19085e+08
7.46027e+07,67460.8,2.83385e+06,2.24245e+29,8.60862e+24,3.87359e+13,8.01393,1.93616e+27,0.03468,2.50803e-06,9.03189e-19,0,1.10902e+15,2.62512e+15,1.62628e+10,3.73415e+15,1.18332e+16,7.03117e+08
7.51027e+07,66138.5,2.80634e+06,2.26598e+29,8.61436e+24,3.90064e+13,8.17807,1.756e+27,0.03468,2.36479e-06,7.29285e-19,0,1.07302e+15,2.54868e+15,1.56406e+10,3.62172e+15,1.10859e+16,6.87359e+08
7.56027e+07,64831.5,2.77889e+06,2.28934e+29,8.61972e+24,3.92771e+13,8.34687,1.59137e+27,0.03468,2.22869e-06,5.8787e-19,0,1.03791e+15,2.47388e+15,1.50376e+10,3.51181e+15,1.03782e+16,6.71811e+08
7.61027e+07,63539.8,2.7515e+06,2.31255e+29,8.62475e+24,3.95479e+13,8.52047,1.44106e+27,0.03468,2.09943e-06,4.73069e-19,0,1.00368e+15,2.40069e+15,1.44534e+10,3.40438e+15,9.70861e+15,6.56473e+08
7.66027e+07,62263.5,2.72417e+06,2.3356e+29,8.62944e+24,3.98187e+13,8.69905,1.30391e+27,0.03468,1.97671e-06,3.80033e-19,0,9.70304e+14,2.3291e+15,1.38875e+10,3.29942e+15,9.07561e+15,6.41344e+08
7.71027e+07,61002.6,2.69689e+06,2.35848e+29,8.63383e+24,4.00898e+13,8.88278,1.17889e+27,0.03468,1.86027e-06,3.04765e-19,0,9.37777e+14,2.25908e+15,1.33396e+10,3.19687e+15,8.47764e+15,6.26426e+08
7.76027e+07,59757.2,2.66967e+06,2.38119e+29,8.63793e+24,4.03609e+13,9.07183,1.065e+27,0.03468,1.74984e-06,2.43978e-19,0,9.06085e+14,2.19063e+15,1.28092e+10,3.09673e+15,7.91322e+15,6.11717e+08
7.81027e+07,58527.2,2.64252e+06,2.40372e+29,8.64176e+24,4.06322e+13,9.26639,9.6134e+26,0.03468,1.64516e-06,1.94971e-19,0,8.75214e+14,2.12372e+15,1.2296e+10,2.99895e+15,7.38088e+15,5.97217e+08
7.86027e+07,57312.6,2.61544e+06,2.42606e+29,8.64532e+24,4.09035e+13,9.46666,8.67065e+26,0.03468,1.54598e-06,1.55531e-19,0,8.45153e+14,2.05833e+15,1.17996e+10,2.90349e+15,6.8792e+15,5.82926e+08
7.91027e+07,56113.5,2.58842e+06,2.44823e+29,8.64865e+24,4.1175e+13,9.67283,7.81395e+26,0.03468,1.45204e-06,1.23847e-19,0,8.15888e+14,1.99444e+15,1.13195e+10,2.81034e+15,6.40678e+15,5.68844e+08
7.96027e+07,54929.8,2.56146e+06,2.4702e+29,8.65174e+24,4.14466e+13,9.88512,7.03606e+26,0.03468,1.36313e-06,9.84392e-20,0,7.87405e+14,1.93204e+15,1.08554e+10,2.71946e+15,5.96227e+15,5.54971e+08
8.01027e+07,53761.5,2.53458e+06,2.49198e+29,8.65462e+24,4.17183e+13,10.1037,6.33033e+26,0.03468,1.27901e-06,7.8101e-20,0,7.59692e+14,1.87111e+15,1.04068e+10,2.63081e+15,5.54435e+15,5.41305e+08
8.06027e+07,52608.7,2.50778e+06,2.51356e+29,8.65729e+24,4.19901e+13,10.3289,5.69059e+26,0.03468,1.19947e-06,6.18505e-20,0,7.32735e+14,1.81162e+15,9.97344e+09,2.54436e+15,5.15175e+15,5.27846e+08
8.11027e+07,51471.2,2.48104e+06,2.53494e+29,8.65978e+24,4.2262e+13,10.5609,5.11114e+26,0.03468,1.12428e-06,4.889e-20,0,7.06521e+14,1.75355e+15,9.55489e+09,2.46008e+15,4.78323e+15,5.14594e+08
8.16027e+07,50349.1,2.45438e+06,2.55612e+29,8.66208e+24,4.2534e+13,10.8,4.58674e+26,0.03468,1.05326e-06,3.85727e-20,0,6.81038e+14,1.69689e+15,9.15079e+09,2.37794e+15,4.43759e+15,5.01548e+08
8.21027e+07,49242.3,2.4278e+06,2.57709e+29,8.66422e+24,4.28061e+13,11.0463,4.11258e+26,0.03468,9.86201e-07,3.03748e-20,0,6.5627e+14,1.64162e+15,8.76075e+09,2.2979e+15,4.11367e+15,4.88707e+08
8.26027e+07,48150.9,2.4013e+06,2.59784e+29,8.6662e+24,4.30783e+13,11.3003,3.68419e+26,0.03468,9.22916e-07,2.38732e-20,0,6.32206e+14,1.58771e+15,8.38441e+09,2.21992e+15,3.81035e+15,4.76071e+08
8.31027e+07,47074.7,2.37487e+06,2.61839e+29,8.66804e+24,4.33506e+13,11.5621,3.2975e+26,0.03468,8.63224e-07,1.87269e-20,0,6.08832e+14,1.53514e+15,8.0214e+09,2.14398e+15,3.52656e+15,4.63638e+08
8.36027e+07,46013.7,2.34853e+06,2.63871e+29,8.66973e+24,4.36229e+13,11.8321,2.94874e+26,0.03468,8.0695e-07,1.46611e-20,0,5.86135e+14,1.4839e+15,7.67138e+09,2.07004e+15,3.26126e+15,4.51408e+08
8.41027e+07,44968,2.32227e+06,2.65881e+29,8.6713e+24,4.38953e+13,12.1106,2.63448e+26,0.03468,7.53927e-07,1.14552e-20,0,5.64101e+14,1.43396e+15,7.33399e+09,1.99807e+15,3.01344e+15,4.3938e+08
8.46027e+07,43937.3,2.29609e+06,2.67869e+29,8.67275e+24,4.41678e+13,12.3978,2.35154e+26,0.03468,7.03992e-07,8.93238e-21,0,5.42718e+14,1.3853e+15,7.00888e+09,1.92803e+15,2.78215e+15,4.27553e+08
8.51027e+07,42921.8,2.27e+06,2.69835e+29,8.67409e+24,4.44404e+13,12.6943,2.09705e+26,0.03468,6.56992e-07,6.951e-21,0,5.21973e+14,1.3379e+15,6.69571e+09,1.85988e+15,2.56646e+15,4.15925e+08
8.56027e+07,41921.3,2.244e+06,2.71777e+29,8.67532e+24,4.4713e+13,13.0002,1.86833e+26,0.03468,6.12777e-07,5.398e-21,0,5.01852e+14,1.29175e+15,6.39414e+09,1.79361e+15,2.36549e+15,4.04497e+08
8.61027e+07,40935.7,2.21809e+06,2.73696e+29,8.67646e+24,4.49857e+13,13.316,1.66298e+26,0.03468,5.71205e-07,4.18324e-21,0,4.82342e+14,1.24681e+15,6.10385e+09,1.72916e+15,2.1784e+15,3.93266e+08
8.66027e+07,39965,2.19226e+06,2.75592e+29,8.67751e+24,4.52585e+13,13.642,1.47877e+26,0.03468,5.32139e-07,3.23501e-21,0,4.63431e+14,1.20308e+15,5.8245e+09,1.66651e+15,2.00437e+15,3.82231e+08
8.71027e+07,39009.2,2.16653e+06,2.77464e+29,8.67847e+24,4.55313e+13,13.9788,1.31368e+26,0.03468,4.95449e-07,2.49637e-21,0,4.45106e+14,1.16052e+15,5.55579e+09,1.60563e+15,1.84264e+15,3.71392e+08
8.76027e+07,38068.2,2.14088e+06,2.79313e+29,8.67935e+24,4.58041e+13,14.3266,1.16586e+26,0.03468,4.61009e-07,1.92221e-21,0,4.27355e+14,1.11912e+15,5.29739e+09,1.54648e+15,1.69245e+15,3.60747e+08
8.81027e+07,37141.8,2.11533e+06,2.81137e+29,8.68016e+24,4.6077e+13,14.686,1.03364e+26,0.03468,4.287e-07,1.47686e-21,0,4.10164e+14,1.07885e+15,5.04899e+09,1.48902e+15,1.55312e+15,3.50295e+08
8.86027e+07,36230.1,2.08988e+06,2.82937e+29,8.68091e+24,4.635e+13,15.0575,9.15481e+25,0.03468,3.98407e-07,1.13216e-21,0,3.93521e+14,1.03971e+15,4.8103e+09,1.43323e+15,1.42397e+15,3.40035e+08
8.91027e+07,35332.9,2.06451e+06,2.84713e+29,8.68159e+24,4.66229e+13,15.4415,8.09993e+25,0.03468,3.70022e-07,8.65959e-22,0,3.77413e+14,1.00165e+15,4.58102e+09,1.37907e+15,1.30436e+15,3.29964e+08
8.96027e+07,34450.2,2.03925e+06,2.86463e+29,8.68222e+24,4.68959e+13,15.8385,7.15909e+25,0.03468,3.43438e-07,6.60831e-22,0,3.61829e+14,9.64677e+14,4.36085e+09,1.32651e+15,1.19369e+15,3.20083e+08
9.01027e+07,33581.8,2.01408e+06,2.8819e+29,8.68279e+24,4.71689e+13,16.2491,6.32082e+25,0.03468,3.18557e-07,5.03122e-22,0,3.46757e+14,9.28755e+14,4.14952e+09,1.27552e+15,1.09138e+15,3.10389e+08
9.06027e+07,32727.7,1.98901e+06,2.89891e+29,8.68331e+24,4.7442e+13,16.6739,5.57468e+25,0.03468,2.95284e-07,3.82147e-22,0,3.32183e+14,8.93868e+14,3.94673e+09,1.22605e+15,9.96891e+14,3.00881e+08
9.11027e+07,31887.8,1.96404e+06,2.91567e+29,8.68379e+24,4.7715e+13,17.1135,4.91124e+25,0.03468,2.73527e-07,2.89566e-22,0,3.18097e+14,8.59994e+14,3.75223e+09,1.1781e+15,9.097e+14,2.91558e+08
9.16027e+07,31062.1,1.93917e+06,2.93218e+29,8.68422e+24,4.79881e+13,17.5685,4.32194e+25,0.03468,2.53201e-07,2.1888e-22,0,3.04487e+14,8.27115e+14,3.56574e+09,1.13161e+15,8.29321e+14,2.82418e+08
9.21027e+07,30250.3,1.91439e+06,2.94844e+29,8.68462e+24,4.82611e+13,18.0396,3.79905e+25,0.03468,2.34223e-07,1.65041e-22,0,2.91341e+14,7.95209e+14,3.387e+09,1.08655e+15,7.55292e+14,2.7346e+08
9.26027e+07,29452.4,1.88972e+06,2.96444e+29,8.68498e+24,4.85342e+13,18.5275,3.33559e+25,0.03468,2.16516e-07,1.24132e-22,0,2.78647e+14,7.64258e+14,3.21575e+09,1.04291e+15,6.87176e+14,2.64681e+08
9.31027e+07,28668.4,1.86515e+06,2.98019e+29,8.68531e+24,4.88072e+13,19.033,2.92525e+25,0.03468,2.00004e-07,9.31249e-23,0,2.66394e+14,7.34241e+14,3.05175e+09,1.00064e+15,6.24563e+14,2.56082e+08
9.36027e+07,27898.1,1.84069e+06,2.99568e+29,8.6856e+24,4.90802e+13,19.5568,2.56235e+25,0.03468,1.84617e-07,6.96817e-23,0,2.54571e+14,7.05139e+14,2.89475e+09,9.59713e+14,5.67063e+14,2.47659e+08
9.41027e+07,27141.4,1.81632e+06,3.01092e+29,8.68587e+24,4.93532e+13,20.0997,2.24175e+25,0.03468,1.70287e-07,5.20024e-23,0,2.43167e+14,6.76933e+14,2.74451e+09,9.20102e+14,5.14313e+14,2.39412e+08
9.46027e+07,26398.1,1.79207e+06,3.0259e+29,8.68612e+24,4.96262e+13,20.6628,1.95886e+25,0.03468,1.56952e-07,3.87043e-23,0,2.32171e+14,6.49603e+14,2.6008e+09,8.81776e+14,4.65968e+14,2.31339e+08
9.51027e+07,25668.3,1.76791e+06,3.04062e+29,8.68634e+24,4.98991e+13,21.2467,1.70952e+25,0.03468,1.44549e-07,2.8728e-23,0,2.21572e+14,6.2313e+14,2.46339e+09,8.44705e+14,4.21706e+14,2.23437e+08
9.56027e+07,24951.8,1.74386e+06,3.05508e+29,8.68654e+24,5.01719e+13,21.8526,1.49002e+25,0.03468,1.33023e-07,2.12637e-23,0,2.1136e+14,5.97496e+14,2.33206e+09,8.08858e+14,3.81224e+14,2.15707e+08
9.61027e+07,24248.5,1.71992e+06,3.06929e+29,8.68672e+24,5.04448e+13,22.4815,1.29702e+25,0.03468,1.22319e-07,1.56942e-23,0,2.01524e+14,5.72682e+14,2.2066e+09,7.74207e+14,3.44238e+14,2.08145e+08
9.66027e+07,23558.2,1.69608e+06,3.08324e+29,8.68689e+24,5.07175e+13,23.1345,1.12752e+25,0.03468,1.12385e-07,1.155e-23,0,1.92053e+14,5.48668e+14,2.08679e+09,7.40724e+14,3.10483e+14,2.00751e+08
9.71027e+07,22880.9,1.67235e+06,3.09693e+29,8.68703e+24,5.09902e+13,23.8127,9.78854e+24,0.03468,1.03172e-07,8.475e-24,0,1.82939e+14,5.25438e+14,1.97243e+09,7.08379e+14,2.79709e+14,1.93523e+08
9.76027e+07,22216.4,1.64873e+06,3.11036e+29,8.68717e+24,5.12628e+13,24.5174,8.48619e+24,0.03468,9.46342e-08,6.19998e-24,0,1.74171e+14,5.02973e+14,1.86332e+09,6.77145e+14,2.51684e+14,1.86458e+08
9.81027e+07,21564.7,1.62521e+06,3.12354e+29,8.68729e+24,5.15353e+13,25.2498,7.3468e+24,0.03468,8.67285e-08,4.52176e-24,0,1.65739e+14,4.81254e+14,1.75927e+09,6.46994e+14,2.26192e+14,1.79555e+08
9.86027e+07,20925.6,1.60181e+06,3.13646e+29,8.68739e+24,5.18078e+13,26.0114,6.35128e+24,0.03468,7.94135e-08,3.28748e-24,0,1.57633e+14,4.60265e+14,1.66009e+09,6.179e+14,2.03029e+14,1.72814e+08
9.91027e+07,20298.9,1.57851e+06,3.14912e+29,8.68749e+24,5.20801e+13,26.8036,5.48263e+24,0.03468,7.26502e-08,2.38247e-24,0,1.49844e+14,4.39988e+14,1.56559e+09,5.89833e+14,1.82008e+14,1.66231e+08
9.96027e+07,19684.7,1.55532e+06,3.16152e+29,8.68758e+24,5.23523e+13,27.6279,4.72571e+24,0.03468,6.6402e-08,1.72096e-24,0,1.42363e+14,4.20405e+14,1.4756e+09,5.6277e+14,1.62953e+14,1.59805e+08
1.00103e+08,19082.7,1.53224e+06,3.17367e+29,8.68765e+24,5.26244e+13,28.4861,4.06708e+24,0.03468,6.06343e-08,1.23898e-24,0,1.35181e+14,4.015e+14,1.38993e+09,5.36683e+14,1.457e+14,1.53534e+08
1.00603e+08,18492.8,1.50926e+06,3.18556e+29,8.68772e+24,5.28964e+13,29.3798,3.49479e+24,0.03468,5.53147e-08,8.88948e-25,0,1.28289e+14,3.83256e+14,1.30843e+09,5.11546e+14,1.30098e+14,1.47417e+08
1.01103e+08,17914.9,1.4864e+06,3.1972e+29,8.68778e+24,5.31682e+13,30.3109,2.99823e+24,0.03468,5.04123e-08,6.3558e-25,0,1.21678e+14,3.65656e+14,1.23094e+09,4.87334e+14,1.16008e+14,1.41453e+08
1.01603e+08,17349,1.46365e+06,3.20859e+29,8.68784e+24,5.34399e+13,31.2815,2.56803e+24,0.03468,4.58984e-08,4.52806e-25,0,1.15339e+14,3.48683e+14,1.15728e+09,4.64023e+14,1.03298e+14,1.35638e+08
1.02103e+08,16794.8,1.44101e+06,3.21972e+29,8.68789e+24,5.37114e+13,32.2937,2.19589e+24,0.03468,4.17459e-08,3.21415e-25,0,1.09264e+14,3.32323e+14,1.08731e+09,4.41588e+14,9.18486e+13,1.29972e+08
1.02603e+08,16252.2,1.41847e+06,3.2306e+29,8.68793e+24,5.39827e+13,33.3496,1.87446e+24,0.03468,3.79292e-08,2.27298e-25,0,1.03444e+14,3.16559e+14,1.02088e+09,4.20004e+14,8.15482e+13,1.24453e+08
1.03103e+08,15721.2,1.39605e+06,3.24123e+29,8.68797e+24,5.42539e+13,34.4518,1.59729e+24,0.03468,3.44244e-08,1.60125e-25,0,9.78727e+13,3.01375e+14,9.57844e+08,3.99249e+14,7.2294e+13,1.19079e+08
1.03603e+08,15201.6,1.37374e+06,3.25162e+29,8.688e+24,5.45248e+13,35.6028,1.35865e+24,0.03468,3.1209e-08,1.12361e-25,0,9.25407e+13,2.86756e+14,8.9806e+08,3.79298e+14,6.39913e+13,1.13848e+08
1.04103e+08,14693.2,1.35154e+06,3.26175e+29,8.68803e+24,5.47956e+13,36.8055,1.15354e+24,0.03468,2.8262e-08,7.85274e-26,0,8.74407e+13,2.72687e+14,8.41394e+08,3.60129e+14,5.65527e+13,1.08759e+08
1.04603e+08,14196,1.32944e+06,3.27164e+29,8.68806e+24,5.50662e+13,38.0626,9.77552e+23,0.03468,2.55635e-08,5.46553e-26,0,8.2565e+13,2.59153e+14,7.87714e+08,3.41719e+14,4.9898e+13,1.03809e+08
1.05103e+08,13709.8,1.30746e+06,3.28128e+29,8.68808e+24,5.53365e+13,39.3775,8.26806e+23,0.03468,2.30952e-08,3.78793e-26,0,7.79062e+13,2.4614e+14,7.36893e+08,3.24047e+14,4.39534e+13,9.89983e+07
1.05603e+08,13234.6,1.28559e+06,3.29068e+29,8.6881e+24,5.56065e+13,40.7535,6.97915e+23,0.03468,2.08398e-08,2.61385e-26,0,7.34571e+13,2.33632e+14,6.88808e+08,3.0709e+14,3.86512e+13,9.43238e+07
1.06103e+08,12770,1.26383e+06,3.29984e+29,8.68812e+24,5.58764e+13,42.1943,5.87915e+23,0.03468,1.8781e-08,1.79562e-26,0,6.92106e+13,2.21616e+14,6.4334e+08,2.90827e+14,3.39292e+13,8.9784e+07
1.06603e+08,12316.2,1.24218e+06,3.30876e+29,8.68814e+24,5.61459e+13,43.7038,4.94212e+23,0.03468,1.69038e-08,1.22788e-26,0,6.51596e+13,2.10077e+14,6.00373e+08,2.75238e+14,2.97308e+13,8.53773e+07
1.07103e+08,11872.8,1.22063e+06,3.31744e+29,8.68815e+24,5.64152e+13,45.2862,4.14547e+23,0.03468,1.5194e-08,8.35681e-27,0,6.12975e+13,1.99003e+14,5.59797e+08,2.60301e+14,2.60038e+13,8.1102e+07
1.07603e+08,11439.9,1.1992e+06,3.32588e+29,8.68816e+24,5.66842e+13,46.9461,3.46952e+23,0.03468,1.36385e-08,5.65997e-27,0,5.76176e+13,1.8838e+14,5.21505e+08,2.45998e+14,2.2701e+13,7.69565e+07
1.08103e+08,11017.2,1.17788e+06,3.33409e+29,8.68818e+24,5.69528e+13,48.6883,2.89715e+23,0.03468,1.2225e-08,3.81429e-27,0,5.41134e+13,1.78194e+14,4.85392e+08,2.32308e+14,1.97791e+13,7.2939e+07
1.08603e+08,10604.7,1.15667e+06,3.34207e+29,8.68818e+24,5.72211e+13,50.5181,2.41351e+23,0.03468,1.09422e-08,2.55726e-27,0,5.07787e+13,1.68433e+14,4.51358e+08,2.19212e+14,1.71987e+13,6.9048e+07
1.09103e+08,10202.2,1.13556e+06,3.34982e+29,8.68819e+24,5.74891e+13,52.4413,2.00573e+23,0.03468,9.77939e-09,1.7054e-27,0,4.76073e+13,1.59083e+14,4.19308e+08,2.06691e+14,1.4924e+13,6.52817e+07
1.09603e+08,9809.56,1.11457e+06,3.35734e+29,8.6882e+24,5.77567e+13,54.464,1.66268e+23,0.03468,8.7267e-09,1.1311e-27,0,4.45931e+13,1.50133e+14,3.89148e+08,1.94727e+14,1.29227e+13,6.16386e+07
1.10103e+08,9426.72,1.09368e+06,3.36464e+29,8.68821e+24,5.8024e+13,56.5929,1.37475e+23,0.03468,7.77496e-09,7.45967e-28,0,4.17304e+13,1.4157e+14,3.60788e+08,1.83301e+14,1.11652e+13,5.81169e+07
1.10603e+08,9053.52,1.0729e+06,3.37172e+29,8.68821e+24,5.82908e+13,58.8353,1.13365e+23,0.03468,6.91566e-09,4.89107e-28,0,3.90134e+13,1.33382e+14,3.34142e+08,1.72396e+14,9.62482e+12,5.47152e+07
1.11103e+08,8689.84,1.05223e+06,3.37857e+29,8.68821e+24,5.85573e+13,61.199,9.32265e+22,0.03468,6.14092e-09,3.18765e-28,0,3.64366e+13,1.25558e+14,3.09126e+08,1.61995e+14,8.27761e+12,5.14319e+07
1.11603e+08,8335.56,1.03167e+06,3.38521e+29,8.68822e+24,5.88233e+13,63.6925,7.64473e+22,0.03468,5.44343e-09,2.06458e-28,0,3.39946e+13,1.18085e+14,2.85662e+08,1.5208e+14,7.10178e+12,4.82652e+07
1.12103e+08,7990.56,1.01121e+06,3.39163e+29,8.68822e+24,5.90888e+13,66.3253,6.25037e+22,0.03468,4.81643e-09,1.3286e-28,0,3.16821e+13,1.10953e+14,2.63671e+08,1.42636e+14,6.07777e+12,4.52138e+07
1.12603e+08,7654.7,990865,3.39783e+29,8.68822e+24,5.93539e+13,69.1074,5.09478e+22,0.03468,4.25366e-09,8.49297e-29,0,2.94939e+13,1.04151e+14,2.4308e+08,1.33645e+14,5.18798e+12,4.22759e+07
1.13103e+08,7327.88,970623,3.40383e+29,8.68823e+24,5.96185e+13,72.05,4.13975e+22,0.03468,3.74935e-09,5.39168e-29,0,2.74251e+13,9.76673e+13,2.23817e+08,1.25093e+14,4.41663e+12,3.94502e+07
1.13603e+08,7009.96,950486,3.40962e+29,8.68823e+24,5.98825e+13,75.1651,3.35275e+22,0.03468,3.29819e-09,3.39844e-29,0,2.54709e+13,9.14918e+13,2.05813e+08,1.16963e+14,3.74954e+12,3.6735e+07
1.14103e+08,6700.83,930455,3.41521e+29,8.68823e+24,6.01461e+13,78.4661,2.70616e+22,0.03468,2.89525e-09,2.12622e-29,0,2.36265e+13,8.5614e+13,1.89004e+08,1.09241e+14,3.17408e+12,3.4129e+07
1.14603e+08,6400.37,910529,3.4206e+29,8.68823e+24,6.0409e+13,81.9675,2.17659e+22,0.03468,2.53604e-09,1.32005e-29,0,2.18874e+13,8.00238e+13,1.73326e+08,1.01911e+14,2.67893e+12,3.16306e+07
1.15103e+08,6108.46,890707,3.42578e+29,8.68823e+24,6.06714e+13,85.6854,1.74425e+22,0.03468,2.21639e-09,8.13002e-30,0,2.0249e+13,7.47114e+13,1.58719e+08,9.49606e+13,2.25402e+12,2.92383e+07
1.15603e+08,5824.97,870988,3.43078e+29,8.68823e+24,6.09331e+13,89.6373,1.39247e+22,0.03468,1.93249e-09,4.96566e-30,0,1.87072e+13,6.96669e+13,1.45124e+08,8.83742e+13,1.89042e+12,2.69508e+07
1.16103e+08,5549.79,851372,3.43558e+29,8.68824e+24,6.11943e+13,93.8428,1.10725e+22,0.03468,1.68086e-09,3.00675e-30,0,1.72576e+13,6.48809e+13,1.32486e+08,8.21386e+13,1.58016e+12,2.47666e+07
1.16603e+08,5282.8,831859,3.44019e+29,8.68824e+24,6.14547e+13,98.3233,8.76821e+21,0.03468,1.45828e-09,1.80425e-30,0,1.58962e+13,6.03441e+13,1.20751e+08,7.62404e+13,1.31623e+12,2.26842e+07
1.17103e+08,5023.89,812448,3.44461e+29,8.68824e+24,6.17144e+13,103.103,6.91368e+21,0.03468,1.26182e-09,1.07253e-30,0,1.4619e+13,5.60475e+13,1.09868e+08,7.06666e+13,1.0924e+12,2.07025e+07
1.17603e+08,4772.94,793137,3.44885e+29,8.68824e+24,6.19734e+13,108.207,5.42698e+21,0.03468,1.08882e-09,6.31332e-31,0,1.34223e+13,5.19822e+13,9.97892e+07,6.54046e+13,9.03203e+11,1.88199e+07
1.18103e+08,4529.83,773927,3.45291e+29,8.68824e+24,6.22317e+13,113.667,4.24004e+21,0.03468,9.36823e-10,3.67833e-31,0,1.23023e+13,4.81396e+13,9.0467e+07,6.0442e+13,7.43822e+11,1.70352e+07
1.18603e+08,4294.45,754816,3.4568e+29,8.68824e+24,6.24891e+13,119.514,3.29651e+21,0.03468,8.03614e-10,2.12025e-31,0,1.12555e+13,4.45112e+13,8.18568e+07,5.57667e+13,6.10034e+11,1.53471e+07
1.19103e+08,4066.68,735804,3.46051e+29,8.68824e+24,6.27457e+13,125.784,2.54982e+21,0.03468,6.8717e-10,1.2085e-31,0,1.02782e+13,4.10887e+13,7.3916e+07,5.13671e+13,4.98147e+11,1.37542e+07
1.19603e+08,3846.42,716890,3.46406e+29,8.68824e+24,6.30015e+13,132.52,1.96168e+21,0.03468,5.85654e-10,6.80764e-32,0,9.36726e+12,3.78643e+13,6.66038e+07,4.72316e+13,4.0494e+11,1.22554e+07
1.20103e+08,3633.55,698072,3.46744e+29,8.68824e+24,6.32563e+13,139.768,1.50071e+21,0.03468,4.97403e-10,3.7878e-32,0,8.51929e+12,3.48299e+13,5.98813e+07,4.33492e+13,3.27608e+11,1.08493e+07
1.20603e+08,3427.96,679351,3.47065e+29,8.68824e+24,6.35102e+13,147.578,1.14129e+21,0.03468,4.20908e-10,2.08041e-32,0,7.73115e+12,3.19779e+13,5.37114e+07,3.97091e+13,2.63723e+11,9.53483e+06
1.21103e+08,3229.54,660725,3.47371e+29,8.68824e+24,6.37631e+13,156.01,8.62549e+20,0.03468,3.54812e-10,1.12716e-32,0,6.9998e+12,2.93009e+13,4.80587e+07,3.63008e+13,2.11182e+11,8.31075e+06
1.21603e+08,3038.18,642192,3.47661e+29,8.68824e+24,6.40149e+13,165.13,6.47625e+20,0.03468,2.97886e-10,6.01993e-33,0,6.32228e+12,2.67916e+13,4.28895e+07,3.31139e+13,1.68174e+11,7.17591e+06
1.22103e+08,2853.77,623753,3.47936e+29,8.68824e+24,6.42657e+13,175.015,4.82899e+20,0.03468,2.49027e-10,3.16678e-33,0,5.69575e+12,2.44429e+13,3.81718e+07,3.01387e+13,1.33146e+11,6.12916e+06
1.22603e+08,2676.21,605407,3.48197e+29,8.68824e+24,6.45153e+13,185.749,3.5745e+20,0.03468,2.07246e-10,1.63946e-33,0,5.11744e+12,2.22479e+13,3.3875e+07,2.73654e+13,1.04765e+11,5.16939e+06
1.23103e+08,2505.4,587151,3.48442e+29,8.68824e+24,6.47638e+13,197.431,2.62552e+20,0.03468,1.71653e-10,8.34514e-34,0,4.58472e+12,2.01998e+13,2.99701e+07,2.47845e+13,8.18978e+10,4.2955e+06
1.23603e+08,2341.21,568985,3.48674e+29,8.68824e+24,6.5011e+13,210.176,1.91274e+20,0.03468,1.41455e-10,4.17237e-34,0,4.095e+12,1.8292e+13,2.64297e+07,2.23871e+13,6.35808e+10,3.50639e+06
1.24103e+08,2183.56,550907,3.48893e+29,8.68824e+24,6.52568e+13,224.113,1.3814e+20,0.03468,1.15946e-10,2.04677e-34,0,3.64581e+12,1.65183e+13,2.32276e+07,2.01641e+13,4.89997e+10,2.80099e+06
1.24603e+08,2032.34,532917,3.49098e+29,8.68824e+24,6.55014e+13,239.394,9.88477e+19,0.03468,9.44956e-11,9.83938e-35,0,3.23478e+12,1.48722e+13,2.0339e+07,1.81071e+13,3.7469e+10,2.17822e+06
1.25103e+08,1887.44,515014,3.4929e+29,8.68824e+24,6.57444e+13,256.196,7.00381e+19,0.03468,7.65463e-11,4.62919e-35,0,2.85962e+12,1.33479e+13,1.77405e+07,1.62075e+13,2.84146e+10,1.63697e+06
1.25603e+08,1748.77,497195,3.49469e+29,8.68824e+24,6.5986e+13,274.724,4.91059e+19,0.03468,6.16047e-11,2.12837e-35,0,2.5181e+12,1.19393e+13,1.54097e+07,1.44574e+13,2.13577e+10,1.1761e+06
1.26103e+08,1616.22,479459,3.49637e+29,8.68824e+24,6.6226e+13,295.221,3.40442e+19,0.03468,4.9236e-11,9.54764e-36,0,2.20811e+12,1.06408e+13,1.33259e+07,1.28489e+13,1.59017e+10,794362
1.26603e+08,1489.7,461805,3.49793e+29,8.68824e+24,6.64643e+13,317.972,2.3319e+19,0.03468,3.90581e-11,4.17132e-36,0,1.9276e+12,9.44668e+12,1.1469e+07,1.13743e+13,1.17194e+10,490364
1.27103e+08,1369.11,444232,3.49938e+29,8.68824e+24,6.67009e+13,343.319,1.57666e+19,0.03468,3.07365e-11,1.77141e-36,0,1.67461e+12,8.35158e+12,9.82042e+06,1.00262e+13,8.54302e+09,262382
1.27603e+08,1254.34,426738,3.50072e+29,8.68824e+24,6.69356e+13,371.667,1.05121e+19,0.03468,2.39794e-11,7.29566e-37,0,1.44726e+12,7.35019e+12,8.36248e+06,8.79746e+12,6.15438e+09,108010
1.28103e+08,1145.31,409321,3.50195e+29,8.68824e+24,6.71683e+13,403.506,6.90344e+18,0.03468,1.85334e-11,2.90692e-37,0,1.24373e+12,6.43738e+12,7.07856e+06,7.68112e+12,4.37731e+09,32907.4
1.28603e+08,1041.92,391979,3.50308e+29,8.68824e+24,6.7399e+13,439.431,4.45976e+18,0.03468,1.41795e-11,1.11739e-37,0,1.06229e+12,5.60813e+12,5.95307e+06,6.67043e+12,3.07049e+09,11423.9
1.29103e+08,944.072,374711,3.50412e+29,8.68824e+24,6.76275e+13,480.168,2.83007e+18,0.03468,1.07292e-11,4.13046e-38,0,9.01281e+11,4.8576e+12,4.97135e+06,5.75889e+12,2.12154e+09,3541.38
1.29603e+08,851.671,357514,3.50507e+29,8.68824e+24,6.78537e+13,526.612,1.76118e+18,0.03468,8.02085e-12,1.463e-38,0,7.59111e+11,4.18105e+12,4.11967e+06,4.94017e+12,1.44189e+09,1284.1
1.30103e+08,764.626,340387,3.50592e+29,8.68824e+24,6.80774e+13,579.876,1.07278e+18,0.03468,5.9172e-12,4.94481e-39,0,6.34259e+11,3.5739e+12,3.38518e+06,4.20816e+12,9.62383e+08,157.737
1.30603e+08,682.843,323327,3.5067e+29,8.68824e+24,6.82986e+13,641.362,6.38218e+17,0.03468,4.30195e-12,1.58723e-39,0,5.25274e+11,3.03168e+12,2.75587e+06,3.55696e+12,6.29651e+08,22.7667
1.31103e+08,606.23,306332,3.50739e+29,8.68824e+24,6.85169e+13,712.849,3.69898e+17,0.03468,3.0774e-12,4.81184e-40,0,4.30771e+11,2.55006e+12,2.22055e+06,2.98083e+12,4.02953e+08,3.21914
1.31603e+08,534.695,289400,3.50801e+29,8.68824e+24,6.87323e+13,796.63,2.08241e+17,0.03468,2.16209e-12,1.36886e-40,0,3.49431e+11,2.12483e+12,1.76882e+06,2.47426e+12,2.51605e+08,0.448392
1.32103e+08,468.146,272527,3.50856e+29,8.68824e+24,6.89446e+13,895.694,1.13477e+17,0.03468,1.48866e-12,3.62636e-41,0,2.79997e+11,1.75191e+12,1.391e+06,2.03191e+12,1.52831e+08,0.0624672
1.32603e+08,406.492,255711,3.50904e+29,8.68824e+24,6.91534e+13,1014,5.96075e+16,0.03468,1.0019e-12,8.86556e-42,0,2.21278e+11,1.42732e+12,1.07817e+06,1.6486e+12,8.99896e+07,0.00870853
1.33103e+08,349.641,238949,3.50946e+29,8.68824e+24,6.93586e+13,1156.9,3.00319e+16,0.03468,6.57077e-13,1.97845e-42,0,1.72143e+11,1.14722e+12,822070,1.31936e+12,5.11472e+07,0.000762529
1.33603e+08,297.5,222236,3.50982e+29,8.68824e+24,6.95599e+13,1331.72,1.44249e+16,0.03468,4.18334e-13,3.97697e-43,0,1.31521e+11,9.07867e+11,615108,1.03939e+12,2.79158e+07,0
1.34103e+08,249.976,205571,3.51013e+29,8.68824e+24,6.97568e+13,1548.78,6.55583e+15,0.03468,2.57346e-13,7.08374e-44,0,9.84044e+10,7.05633e+11,450333,8.04038e+11,1.45379e+07,0
1.34603e+08,206.974,188947,3.51039e+29,8.68824e+24,6.99492e+13,1822.97,2.79283e+15,0.03468,1.52072e-13,1.09525e-44,0,7.18421e+10,5.37003e+11,321402,6.08845e+11,7.16613e+06,0
1.35103e+08,168.399,172360,3.51061e+29,8.68824e+24,7.01364e+13,2176.37,1.10188e+15,0.03468,8.56772e-14,1.4318e-45,0,5.09431e+10,3.98564e+11,222556,4.49507e+11,3.30935e+06,0
1.35603e+08,134.151,155806,3.51078e+29,8.68824e+24,7.03181e+13,2643.02,3.9635e+14,0.03468,4.55727e-14,1.52914e-46,0,3.48747e+10,2.87012e+11,148602,3.21887e+11,1.41269e+06,0
1.36103e+08,104.128,139277,3.51092e+29,8.68824e+24,7.04935e+13,3277.54,1.2727e+14,0.03468,2.25871e-14,1.27409e-47,0,2.2863e+10,1.99145e+11,94886.9,2.22008e+11,547486,0
1.36603e+08,78.2219,122766,3.51103e+29,8.68824e+24,7.06621e+13,4172.31,3.54332e+13,0.03468,1.02429e-14,7.77058e-49,0,1.41927e+10,1.31865e+11,57280.7,1.46057e+11,187880,0
1.37103e+08,56.317,106266,3.51111e+29,8.68824e+24,7.08229e+13,5494.1,8.20146e+12,0.03468,4.1399e-15,3.16454e-50,0,8.20826e+09,8.21776e+10,32156.1,9.03859e+10,55072,0
1.37603e+08,38.2882,89764.3,3.51116e+29,8.68824e+24,7.09747e+13,7570.21,1.4808e+12,0.03468,1.43303e-15,7.48636e-52,0,4.31479e+09,4.71942e+10,16372.1,5.15091e+10,13055.2,0
1.38103e+08,23.9947,73248.6,3.5112e+29,8.68824e+24,7.11162e+13,11120.1,1.88055e+11,0.03468,3.98189e-16,8.20479e-54,0,1.98021e+09,2.41344e+10,7259.19,2.61146e+10,2289.92,0
1.38603e+08,13.2727,56700.9,3.51122e+29,8.68824e+24,7.12454e+13,18002.5,1.39578e+10,0.03468,7.90848e-17,2.77866e-56,0,7.38101e+08,1.0334e+10,2606.45,1.10721e+10,253.399,0
1.39103e+08,5.91925,40095.6,3.51123e+29,8.68824e+24,7.13594e+13,34401.2,4.1213e+08,0.03468,8.81921e-18,1.2541e-59,0,1.92145e+08,3.259e+09,651.744,3.45114e+09,12.6934,0
1.39603e+08,1.96766,23336.1,3.51124e+29,8.68824e+24,7.14439e+13,105802,1.82077e+06,0.03468,3.36385e-19,8.75269e-65,0,3.06504e+07,6.3052e+08,74.7826,6.6117e+08,0.162101,0
1.39852e+08,0.690669,14993,3.51124e+29,8.68824e+24,7.14731e+13,239168,20121.8,0.03468,2.01188e-20,4.61217e-69,0,5.35347e+06,1.42194e+08,12.7423,1.47547e+08,0.00341522,0
1.40011e+08,0.260616,9606.17,3.51124e+29,8.68824e+24,7.14735e+13,574249,224.897,0.03468,1.27932e-21,0,0,1.05484e+06,3.43773e+07,2.14729,3.54321e+07,8.21325e-05,0
