X = 0.734
Y = 0.25
Z = 0.016
mu = 0.601142
Radius,Density,Temp,Mass,Lum,OptD,Kff,KH,Kes,PP,CNO,3a,Deg,Gas,Rad,TotPres, dLdr, dPdT
0,0,0,0,0,0,-nan,0,0.03468,0,0,0,0,0,0,0,0,0
100,200000,4.14954e+06,837758,28.6368,902769,4.51385,1.03168e+29,0.03468,3.41827e-05,5.29262e-15,3.74404e-70,6.78529e+15,1.1396e+16,7.47636e+10,1.81813e+16,859104,2.74639e+09
1.54401e+06,199884,4.14832e+06,3.08261e+24,1.05261e+20,1.39382e+12,4.51665,1.02866e+29,0.03468,3.41228e-05,5.25878e-15,3.69177e-70,6.77874e+15,1.1386e+16,7.4676e+10,1.81648e+16,2.04331e+14,2.7448e+09
4.05021e+06,199203,4.14118e+06,5.55289e+25,1.88448e+21,3.65671e+12,4.53315,1.0111e+29,0.03468,3.37729e-05,5.06409e-15,3.39878e-70,6.7403e+15,1.13277e+16,7.41627e+10,1.80681e+16,1.38685e+15,2.73545e+09
6.60952e+06,197885,4.12731e+06,2.40367e+26,8.06033e+21,5.96848e+12,4.56542,9.77775e+28,0.03468,3.31022e-05,4.70571e-15,2.89369e-70,6.66613e+15,1.1215e+16,7.31742e+10,1.78812e+16,3.596e+15,2.71735e+09
1.08085e+07,194394,4.09037e+06,1.04005e+27,3.37836e+22,9.76481e+12,4.65302,8.93789e+28,0.03468,3.13697e-05,3.86545e-15,1.88019e-70,6.47129e+15,1.09186e+16,7.05896e+10,1.739e+16,8.95223e+15,2.66941e+09
1.77025e+07,185317,3.99282e+06,4.44169e+27,1.32671e+23,1.60133e+13,4.89654,7.02268e+28,0.03468,2.71525e-05,2.27938e-15,0,5.97556e+15,1.01605e+16,6.40926e+10,1.61362e+16,1.98155e+16,2.54477e+09
2.90584e+07,162870,3.74127e+06,1.82113e+28,4.3913e+23,2.63732e+13,5.61757,3.6654e+28,0.03468,1.83947e-05,5.48731e-16,0,4.8186e+15,8.36722e+15,4.94044e+10,1.31859e+16,3.17898e+16,2.23652e+09
4.79457e+07,114309,3.13233e+06,6.68737e+28,9.85119e+23,4.38952e+13,8.16477,6.20699e+27,0.03468,6.34347e-06,1.12277e-17,0,2.67086e+15,4.91664e+15,2.42751e+10,7.58752e+15,2.09467e+16,1.56967e+09
