X = 0.734
Y = 0.25
Z = 0.016
mu = 0.601142
Radius,Density,Temp,Mass,Lum,OptD,Kff,KH,Kes,PP,CNO,3a,Deg,Gas,Rad,TotPres, dLdr, dPdT
0,0,0,0,0,0,-nan,0,0.03468,0,0,0,0,0,0,0,0,0
100,316517,5.54626e+06,1.32582e+06,228.907,713675,2.25478,1.76697e+30,0.03468,0.000172652,2.69425e-12,3.28152e-64,1.4583e+16,2.41056e+16,2.38611e+11,3.86888e+16,6.8672e+06,3.43503e+09
50258.5,316517,5.54626e+06,1.68312e+20,2.90594e+16,3.57976e+10,2.25478,1.76696e+30,0.03468,0.000172652,2.69423e-12,3.28146e-64,1.4583e+16,2.41055e+16,2.3861e+11,3.86888e+16,1.73459e+12,3.43502e+09
100431,316516,5.54625e+06,1.34305e+21,2.31879e+17,7.16047e+10,2.25478,1.76694e+30,0.03468,0.000172651,2.69416e-12,3.28129e-64,1.45829e+16,2.41055e+16,2.38609e+11,3.86886e+16,6.92648e+12,3.43502e+09
151090,316515,5.54624e+06,4.57292e+21,7.89517e+17,1.07759e+11,2.25479,1.76691e+30,0.03468,0.000172649,2.69405e-12,3.281e-64,1.45828e+16,2.41053e+16,2.38608e+11,3.86884e+16,1.56762e+13,3.43501e+09
201694,316513,5.54622e+06,1.08782e+22,1.87811e+18,1.43873e+11,2.25481,1.76686e+30,0.03468,0.000172646,2.6939e-12,3.28059e-64,1.45827e+16,2.41052e+16,2.38605e+11,3.86881e+16,2.79347e+13,3.43499e+09
252364,316511,5.54621e+06,2.13091e+22,3.67895e+18,1.80036e+11,2.25482,1.7668e+30,0.03468,0.000172643,2.69371e-12,3.28007e-64,1.45826e+16,2.41049e+16,2.38602e+11,3.86877e+16,4.37325e+13,3.43497e+09
303431,316509,5.54618e+06,3.70391e+22,6.39458e+18,2.16481e+11,2.25484,1.76673e+30,0.03468,0.000172639,2.69346e-12,3.27942e-64,1.45824e+16,2.41046e+16,2.38598e+11,3.86872e+16,6.32201e+13,3.43494e+09
354091,316506,5.54616e+06,5.886e+22,1.01617e+19,2.52636e+11,2.25487,1.76665e+30,0.03468,0.000172634,2.69318e-12,3.27867e-64,1.45821e+16,2.41043e+16,2.38594e+11,3.86867e+16,8.60888e+13,3.43491e+09
405058,316502,5.54613e+06,8.81099e+22,1.52111e+19,2.8901e+11,2.25489,1.76655e+30,0.03468,0.000172628,2.69285e-12,3.27779e-64,1.45819e+16,2.41039e+16,2.38588e+11,3.8686e+16,1.1265e+14,3.43487e+09
456489,316498,5.54609e+06,1.26114e+23,2.17715e+19,3.25715e+11,2.25492,1.76644e+30,0.03468,0.000172622,2.69247e-12,3.27678e-64,1.45816e+16,2.41034e+16,2.38582e+11,3.86852e+16,1.43066e+14,3.43483e+09
506821,316494,5.54605e+06,1.72596e+23,2.97952e+19,3.61636e+11,2.25496,1.76631e+30,0.03468,0.000172614,2.69206e-12,3.27568e-64,1.45812e+16,2.41029e+16,2.38575e+11,3.86844e+16,1.76345e+14,3.43478e+09
557126,316489,5.54601e+06,2.29257e+23,3.95755e+19,3.97538e+11,2.25499,1.76618e+30,0.03468,0.000172606,2.6916e-12,3.27446e-64,1.45809e+16,2.41024e+16,2.38568e+11,3.86835e+16,2.13075e+14,3.43473e+09
607873,316484,5.54596e+06,2.97781e+23,5.14029e+19,4.33755e+11,2.25504,1.76602e+30,0.03468,0.000172598,2.6911e-12,3.27312e-64,1.45805e+16,2.41018e+16,2.3856e+11,3.86825e+16,2.53643e+14,3.43467e+09
699583,316473,5.54586e+06,4.53908e+23,7.83486e+19,4.99207e+11,2.25512,1.76572e+30,0.03468,0.00017258,2.69008e-12,3.2704e-64,1.45796e+16,2.41005e+16,2.38543e+11,3.86804e+16,3.35904e+14,3.43455e+09
770099,316464,5.54578e+06,6.05454e+23,1.04501e+20,5.49533e+11,2.25519,1.76545e+30,0.03468,0.000172564,2.6892e-12,3.26805e-64,1.45789e+16,2.40995e+16,2.38529e+11,3.86786e+16,4.06985e+14,3.43445e+09
869489,316449,5.54565e+06,8.7141e+23,1.50392e+20,6.20467e+11,2.2553,1.76504e+30,0.03468,0.00017254,2.68781e-12,3.26436e-64,1.45778e+16,2.40978e+16,2.38506e+11,3.86758e+16,5.18719e+14,3.4343e+09
1.0035e+06,316427,5.54545e+06,1.33956e+24,2.31159e+20,7.16109e+11,2.25548,1.7644e+30,0.03468,0.000172503,2.68568e-12,3.25868e-64,1.45761e+16,2.40952e+16,2.38472e+11,3.86715e+16,6.90738e+14,3.43405e+09
1.17866e+06,316393,5.54514e+06,2.17043e+24,3.74461e+20,8.41118e+11,2.25574,1.76343e+30,0.03468,0.000172446,2.68243e-12,3.25005e-64,1.45734e+16,2.40913e+16,2.38419e+11,3.86649e+16,9.52496e+14,3.43368e+09
1.40275e+06,316341,5.54468e+06,3.65834e+24,6.3098e+20,1.00106e+12,2.25615,1.76195e+30,0.03468,0.00017236,2.67753e-12,3.23704e-64,1.45695e+16,2.40853e+16,2.38339e+11,3.8655e+16,1.34823e+15,3.43312e+09
1.68535e+06,316262,5.54398e+06,6.34375e+24,1.09366e+21,1.20275e+12,2.25675,1.75973e+30,0.03468,0.00017223,2.67014e-12,3.2175e-64,1.45634e+16,2.40763e+16,2.38219e+11,3.864e+16,1.94422e+15,3.43227e+09
2.03829e+06,316144,5.54292e+06,1.12196e+25,1.93294e+21,1.45466e+12,2.25767,1.75639e+30,0.03468,0.000172035,2.65906e-12,3.1883e-64,1.45544e+16,2.40627e+16,2.38038e+11,3.86173e+16,2.83951e+15,3.431e+09
2.47628e+06,315967,5.54134e+06,2.01109e+25,3.46121e+21,1.76728e+12,2.25904,1.75138e+30,0.03468,0.000171742,2.64247e-12,3.14486e-64,1.45408e+16,2.40423e+16,2.37765e+11,3.85833e+16,4.18143e+15,3.42908e+09
2.97628e+06,315722,5.53915e+06,3.49022e+25,5.99844e+21,2.12419e+12,2.26094,1.7445e+30,0.03468,0.000171338,2.61977e-12,3.08595e-64,1.4522e+16,2.40142e+16,2.3739e+11,3.85365e+16,6.02164e+15,3.42645e+09
3.47628e+06,315433,5.53656e+06,5.55825e+25,9.53674e+21,2.48112e+12,2.26319,1.73639e+30,0.03468,0.000170862,2.59317e-12,3.01765e-64,1.44999e+16,2.39811e+16,2.36947e+11,3.84812e+16,8.18447e+15,3.42334e+09
3.97628e+06,315100,5.53358e+06,8.31285e+25,1.42356e+22,2.83809e+12,2.26579,1.72707e+30,0.03468,0.000170313,2.56277e-12,2.94066e-64,1.44744e+16,2.39428e+16,2.36436e+11,3.84174e+16,1.06625e+16,3.41976e+09
4.47628e+06,314723,5.53019e+06,1.18511e+26,2.02507e+22,3.19509e+12,2.26874,1.71656e+30,0.03468,0.000169694,2.52873e-12,2.85572e-64,1.44455e+16,2.38995e+16,2.35859e+11,3.83453e+16,1.34474e+16,3.41571e+09
4.97628e+06,314302,5.52641e+06,1.62695e+26,2.7733e+22,3.55213e+12,2.27205,1.70488e+30,0.03468,0.000169004,2.49121e-12,2.76364e-64,1.44133e+16,2.38512e+16,2.35214e+11,3.82648e+16,1.65296e+16,3.41119e+09
5.47628e+06,313837,5.52223e+06,2.16637e+26,3.68286e+22,3.90922e+12,2.27571,1.69206e+30,0.03468,0.000168244,2.45036e-12,2.66528e-64,1.43778e+16,2.3798e+16,2.34504e+11,3.8176e+16,1.98987e+16,3.4062e+09
5.97628e+06,313329,5.51766e+06,2.81285e+26,4.76783e+22,4.26636e+12,2.27973,1.67813e+30,0.03468,0.000167416,2.40638e-12,2.56153e-64,1.4339e+16,2.37397e+16,2.33728e+11,3.8079e+16,2.35433e+16,3.40074e+09
6.47628e+06,312777,5.51269e+06,3.57579e+26,6.04168e+22,4.62355e+12,2.28411,1.66311e+30,0.03468,0.00016652,2.35946e-12,2.4533e-64,1.4297e+16,2.36766e+16,2.32887e+11,3.79738e+16,2.74512e+16,3.39482e+09
6.97628e+06,312183,5.50733e+06,4.46449e+26,7.51724e+22,4.98081e+12,2.28886,1.64703e+30,0.03468,0.000165557,2.3098e-12,2.34152e-64,1.42517e+16,2.36086e+16,2.31982e+11,3.78605e+16,3.16093e+16,3.38844e+09
7.47628e+06,311545,5.50157e+06,5.48814e+26,9.2067e+22,5.33813e+12,2.29397,1.62994e+30,0.03468,0.00016453,2.25761e-12,2.22712e-64,1.42032e+16,2.35358e+16,2.31014e+11,3.77392e+16,3.60036e+16,3.3816e+09
7.97628e+06,310865,5.49543e+06,6.65583e+26,1.11215e+23,5.69551e+12,2.29944,1.61186e+30,0.03468,0.000163438,2.20312e-12,2.11097e-64,1.41516e+16,2.34582e+16,2.29983e+11,3.761e+16,4.06196e+16,3.3743e+09
8.47628e+06,310143,5.48889e+06,7.9765e+26,1.32723e+23,6.05298e+12,2.30528,1.59284e+30,0.03468,0.000162284,2.14656e-12,1.99398e-64,1.40968e+16,2.33758e+16,2.28891e+11,3.74729e+16,4.54421e+16,3.36655e+09
8.97628e+06,309379,5.48196e+06,9.45899e+26,1.56691e+23,6.41052e+12,2.31149,1.5729e+30,0.03468,0.000161069,2.08815e-12,1.87695e-64,1.4039e+16,2.32888e+16,2.27738e+11,3.73281e+16,5.0455e+16,3.35835e+09
9.47628e+06,308573,5.47465e+06,1.1112e+27,1.8321e+23,6.76815e+12,2.31808,1.55209e+30,0.03468,0.000159794,2.02812e-12,1.7607e-64,1.39781e+16,2.31972e+16,2.26525e+11,3.71755e+16,5.56421e+16,3.3497e+09
9.97628e+06,307726,5.46696e+06,1.2944e+27,2.12363e+23,7.12586e+12,2.32505,1.53046e+30,0.03468,0.000158461,1.96671e-12,1.64594e-64,1.39142e+16,2.3101e+16,2.25254e+11,3.70154e+16,6.09865e+16,3.34062e+09
1.04763e+07,306838,5.45888e+06,1.49636e+27,2.44225e+23,7.48367e+12,2.33239,1.50804e+30,0.03468,0.000157072,1.90416e-12,1.53334e-64,1.38474e+16,2.30003e+16,2.23925e+11,3.68479e+16,6.64708e+16,3.33109e+09
1.09763e+07,305910,5.45041e+06,1.71788e+27,2.7886e+23,7.84157e+12,2.34012,1.48488e+30,0.03468,0.000155628,1.84069e-12,1.42352e-64,1.37776e+16,2.28951e+16,2.2254e+11,3.6673e+16,7.20775e+16,3.32112e+09
1.14763e+07,304941,5.44157e+06,1.95978e+27,3.16325e+23,8.19958e+12,2.34823,1.46102e+30,0.03468,0.000154131,1.77653e-12,1.317e-64,1.3705e+16,2.27856e+16,2.211e+11,3.64908e+16,7.77888e+16,3.31073e+09
1.19763e+07,303932,5.43235e+06,2.22286e+27,3.56669e+23,8.5577e+12,2.35674,1.43652e+30,0.03468,0.000152583,1.7119e-12,1.21425e-64,1.36295e+16,2.26718e+16,2.19605e+11,3.63015e+16,8.35864e+16,3.29991e+09
1.24763e+07,302885,5.42276e+06,2.50787e+27,3.9993e+23,8.91593e+12,2.36564,1.4114e+30,0.03468,0.000150985,1.64703e-12,1.11565e-64,1.35513e+16,2.25537e+16,2.18058e+11,3.61052e+16,8.94523e+16,3.28866e+09
1.29763e+07,301798,5.41279e+06,2.81559e+27,4.46138e+23,9.27427e+12,2.37494,1.38573e+30,0.03468,0.00014934,1.58212e-12,1.02152e-64,1.34703e+16,2.24315e+16,2.16459e+11,3.5902e+16,9.53682e+16,3.277e+09
1.34763e+07,300673,5.40245e+06,3.14674e+27,4.95313e+23,9.63274e+12,2.38464,1.35955e+30,0.03468,0.00014765,1.51738e-12,9.32113e-65,1.33867e+16,2.23052e+16,2.1481e+11,3.56921e+16,1.01316e+17,3.26492e+09
1.39763e+07,299510,5.39174e+06,3.50205e+27,5.47466e+23,9.99133e+12,2.39475,1.3329e+30,0.03468,0.000145916,1.45299e-12,8.47596e-65,1.33005e+16,2.21748e+16,2.13112e+11,3.54756e+16,1.07277e+17,3.25244e+09
1.44763e+07,298309,5.38067e+06,3.8822e+27,6.026e+23,1.03501e+13,2.40528,1.30584e+30,0.03468,0.000144141,1.38915e-12,7.68086e-65,1.32118e+16,2.20406e+16,2.11366e+11,3.52526e+16,1.13234e+17,3.23955e+09
1.49763e+07,297071,5.36923e+06,4.28789e+27,6.60708e+23,1.07089e+13,2.41622,1.27841e+30,0.03468,0.000142326,1.32602e-12,6.93637e-65,1.31206e+16,2.19025e+16,2.09574e+11,3.50232e+16,1.19169e+17,3.22627e+09
1.54763e+07,295797,5.35743e+06,4.71976e+27,7.21775e+23,1.10679e+13,2.42758,1.25065e+30,0.03468,0.000140474,1.26377e-12,6.24246e-65,1.30269e+16,2.17606e+16,2.07738e+11,3.47877e+16,1.25064e+17,3.21259e+09
1.59763e+07,294487,5.34527e+06,5.17845e+27,7.85777e+23,1.14271e+13,2.43937,1.22262e+30,0.03468,0.000138586,1.20255e-12,5.59863e-65,1.29309e+16,2.1615e+16,2.05859e+11,3.45461e+16,1.30902e+17,3.19852e+09
1.64763e+07,293141,5.33276e+06,5.66457e+27,8.5268e+23,1.17863e+13,2.45159,1.19436e+30,0.03468,0.000136666,1.1425e-12,5.00391e-65,1.28325e+16,2.14659e+16,2.03938e+11,3.42986e+16,1.36667e+17,3.18407e+09
1.69763e+07,291760,5.31989e+06,6.17871e+27,9.22445e+23,1.21458e+13,2.46425,1.16591e+30,0.03468,0.000134714,1.08374e-12,4.45698e-65,1.27319e+16,2.13132e+16,2.01976e+11,3.40454e+16,1.42342e+17,3.16925e+09
1.74763e+07,290345,5.30667e+06,6.72144e+27,9.95022e+23,1.25054e+13,2.47736,1.13732e+30,0.03468,0.000132733,1.02639e-12,3.95617e-65,1.26292e+16,2.11571e+16,1.99976e+11,3.37865e+16,1.47911e+17,3.15406e+09
1.79763e+07,288896,5.2931e+06,7.29331e+27,1.07035e+24,1.28652e+13,2.49092,1.10864e+30,0.03468,0.000130725,9.70543e-13,3.49955e-65,1.25243e+16,2.09977e+16,1.97939e+11,3.35223e+16,1.53359e+17,3.1385e+09
1.84763e+07,287414,5.27919e+06,7.89483e+27,1.14838e+24,1.32251e+13,2.50493,1.07991e+30,0.03468,0.000128692,9.16297e-13,3.08499e-65,1.24174e+16,2.08351e+16,1.95866e+11,3.32527e+16,1.58672e+17,3.12258e+09
1.89763e+07,285899,5.26494e+06,8.52651e+27,1.22902e+24,1.35852e+13,2.51941,1.05117e+30,0.03468,0.000126637,8.63724e-13,2.71019e-65,1.23085e+16,2.06693e+16,1.93759e+11,3.29781e+16,1.63835e+17,3.10631e+09
1.94763e+07,284352,5.25034e+06,9.18881e+27,1.31221e+24,1.39455e+13,2.53436,1.02246e+30,0.03468,0.000124561,8.1289e-13,2.37275e-65,1.21977e+16,2.05005e+16,1.9162e+11,3.26985e+16,1.68835e+17,3.0897e+09
1.99763e+07,282774,5.23541e+06,9.88219e+27,1.39785e+24,1.43059e+13,2.54979,9.93825e+29,0.03468,0.000122467,7.63848e-13,2.07018e-65,1.20851e+16,2.03288e+16,1.8945e+11,3.24141e+16,1.73659e+17,3.07274e+09
2.04763e+07,281165,5.22015e+06,1.06071e+28,1.48586e+24,1.46666e+13,2.56571,9.65297e+29,0.03468,0.000120357,7.1664e-13,1.79999e-65,1.19707e+16,2.01542e+16,1.87251e+11,3.21251e+16,1.78297e+17,3.05545e+09
2.09763e+07,279526,5.20457e+06,1.13638e+28,1.57614e+24,1.50274e+13,2.58211,9.36917e+29,0.03468,0.000118232,6.71294e-13,1.5597e-65,1.18546e+16,1.99768e+16,1.85024e+11,3.18317e+16,1.82736e+17,3.03784e+09
2.14763e+07,277857,5.18865e+06,1.21529e+28,1.66859e+24,1.53885e+13,2.59902,9.0872e+29,0.03468,0.000116095,6.27833e-13,1.34684e-65,1.17369e+16,1.97968e+16,1.82771e+11,3.15339e+16,1.86966e+17,3.01991e+09
2.19763e+07,276159,5.17241e+06,1.29745e+28,1.7631e+24,1.57497e+13,2.61644,8.80741e+29,0.03468,0.000113948,5.86265e-13,1.15904e-65,1.16176e+16,1.96143e+16,1.80494e+11,3.12321e+16,1.90979e+17,3.00166e+09
2.24763e+07,274433,5.15586e+06,1.38291e+28,1.85957e+24,1.61111e+13,2.63438,8.53013e+29,0.03468,0.000111793,5.46592e-13,9.94006e-66,1.14969e+16,1.94293e+16,1.78194e+11,3.09264e+16,1.94765e+17,2.98311e+09
2.29763e+07,272679,5.13898e+06,1.4717e+28,1.95786e+24,1.64727e+13,2.65285,8.25566e+29,0.03468,0.000109632,5.08805e-13,8.49547e-66,1.13747e+16,1.9242e+16,1.75873e+11,3.06169e+16,1.98317e+17,2.96426e+09
2.34763e+07,270899,5.1218e+06,1.56383e+28,2.05788e+24,1.68346e+13,2.67185,7.98432e+29,0.03468,0.000107467,4.72889e-13,7.23592e-66,1.12512e+16,1.90524e+16,1.73533e+11,3.03038e+16,2.01627e+17,2.94512e+09
2.39763e+07,269092,5.10431e+06,1.65934e+28,2.15948e+24,1.71967e+13,2.69139,7.71637e+29,0.03468,0.000105299,4.38821e-13,6.14199e-66,1.11264e+16,1.88607e+16,1.71174e+11,2.99873e+16,2.04691e+17,2.92569e+09
2.44763e+07,267260,5.08651e+06,1.75824e+28,2.26256e+24,1.75589e+13,2.71149,7.45209e+29,0.03468,0.000103131,4.06569e-13,5.19558e-66,1.10004e+16,1.8667e+16,1.68799e+11,2.96675e+16,2.07503e+17,2.90599e+09
2.49763e+07,265402,5.06842e+06,1.86057e+28,2.36698e+24,1.79214e+13,2.73216,7.19171e+29,0.03468,0.000100965,3.76099e-13,4.37993e-66,1.08733e+16,1.84713e+16,1.6641e+11,2.93447e+16,2.10058e+17,2.88601e+09
2.54763e+07,263521,5.05002e+06,1.96632e+28,2.47262e+24,1.82842e+13,2.75341,6.93548e+29,0.03468,9.88015e-05,3.47368e-13,3.67969e-66,1.07451e+16,1.82738e+16,1.64007e+11,2.9019e+16,2.12354e+17,2.86577e+09
2.59763e+07,261616,5.03133e+06,2.07552e+28,2.57933e+24,1.86471e+13,2.77523,6.68359e+29,0.03468,9.66434e-05,3.20331e-13,3.08081e-66,1.06159e+16,1.80746e+16,1.61593e+11,2.86906e+16,2.14388e+17,2.84528e+09
2.64763e+07,259688,5.01236e+06,2.18818e+28,2.687e+24,1.90103e+13,2.79766,6.43626e+29,0.03468,9.44921e-05,2.94935e-13,2.57057e-66,1.04859e+16,1.78737e+16,1.59169e+11,2.83597e+16,2.16158e+17,2.82454e+09
2.69763e+07,257738,4.99309e+06,2.3043e+28,2.79549e+24,1.93738e+13,2.8207,6.19365e+29,0.03468,9.23492e-05,2.71129e-13,2.13749e-66,1.0355e+16,1.76713e+16,1.56736e+11,2.80264e+16,2.17663e+17,2.80355e+09
2.74763e+07,255767,4.97355e+06,2.4239e+28,2.90467e+24,1.97375e+13,2.84436,5.95593e+29,0.03468,9.02164e-05,2.48855e-13,1.7713e-66,1.02233e+16,1.74675e+16,1.54296e+11,2.7691e+16,2.18905e+17,2.78234e+09
2.79763e+07,253775,4.95373e+06,2.54697e+28,3.0144e+24,2.01014e+13,2.86865,5.72325e+29,0.03468,8.80952e-05,2.28054e-13,1.46281e-66,1.00909e+16,1.72624e+16,1.51851e+11,2.73535e+16,2.19882e+17,2.7609e+09
2.84763e+07,251762,4.93363e+06,2.67352e+28,3.12455e+24,2.04656e+13,2.89358,5.49573e+29,0.03468,8.59872e-05,2.08665e-13,1.20392e-66,9.95795e+15,1.7056e+16,1.49402e+11,2.70141e+16,2.20598e+17,2.73924e+09
2.89763e+07,249731,4.91327e+06,2.80355e+28,3.235e+24,2.083e+13,2.91918,5.2735e+29,0.03468,8.38938e-05,1.90626e-13,9.87457e-67,9.82441e+15,1.68486e+16,1.46951e+11,2.66731e+16,2.21054e+17,2.71737e+09
2.94763e+07,247681,4.89263e+06,2.93704e+28,3.34561e+24,2.11947e+13,2.94545,5.05664e+29,0.03468,8.18164e-05,1.73874e-13,8.07143e-67,9.69037e+15,1.66401e+16,1.44498e+11,2.63306e+16,2.21253e+17,2.69529e+09
2.99763e+07,245614,4.87174e+06,3.074e+28,3.45626e+24,2.15597e+13,2.9724,4.84524e+29,0.03468,7.97564e-05,1.58347e-13,6.57499e-67,9.55592e+15,1.64307e+16,1.42045e+11,2.59868e+16,2.21199e+17,2.67302e+09
3.04763e+07,243529,4.85059e+06,3.21441e+28,3.56682e+24,2.19249e+13,3.00006,4.63936e+29,0.03468,7.77151e-05,1.43982e-13,5.33767e-67,9.42111e+15,1.62206e+16,1.39595e+11,2.56418e+16,2.20897e+17,2.65056e+09
3.09763e+07,241428,4.82919e+06,3.35827e+28,3.67717e+24,2.22905e+13,3.02843,4.43907e+29,0.03468,7.56937e-05,1.30715e-13,4.31838e-67,9.28602e+15,1.60096e+16,1.37147e+11,2.52958e+16,2.20351e+17,2.62793e+09
3.14763e+07,239311,4.80754e+06,3.50555e+28,3.78718e+24,2.26562e+13,3.05753,4.24439e+29,0.03468,7.36934e-05,1.18485e-13,3.48179e-67,9.15072e+15,1.57981e+16,1.34704e+11,2.4949e+16,2.19567e+17,2.60511e+09
3.19763e+07,237179,4.78564e+06,3.65624e+28,3.89675e+24,2.30223e+13,3.08737,4.05535e+29,0.03468,7.17154e-05,1.07232e-13,2.79767e-67,9.01526e+15,1.55861e+16,1.32267e+11,2.46015e+16,2.18552e+17,2.58214e+09
3.24763e+07,235033,4.7635e+06,3.81033e+28,4.00575e+24,2.33887e+13,3.11798,3.87197e+29,0.03468,6.97606e-05,9.6896e-14,2.24028e-67,8.87971e+15,1.53736e+16,1.29836e+11,2.42534e+16,2.17311e+17,2.55901e+09
3.29763e+07,232873,4.74113e+06,3.96778e+28,4.11408e+24,2.37553e+13,3.14937,3.69425e+29,0.03468,6.78301e-05,8.74196e-14,1.78781e-67,8.74415e+15,1.51608e+16,1.27414e+11,2.39051e+16,2.15852e+17,2.53572e+09
3.34763e+07,230701,4.71852e+06,4.12858e+28,4.22162e+24,2.41222e+13,3.18155,3.52217e+29,0.03468,6.59249e-05,7.87468e-14,1.42184e-67,8.60861e+15,1.49477e+16,1.25001e+11,2.35565e+16,2.14182e+17,2.5123e+09
3.39763e+07,228516,4.69569e+06,4.2927e+28,4.32828e+24,2.44894e+13,3.21454,3.35571e+29,0.03468,6.40458e-05,7.08236e-14,1.12692e-67,8.47318e+15,1.47346e+16,1.22599e+11,2.32079e+16,2.12309e+17,2.48874e+09
3.44763e+07,226320,4.67263e+06,4.46011e+28,4.43395e+24,2.4857e+13,3.24837,3.19483e+29,0.03468,6.21937e-05,6.35981e-14,8.90118e-68,8.33792e+15,1.45213e+16,1.20209e+11,2.28593e+16,2.10243e+17,2.46505e+09
3.49763e+07,224114,4.64936e+06,4.63078e+28,4.53855e+24,2.52248e+13,3.28305,3.0395e+29,0.03468,6.03694e-05,5.70206e-14,7.0067e-68,8.20287e+15,1.43081e+16,1.17832e+11,2.25111e+16,2.0799e+17,2.44125e+09
3.54763e+07,221897,4.62587e+06,4.80468e+28,4.64197e+24,2.55929e+13,3.3186,2.88965e+29,0.03468,5.85735e-05,5.10434e-14,5.49656e-68,8.0681e+15,1.4095e+16,1.15468e+11,2.21632e+16,2.0556e+17,2.41733e+09
3.59763e+07,219671,4.60217e+06,4.98176e+28,4.74413e+24,2.59613e+13,3.35505,2.74523e+29,0.03468,5.68067e-05,4.56214e-14,4.29714e-68,7.93367e+15,1.38821e+16,1.1312e+11,2.18159e+16,2.02962e+17,2.39331e+09
3.64763e+07,217437,4.57826e+06,5.162e+28,4.84496e+24,2.63301e+13,3.3924,2.60617e+29,0.03468,5.50696e-05,4.07116e-14,3.34794e-68,7.79963e+15,1.36696e+16,1.10788e+11,2.14693e+16,2.00206e+17,2.36919e+09
3.69763e+07,215195,4.55415e+06,5.34535e+28,4.94437e+24,2.66991e+13,3.43068,2.47238e+29,0.03468,5.33628e-05,3.62733e-14,2.59948e-68,7.66604e+15,1.34574e+16,1.08473e+11,2.11235e+16,1.973e+17,2.34498e+09
3.74763e+07,212945,4.52985e+06,5.53177e+28,5.04229e+24,2.70685e+13,3.46992,2.34379e+29,0.03468,5.16867e-05,3.22684e-14,2.01143e-68,7.53295e+15,1.32456e+16,1.06176e+11,2.07787e+16,1.94254e+17,2.32069e+09
3.79763e+07,210689,4.50535e+06,5.72122e+28,5.13866e+24,2.74382e+13,3.51014,2.22029e+29,0.03468,5.00419e-05,2.86607e-14,1.55108e-68,7.40041e+15,1.30344e+16,1.03898e+11,2.04349e+16,1.91078e+17,2.29632e+09
3.84763e+07,208428,4.48067e+06,5.91365e+28,5.23341e+24,2.78083e+13,3.55136,2.1018e+29,0.03468,4.84286e-05,2.54165e-14,1.19198e-68,7.26848e+15,1.28238e+16,1.01639e+11,2.00924e+16,1.87781e+17,2.27189e+09
3.89763e+07,206161,4.4558e+06,6.10901e+28,5.32648e+24,2.81786e+13,3.59361,1.98821e+29,0.03468,4.68472e-05,2.25042e-14,9.12878e-69,7.1372e+15,1.2614e+16,9.94013e+10,1.97513e+16,1.84374e+17,2.24739e+09
3.94763e+07,203889,4.43075e+06,6.30725e+28,5.41782e+24,2.85493e+13,3.6369,1.87941e+29,0.03468,4.5298e-05,1.98944e-14,6.96728e-69,7.00662e+15,1.24049e+16,9.71849e+10,1.94116e+16,1.80865e+17,2.22285e+09
3.99763e+07,201614,4.40553e+06,6.50833e+28,5.50738e+24,2.89203e+13,3.68128,1.77529e+29,0.03468,4.37812e-05,1.75596e-14,5.29932e-69,6.8768e+15,1.21966e+16,9.49907e+10,1.90735e+16,1.77265e+17,2.19825e+09
4.04763e+07,199336,4.38013e+06,6.71219e+28,5.59513e+24,2.92917e+13,3.72675,1.67574e+29,0.03468,4.2297e-05,1.54746e-14,4.01682e-69,6.74776e+15,1.19893e+16,9.28193e+10,1.87371e+16,1.73582e+17,2.17362e+09
4.09763e+07,197055,4.35457e+06,6.91877e+28,5.68101e+24,2.96634e+13,3.77336,1.58063e+29,0.03468,4.08455e-05,1.36157e-14,3.03423e-69,6.61957e+15,1.17829e+16,9.06716e+10,1.84026e+16,1.69827e+17,2.14896e+09
4.14763e+07,194772,4.32885e+06,7.12801e+28,5.765e+24,3.00355e+13,3.82112,1.48986e+29,0.03468,3.94268e-05,1.19613e-14,2.28411e-69,6.49226e+15,1.15776e+16,8.85482e+10,1.807e+16,1.66007e+17,2.12427e+09
4.19763e+07,192488,4.30297e+06,7.33987e+28,5.84706e+24,3.04079e+13,3.87008,1.40328e+29,0.03468,3.8041e-05,1.04914e-14,1.71352e-69,6.36587e+15,1.13735e+16,8.64496e+10,1.77394e+16,1.62134e+17,2.09956e+09
4.24763e+07,190203,4.27694e+06,7.55427e+28,5.92718e+24,3.07806e+13,3.92025,1.32079e+29,0.03468,3.66881e-05,9.1876e-15,1.28104e-69,6.24044e+15,1.11705e+16,8.43765e+10,1.7411e+16,1.58215e+17,2.07484e+09
4.29763e+07,187919,4.25076e+06,7.77116e+28,6.00532e+24,3.11537e+13,3.97167,1.24225e+29,0.03468,3.5368e-05,8.03318e-15,9.54405e-70,6.11602e+15,1.09687e+16,8.23294e+10,1.70849e+16,1.54258e+17,2.05012e+09
4.34763e+07,185635,4.22443e+06,7.99047e+28,6.08148e+24,3.15272e+13,4.02438,1.16755e+29,0.03468,3.40807e-05,7.01274e-15,7.08601e-70,5.99264e+15,1.07683e+16,8.03088e+10,1.6761e+16,1.50274e+17,2.02539e+09
4.39763e+07,183352,4.19797e+06,8.21215e+28,6.15564e+24,3.1901e+13,4.0784,1.09654e+29,0.03468,3.2826e-05,6.11227e-15,5.24285e-70,5.87032e+15,1.05693e+16,7.83152e+10,1.64397e+16,1.46269e+17,2.00068e+09
4.44763e+07,181071,4.17137e+06,8.43612e+28,6.2278e+24,3.22752e+13,4.13377,1.02911e+29,0.03468,3.16038e-05,5.319e-15,3.8657e-70,5.74912e+15,1.03717e+16,7.6349e+10,1.61209e+16,1.42251e+17,1.97598e+09
4.49763e+07,178793,4.14464e+06,8.66231e+28,6.29794e+24,3.26497e+13,4.19053,9.65123e+28,0.03468,3.04139e-05,4.62136e-15,2.84042e-70,5.62906e+15,1.01755e+16,7.44107e+10,1.58047e+16,1.38229e+17,1.9513e+09
4.54763e+07,176518,4.11778e+06,8.89067e+28,6.36608e+24,3.30247e+13,4.24871,9.04463e+28,0.03468,2.9256e-05,4.00887e-15,2.07983e-70,5.51017e+15,9.98094e+15,7.25007e+10,1.54912e+16,1.34209e+17,1.92665e+09
4.59763e+07,174246,4.0908e+06,9.12111e+28,6.4322e+24,3.33999e+13,4.30835,8.47001e+28,0.03468,2.813e-05,3.47203e-15,1.51761e-70,5.39248e+15,9.78793e+15,7.06192e+10,1.51805e+16,1.302e+17,1.90203e+09
4.64763e+07,171978,4.0637e+06,9.35358e+28,6.49633e+24,3.37756e+13,4.36949,7.92615e+28,0.03468,2.70356e-05,3.00231e-15,1.10353e-70,5.27602e+15,9.59655e+15,6.87665e+10,1.48726e+16,1.26206e+17,1.87745e+09
4.69763e+07,169715,4.03649e+06,9.58799e+28,6.55846e+24,3.41516e+13,4.43217,7.41181e+28,0.03468,2.59724e-05,2.59201e-15,0,5.16082e+15,9.40686e+15,6.6943e+10,1.45677e+16,1.22236e+17,1.85291e+09
4.74763e+07,167457,4.00917e+06,9.82428e+28,6.61861e+24,3.4528e+13,4.49644,6.92581e+28,0.03468,2.494e-05,2.23422e-15,0,5.0469e+15,9.21889e+15,6.5149e+10,1.42659e+16,1.18294e+17,1.82843e+09
4.79763e+07,165205,3.98174e+06,1.00624e+29,6.6768e+24,3.49048e+13,4.56232,6.46697e+28,0.03468,2.39382e-05,1.92274e-15,0,4.93428e+15,9.03269e+15,6.33845e+10,1.3967e+16,1.14388e+17,1.80401e+09
4.84763e+07,162959,3.95422e+06,1.03022e+29,6.73305e+24,3.5282e+13,4.62988,6.03411e+28,0.03468,2.29666e-05,1.65204e-15,0,4.823e+15,8.84831e+15,6.16498e+10,1.36714e+16,1.10521e+17,1.77964e+09
4.89763e+07,160720,3.92659e+06,1.05437e+29,6.78738e+24,3.56596e+13,4.69916,5.6261e+28,0.03468,2.20247e-05,1.41718e-15,0,4.71307e+15,8.66578e+15,5.99451e+10,1.33789e+16,1.067e+17,1.75535e+09
4.94763e+07,158489,3.89888e+06,1.07867e+29,6.8398e+24,3.60375e+13,4.7702,5.24185e+28,0.03468,2.11121e-05,1.21376e-15,0,4.6045e+15,8.48513e+15,5.82704e+10,1.30897e+16,1.02928e+17,1.73113e+09
4.99763e+07,156265,3.87107e+06,1.10313e+29,6.89035e+24,3.64158e+13,4.84306,4.88025e+28,0.03468,2.02284e-05,1.03787e-15,0,4.49733e+15,8.30641e+15,5.66259e+10,1.28038e+16,9.92114e+16,1.70699e+09
5.04763e+07,154049,3.84318e+06,1.12772e+29,6.93906e+24,3.67946e+13,4.91778,4.54025e+28,0.03468,1.93732e-05,8.86039e-16,0,4.39156e+15,8.12965e+15,5.50116e+10,1.25213e+16,9.55531e+16,1.68293e+09
5.09763e+07,151843,3.81521e+06,1.15246e+29,6.98596e+24,3.71737e+13,4.99442,4.22082e+28,0.03468,1.85458e-05,7.55198e-16,0,4.28721e+15,7.95487e+15,5.34276e+10,1.22421e+16,9.19571e+16,1.65896e+09
5.14763e+07,149645,3.78717e+06,1.17731e+29,7.03107e+24,3.75532e+13,5.07304,3.92097e+28,0.03468,1.77459e-05,6.42637e-16,0,4.1843e+15,7.78212e+15,5.18739e+10,1.19665e+16,8.84268e+16,1.63509e+09
5.19763e+07,147457,3.75905e+06,1.20229e+29,7.07443e+24,3.79331e+13,5.15368,3.63972e+28,0.03468,1.69729e-05,5.45967e-16,0,4.08283e+15,7.61141e+15,5.03505e+10,1.16943e+16,8.49653e+16,1.61132e+09
5.24763e+07,145279,3.73087e+06,1.22738e+29,7.11608e+24,3.83134e+13,5.23642,3.37614e+28,0.03468,1.62263e-05,4.63085e-16,0,3.98283e+15,7.44277e+15,4.88573e+10,1.14256e+16,8.15754e+16,1.58765e+09
5.29763e+07,143112,3.70262e+06,1.25257e+29,7.15605e+24,3.86941e+13,5.3213,3.12932e+28,0.03468,1.55056e-05,3.92145e-16,0,3.8843e+15,7.27623e+15,4.73943e+10,1.11606e+16,7.82597e+16,1.56409e+09
5.34763e+07,140956,3.67431e+06,1.27786e+29,7.19439e+24,3.90752e+13,5.4084,2.89837e+28,0.03468,1.48103e-05,3.3153e-16,0,3.78725e+15,7.1118e+15,4.59614e+10,1.08991e+16,7.50202e+16,1.54064e+09
5.39763e+07,138811,3.64595e+06,1.30324e+29,7.23112e+24,3.94567e+13,5.49778,2.68246e+28,0.03468,1.41397e-05,2.79825e-16,0,3.69169e+15,6.94952e+15,4.45585e+10,1.06413e+16,7.18589e+16,1.51731e+09
5.44763e+07,136678,3.61753e+06,1.32869e+29,7.26629e+24,3.98387e+13,5.5895,2.48077e+28,0.03468,1.34934e-05,2.35796e-16,0,3.59762e+15,6.78939e+15,4.31855e+10,1.03871e+16,6.87773e+16,1.49411e+09
5.49763e+07,134557,3.58906e+06,1.35422e+29,7.29994e+24,4.0221e+13,5.68364,2.29252e+28,0.03468,1.28708e-05,1.98368e-16,0,3.50506e+15,6.63144e+15,4.18422e+10,1.01365e+16,6.57769e+16,1.47103e+09
5.54763e+07,132449,3.56055e+06,1.37981e+29,7.33211e+24,4.06037e+13,5.78027,2.11695e+28,0.03468,1.22714e-05,1.66604e-16,0,3.41401e+15,6.47568e+15,4.05285e+10,9.88973e+15,6.28587e+16,1.44808e+09
5.59763e+07,130353,3.532e+06,1.40545e+29,7.36284e+24,4.09869e+13,5.87946,1.95335e+28,0.03468,1.16945e-05,1.39695e-16,0,3.32446e+15,6.32213e+15,3.92441e+10,9.64663e+15,6.00235e+16,1.42527e+09
5.64763e+07,128271,3.50342e+06,1.43114e+29,7.39218e+24,4.13704e+13,5.98129,1.80102e+28,0.03468,1.11396e-05,1.16937e-16,0,3.23643e+15,6.17079e+15,3.79889e+10,9.40725e+15,5.72719e+16,1.4026e+09
5.69763e+07,126202,3.4748e+06,1.45687e+29,7.42015e+24,4.17544e+13,6.08585,1.65931e+28,0.03468,1.06062e-05,9.77235e-17,0,3.14991e+15,6.02167e+15,3.67627e+10,9.17162e+15,5.46042e+16,1.38007e+09
5.74763e+07,124148,3.44614e+06,1.48263e+29,7.44682e+24,4.21388e+13,6.19321,1.52757e+28,0.03468,1.00937e-05,8.15299e-17,0,3.0649e+15,5.8748e+15,3.55651e+10,8.93973e+15,5.20205e+16,1.35769e+09
5.79763e+07,122107,3.41747e+06,1.50842e+29,7.47221e+24,4.25236e+13,6.30346,1.40521e+28,0.03468,9.60143e-06,6.79053e-17,0,2.98141e+15,5.73016e+15,3.4396e+10,8.71161e+15,4.95209e+16,1.33545e+09
5.84763e+07,120082,3.38877e+06,1.53422e+29,7.49638e+24,4.29088e+13,6.4167,1.29166e+28,0.03468,9.12896e-06,5.6462e-17,0,2.89943e+15,5.58778e+15,3.32551e+10,8.48724e+15,4.7105e+16,1.31337e+09
5.89763e+07,118071,3.36005e+06,1.56003e+29,7.51935e+24,4.32944e+13,6.53302,1.18636e+28,0.03468,8.67567e-06,4.68675e-17,0,2.81896e+15,5.44765e+15,3.21421e+10,8.26664e+15,4.47723e+16,1.29145e+09
5.94763e+07,116075,3.33132e+06,1.58584e+29,7.54119e+24,4.36805e+13,6.65251,1.0888e+28,0.03468,8.24102e-06,3.88372e-17,0,2.73999e+15,5.30977e+15,3.10568e+10,8.0498e+15,4.25223e+16,1.26969e+09
5.99763e+07,114095,3.30258e+06,1.61164e+29,7.56191e+24,4.40669e+13,6.77527,9.9848e+27,0.03468,7.82445e-06,3.21277e-17,0,2.66253e+15,5.17415e+15,2.99987e+10,7.83672e+15,4.03542e+16,1.24809e+09
6.04763e+07,112130,3.27382e+06,1.63742e+29,7.58157e+24,4.44538e+13,6.90141,9.14935e+27,0.03468,7.42541e-06,2.65318e-17,0,2.58656e+15,5.04079e+15,2.89676e+10,7.62739e+15,3.82669e+16,1.22666e+09
6.09763e+07,110182,3.24507e+06,1.66318e+29,7.60021e+24,4.48411e+13,7.03104,8.37719e+27,0.03468,7.04337e-06,2.18727e-17,0,2.51209e+15,4.90969e+15,2.79631e+10,7.42181e+15,3.62595e+16,1.2054e+09
6.14763e+07,108250,3.21631e+06,1.68891e+29,7.61786e+24,4.52288e+13,7.16428,7.66412e+27,0.03468,6.67779e-06,1.80005e-17,0,2.43909e+15,4.78084e+15,2.69849e+10,7.21996e+15,3.43308e+16,1.18431e+09
6.19763e+07,106334,3.18755e+06,1.7146e+29,7.63457e+24,4.5617e+13,7.30122,7.00616e+27,0.03468,6.32814e-06,1.4788e-17,0,2.36758e+15,4.65424e+15,2.60327e+10,7.02184e+15,3.24794e+16,1.16339e+09
6.24763e+07,104435,3.1588e+06,1.74025e+29,7.65037e+24,4.60056e+13,7.44201,6.39957e+27,0.03468,5.99389e-06,1.21276e-17,0,2.29752e+15,4.52989e+15,2.5106e+10,6.82744e+15,3.07039e+16,1.14265e+09
6.29763e+07,102553,3.13006e+06,1.76584e+29,7.6653e+24,4.63945e+13,7.58676,5.84079e+27,0.03468,5.67454e-06,9.92824e-18,0,2.22893e+15,4.40777e+15,2.42046e+10,6.63673e+15,2.90029e+16,1.1221e+09
6.34763e+07,100688,3.10132e+06,1.79137e+29,7.6794e+24,4.67839e+13,7.73561,5.32649e+27,0.03468,5.36958e-06,8.11337e-18,0,2.16178e+15,4.28789e+15,2.3328e+10,6.4497e+15,2.73747e+16,1.10172e+09
6.39763e+07,98840,3.0726e+06,1.81683e+29,7.69271e+24,4.71738e+13,7.8887,4.85352e+27,0.03468,5.0785e-06,6.61846e-18,0,2.09607e+15,4.17023e+15,2.24759e+10,6.26633e+15,2.58176e+16,1.08153e+09
6.44763e+07,97009.9,3.0439e+06,1.84222e+29,7.70525e+24,4.7564e+13,8.04616,4.41893e+27,0.03468,4.80083e-06,5.38932e-18,0,2.03179e+15,4.05478e+15,2.16478e+10,6.08659e+15,2.433e+16,1.06153e+09
6.49763e+07,95197.5,3.01522e+06,1.86752e+29,7.71706e+24,4.79547e+13,8.20814,4.01994e+27,0.03468,4.53607e-06,4.38054e-18,0,1.96892e+15,3.94154e+15,2.08434e+10,5.91048e+15,2.291e+16,1.04171e+09
6.54763e+07,93403,2.98657e+06,1.89274e+29,7.72818e+24,4.83458e+13,8.37481,3.65395e+27,0.03468,4.28378e-06,3.55414e-18,0,1.90745e+15,3.83049e+15,2.00623e+10,5.73796e+15,2.15559e+16,1.02209e+09
6.59763e+07,91626.5,2.95794e+06,1.91785e+29,7.73864e+24,4.87373e+13,8.54631,3.31851e+27,0.03468,4.04347e-06,2.87837e-18,0,1.84737e+15,3.72161e+15,1.9304e+10,5.569e+15,2.02657e+16,1.00266e+09
6.64763e+07,89868.2,2.92934e+06,1.94287e+29,7.74847e+24,4.91292e+13,8.72281,3.01134e+27,0.03468,3.8147e-06,2.32682e-18,0,1.78866e+15,3.6149e+15,1.85682e+10,5.40358e+15,1.90375e+16,9.83421e+08
6.69763e+07,88128.3,2.90077e+06,1.96777e+29,7.7577e+24,4.95216e+13,8.9045,2.73029e+27,0.03468,3.59704e-06,1.87748e-18,0,1.73132e+15,3.51034e+15,1.78544e+10,5.24168e+15,1.78695e+16,9.6438e+08
6.74763e+07,86406.8,2.87224e+06,1.99256e+29,7.76636e+24,4.99143e+13,9.09154,2.47337e+27,0.03468,3.39005e-06,1.51209e-18,0,1.67532e+15,3.40792e+15,1.71622e+10,5.08325e+15,1.67597e+16,9.45536e+08
6.79763e+07,84703.9,2.84374e+06,2.01722e+29,7.77448e+24,5.03075e+13,9.28413,2.2387e+27,0.03468,3.19331e-06,1.21553e-18,0,1.62065e+15,3.30761e+15,1.64912e+10,4.92828e+15,1.57061e+16,9.26892e+08
6.84763e+07,83019.6,2.81529e+06,2.04175e+29,7.78208e+24,5.07011e+13,9.48247,2.02455e+27,0.03468,3.00642e-06,9.75287e-19,0,1.5673e+15,3.2094e+15,1.5841e+10,4.77672e+15,1.47069e+16,9.08448e+08
6.89763e+07,81354.2,2.78688e+06,2.06615e+29,7.7892e+24,5.10952e+13,9.68675,1.82929e+27,0.03468,2.82897e-06,7.81038e-19,0,1.51525e+15,3.11328e+15,1.52112e+10,4.62855e+15,1.376e+16,8.90206e+08
6.94763e+07,79707.7,2.75851e+06,2.09041e+29,7.79586e+24,5.14896e+13,9.8972,1.65142e+27,0.03468,2.66058e-06,6.24279e-19,0,1.46449e+15,3.01923e+15,1.46013e+10,4.48373e+15,1.28635e+16,8.72167e+08
6.99763e+07,78080.1,2.7302e+06,2.11451e+29,7.80208e+24,5.18844e+13,10.114,1.48952e+27,0.03468,2.50088e-06,4.98018e-19,0,1.41499e+15,2.92722e+15,1.40109e+10,4.34222e+15,1.20156e+16,8.54331e+08
7.04763e+07,76471.6,2.70193e+06,2.13846e+29,7.80789e+24,5.22797e+13,10.3375,1.3423e+27,0.03468,2.34949e-06,3.96519e-19,0,1.36674e+15,2.83724e+15,1.34397e+10,4.20399e+15,1.12143e+16,8.36701e+08
7.09763e+07,74882.3,2.67372e+06,2.16226e+29,7.81331e+24,5.26754e+13,10.5678,1.20855e+27,0.03468,2.20607e-06,3.15085e-19,0,1.31972e+15,2.74926e+15,1.28871e+10,4.069e+15,1.04577e+16,8.19276e+08
7.14763e+07,73312.1,2.64556e+06,2.18588e+29,7.81836e+24,5.30715e+13,10.8052,1.08713e+27,0.03468,2.07026e-06,2.4988e-19,0,1.27393e+15,2.66327e+15,1.23527e+10,3.9372e+15,9.74393e+15,8.02057e+08
7.19763e+07,71761.2,2.61747e+06,2.20933e+29,7.82307e+24,5.3468e+13,11.0501,9.77023e+26,0.03468,1.94173e-06,1.97772e-19,0,1.22933e+15,2.57924e+15,1.18363e+10,3.80857e+15,9.07126e+15,7.85046e+08
7.24763e+07,70229.5,2.58943e+06,2.23261e+29,7.82744e+24,5.38648e+13,11.3025,8.77255e+26,0.03468,1.82017e-06,1.56214e-19,0,1.18591e+15,2.49715e+15,1.13372e+10,3.68307e+15,8.43787e+15,7.68243e+08
7.29763e+07,68717.2,2.56145e+06,2.2557e+29,7.83151e+24,5.42622e+13,11.5629,7.86941e+26,0.03468,1.70525e-06,1.23137e-19,0,1.14365e+15,2.41698e+15,1.08552e+10,3.56064e+15,7.84199e+15,7.51648e+08
7.34763e+07,67224.2,2.53354e+06,2.27861e+29,7.8353e+24,5.46599e+13,11.8316,7.05262e+26,0.03468,1.59667e-06,9.68647e-20,0,1.10254e+15,2.3387e+15,1.03897e+10,3.44125e+15,7.28192e+15,7.35262e+08
7.39763e+07,65750.6,2.5057e+06,2.30132e+29,7.83881e+24,5.5058e+13,12.1088,6.3146e+26,0.03468,1.49415e-06,7.60393e-20,0,1.06256e+15,2.2623e+15,9.9405e+09,3.32487e+15,6.75599e+15,7.19085e+08
7.44763e+07,64296.5,2.47793e+06,2.32384e+29,7.84206e+24,5.54565e+13,12.395,5.64838e+26,0.03468,1.39739e-06,5.95659e-20,0,1.02368e+15,2.18774e+15,9.50706e+09,3.21143e+15,6.26256e+15,7.03117e+08
7.49763e+07,62861.7,2.45023e+06,2.34615e+29,7.84508e+24,5.58554e+13,12.6903,5.04756e+26,0.03468,1.30613e-06,4.65625e-20,0,9.85889e+14,2.11501e+15,9.089e+09,3.10091e+15,5.80004e+15,6.87359e+08
7.54763e+07,61446.3,2.4226e+06,2.36826e+29,7.84787e+24,5.62547e+13,12.9953,4.50623e+26,0.03468,1.22011e-06,3.63197e-20,0,9.4917e+14,2.04408e+15,8.68595e+09,2.99326e+15,5.36691e+15,6.71811e+08
7.59763e+07,60050.3,2.39505e+06,2.39016e+29,7.85045e+24,5.66543e+13,13.3103,4.01897e+26,0.03468,1.13906e-06,2.82688e-20,0,9.13503e+14,1.97492e+15,8.29749e+09,2.88843e+15,4.96167e+15,6.56473e+08
7.64763e+07,58673.7,2.36757e+06,2.41183e+29,7.85284e+24,5.70544e+13,13.6356,3.58081e+26,0.03468,1.06275e-06,2.19542e-20,0,8.78868e+14,1.90751e+15,7.92325e+09,2.78639e+15,4.58288e+15,6.41344e+08
7.69763e+07,57316.4,2.34018e+06,2.43329e+29,7.85504e+24,5.74549e+13,13.9718,3.18718e+26,0.03468,9.90944e-07,1.70124e-20,0,8.45246e+14,1.84182e+15,7.56283e+09,2.68708e+15,4.22914e+15,6.26426e+08
7.74763e+07,55978.5,2.31286e+06,2.45452e+29,7.85708e+24,5.78557e+13,14.3191,2.83392e+26,0.03468,9.23412e-07,1.31535e-20,0,8.12619e+14,1.77783e+15,7.21587e+09,2.59046e+15,3.8991e+15,6.11717e+08
7.79763e+07,54659.9,2.28563e+06,2.47553e+29,7.85895e+24,5.82569e+13,14.6782,2.5172e+26,0.03468,8.5994e-07,1.01467e-20,0,7.80967e+14,1.71552e+15,6.88198e+09,2.49649e+15,3.59146e+15,5.97217e+08
7.84763e+07,53360.5,2.25848e+06,2.4963e+29,7.86067e+24,5.86585e+13,15.0495,2.23352e+26,0.03468,8.00319e-07,7.80933e-21,0,7.50272e+14,1.65485e+15,6.5608e+09,2.40512e+15,3.30499e+15,5.82926e+08
7.89763e+07,52080.4,2.23142e+06,2.51684e+29,7.86226e+24,5.90605e+13,15.4334,1.97971e+26,0.03468,7.4435e-07,5.99639e-21,0,7.20514e+14,1.59579e+15,6.25197e+09,2.31631e+15,3.03847e+15,5.68844e+08
7.94763e+07,50819.5,2.20445e+06,2.53714e+29,7.86372e+24,5.94628e+13,15.8306,1.75285e+26,0.03468,6.91841e-07,4.59347e-21,0,6.91675e+14,1.53833e+15,5.95512e+09,2.23001e+15,2.79075e+15,5.54971e+08
7.99763e+07,49577.6,2.17757e+06,2.55719e+29,7.86506e+24,5.98655e+13,16.2415,1.55029e+26,0.03468,6.42609e-07,3.51038e-21,0,6.63735e+14,1.48244e+15,5.6699e+09,2.14618e+15,2.56073e+15,5.41305e+08
8.04763e+07,48354.9,2.15077e+06,2.577e+29,7.86628e+24,6.02685e+13,16.6668,1.36963e+26,0.03468,5.96478e-07,2.67617e-21,0,6.36676e+14,1.42809e+15,5.39596e+09,2.06477e+15,2.34736e+15,5.27846e+08
8.09763e+07,47151.1,2.12407e+06,2.59656e+29,7.86741e+24,6.06719e+13,17.1071,1.20866e+26,0.03468,5.53281e-07,2.0352e-21,0,6.10479e+14,1.37525e+15,5.13297e+09,1.98573e+15,2.14963e+15,5.14594e+08
8.14763e+07,45966.2,2.09747e+06,2.61587e+29,7.86844e+24,6.10756e+13,17.563,1.06539e+26,0.03468,5.12857e-07,1.5439e-21,0,5.85126e+14,1.3239e+15,4.88059e+09,1.90903e+15,1.96656e+15,5.01548e+08
8.19763e+07,44800.2,2.07096e+06,2.63492e+29,7.86938e+24,6.14797e+13,18.0352,9.38022e+25,0.03468,4.75052e-07,1.16824e-21,0,5.60597e+14,1.27401e+15,4.63848e+09,1.83461e+15,1.79725e+15,4.88707e+08
8.24763e+07,43652.9,2.04455e+06,2.65371e+29,7.87024e+24,6.18842e+13,18.5245,8.24914e+25,0.03468,4.3972e-07,8.81722e-22,0,5.36875e+14,1.22555e+15,4.40634e+09,1.76243e+15,1.64081e+15,4.76071e+08
8.29763e+07,42524.3,2.01823e+06,2.67225e+29,7.87102e+24,6.22889e+13,19.0315,7.24581e+25,0.03468,4.06721e-07,6.63743e-22,0,5.13942e+14,1.1785e+15,4.18383e+09,1.69244e+15,1.49641e+15,4.63638e+08
8.34763e+07,41414.3,1.99202e+06,2.69052e+29,7.87174e+24,6.2694e+13,19.5572,6.35684e+25,0.03468,3.75922e-07,4.98332e-22,0,4.91778e+14,1.13283e+15,3.97065e+09,1.62461e+15,1.36328e+15,4.51408e+08
8.39763e+07,40322.8,1.9659e+06,2.70853e+29,7.87239e+24,6.30994e+13,20.1023,5.57008e+25,0.03468,3.47195e-07,3.7314e-22,0,4.70366e+14,1.08851e+15,3.7665e+09,1.55888e+15,1.24064e+15,4.3938e+08
8.44763e+07,39249.6,1.93989e+06,2.72627e+29,7.87298e+24,6.35052e+13,20.6677,4.87462e+25,0.03468,3.2042e-07,2.78637e-22,0,4.49688e+14,1.04552e+15,3.57107e+09,1.49521e+15,1.12781e+15,4.27553e+08
8.49763e+07,38194.8,1.91398e+06,2.74374e+29,7.87352e+24,6.39112e+13,21.2544,4.26058e+25,0.03468,2.95481e-07,2.07491e-22,0,4.29726e+14,1.00383e+15,3.38407e+09,1.43356e+15,1.02409e+15,4.15925e+08
8.54763e+07,37158.1,1.88817e+06,2.76094e+29,7.87401e+24,6.43175e+13,21.8633,3.71909e+25,0.03468,2.72269e-07,1.54076e-22,0,4.10464e+14,9.63422e+14,3.20523e+09,1.37389e+15,9.28867e+14,4.04497e+08
8.59763e+07,36139.5,1.86247e+06,2.77787e+29,7.87445e+24,6.47242e+13,22.4956,3.24216e+25,0.03468,2.5068e-07,1.14083e-22,0,3.91883e+14,9.24259e+14,3.03425e+09,1.31614e+15,8.4153e+14,3.93266e+08
8.64763e+07,35138.9,1.83688e+06,2.79452e+29,7.87485e+24,6.51311e+13,23.1523,2.82262e+25,0.03468,2.30615e-07,8.42249e-23,0,3.73966e+14,8.86318e+14,2.87087e+09,1.26029e+15,7.61518e+14,3.82231e+08
8.69763e+07,34156.1,1.81139e+06,2.8109e+29,7.87521e+24,6.55383e+13,23.8346,2.45404e+25,0.03468,2.11981e-07,6.19965e-23,0,3.56696e+14,8.49575e+14,2.71483e+09,1.20627e+15,6.88297e+14,3.71392e+08
8.74763e+07,33191,1.78602e+06,2.82701e+29,7.87554e+24,6.59458e+13,24.5438,2.13063e+25,0.03468,1.94687e-07,4.54965e-23,0,3.40057e+14,8.14003e+14,2.56585e+09,1.15406e+15,6.21367e+14,3.60747e+08
8.79763e+07,32243.5,1.76075e+06,2.84283e+29,7.87584e+24,6.63536e+13,25.2811,1.84723e+25,0.03468,1.78651e-07,3.3285e-23,0,3.24033e+14,7.79578e+14,2.42369e+09,1.10361e+15,5.60258e+14,3.50295e+08
8.84763e+07,31313.5,1.73559e+06,2.85838e+29,7.8761e+24,6.67616e+13,26.0481,1.59923e+25,0.03468,1.63792e-07,2.42746e-23,0,3.08605e+14,7.46273e+14,2.2881e+09,1.05488e+15,5.04529e+14,3.40035e+08
8.89763e+07,30400.8,1.71054e+06,2.87365e+29,7.87634e+24,6.71698e+13,26.8461,1.3825e+25,0.03468,1.50034e-07,1.76467e-23,0,2.9376e+14,7.14065e+14,2.15884e+09,1.00783e+15,4.53767e+14,3.29964e+08
8.94763e+07,29505.2,1.6856e+06,2.88864e+29,7.87656e+24,6.75784e+13,27.6767,1.19335e+25,0.03468,1.37307e-07,1.27865e-23,0,2.7948e+14,6.82927e+14,2.03567e+09,9.62409e+14,4.07584e+14,3.20083e+08
8.99763e+07,28626.8,1.66077e+06,2.90335e+29,7.87675e+24,6.79871e+13,28.5417,1.02851e+25,0.03468,1.25542e-07,9.23403e-24,0,2.6575e+14,6.52836e+14,1.91837e+09,9.18588e+14,3.6562e+14,3.10389e+08
9.04763e+07,27765.3,1.63606e+06,2.91778e+29,7.87692e+24,6.83961e+13,29.4428,8.85066e+24,0.03468,1.14677e-07,6.64585e-24,0,2.52555e+14,6.23767e+14,1.80671e+09,8.76323e+14,3.27535e+14,3.00881e+08
9.09763e+07,26920.6,1.61146e+06,2.93192e+29,7.87708e+24,6.88053e+13,30.3819,7.60414e+24,0.03468,1.0465e-07,4.76648e-24,0,2.39879e+14,5.95695e+14,1.70047e+09,8.35576e+14,2.93015e+14,2.91558e+08
9.14763e+07,26092.5,1.58698e+06,2.94579e+29,7.87722e+24,6.92146e+13,31.3611,6.52257e+24,0.03468,9.54051e-08,3.40644e-24,0,2.27707e+14,5.68598e+14,1.59945e+09,7.96307e+14,2.61766e+14,2.82418e+08
9.19763e+07,25280.9,1.5626e+06,2.95937e+29,7.87734e+24,6.96242e+13,32.3824,5.58555e+24,0.03468,8.68887e-08,2.42563e-24,0,2.16025e+14,5.42452e+14,1.50344e+09,7.58479e+14,2.33516e+14,2.7346e+08
9.24763e+07,24485.6,1.53835e+06,2.97268e+29,7.87745e+24,7.0034e+13,33.4482,4.77502e+24,0.03468,7.90505e-08,1.72082e-24,0,2.04819e+14,5.17233e+14,1.41224e+09,7.22053e+14,2.08011e+14,2.64681e+08
9.29763e+07,23706.6,1.51421e+06,2.9857e+29,7.87755e+24,7.04439e+13,34.561,4.07502e+24,0.03468,7.18431e-08,1.21616e-24,0,1.94073e+14,4.92918e+14,1.32565e+09,6.86992e+14,1.85015e+14,2.56082e+08
9.34763e+07,22943.6,1.49018e+06,2.99844e+29,7.87764e+24,7.0854e+13,35.7233,3.47146e+24,0.03468,6.52219e-08,8.56168e-25,0,1.83775e+14,4.69484e+14,1.2435e+09,6.5326e+14,1.64311e+14,2.47659e+08
9.39763e+07,22196.5,1.46627e+06,3.01091e+29,7.87772e+24,7.12643e+13,36.938,2.95191e+24,0.03468,5.9145e-08,6.00337e-25,0,1.7391e+14,4.46909e+14,1.1656e+09,6.2082e+14,1.45696e+14,2.39412e+08
9.44763e+07,21465.1,1.44248e+06,3.02309e+29,7.87778e+24,7.16746e+13,38.2081,2.50544e+24,0.03468,5.35732e-08,4.19235e-25,0,1.64465e+14,4.25171e+14,1.09176e+09,5.89637e+14,1.28984e+14,2.31339e+08
9.49763e+07,20749.3,1.4188e+06,3.035e+29,7.87785e+24,7.20851e+13,39.5367,2.12243e+24,0.03468,4.84696e-08,2.91542e-25,0,1.55427e+14,4.04247e+14,1.02183e+09,5.59675e+14,1.14002e+14,2.23437e+08
9.54763e+07,20049,1.39525e+06,3.04662e+29,7.8779e+24,7.24957e+13,40.9273,1.79445e+24,0.03468,4.37997e-08,2.01874e-25,0,1.46782e+14,3.84117e+14,9.55637e+08,5.309e+14,1.00592e+14,2.15707e+08
9.59763e+07,19363.9,1.3718e+06,3.05797e+29,7.87795e+24,7.29064e+13,42.3837,1.51411e+24,0.03468,3.9531e-08,1.39171e-25,0,1.38518e+14,3.64759e+14,8.93015e+08,5.03278e+14,8.86072e+13,2.08145e+08
9.64763e+07,18694,1.34848e+06,3.06905e+29,7.87799e+24,7.33172e+13,43.9097,1.27492e+24,0.03468,3.56333e-08,9.55108e-26,0,1.30623e+14,3.46152e+14,8.33814e+08,4.76776e+14,7.79128e+13,2.00751e+08
9.69763e+07,18039,1.32527e+06,3.07985e+29,7.87802e+24,7.37281e+13,45.5096,1.07125e+24,0.03468,3.20783e-08,6.52438e-26,0,1.23085e+14,3.28275e+14,7.77882e+08,4.51361e+14,6.83854e+13,1.93523e+08
9.74763e+07,17398.8,1.30219e+06,3.09038e+29,7.87806e+24,7.4139e+13,47.1881,8.98147e+23,0.03468,2.88394e-08,4.43562e-26,0,1.15891e+14,3.11109e+14,7.25075e+08,4.27e+14,5.99118e+13,1.86458e+08
9.79763e+07,16773.2,1.27922e+06,3.10064e+29,7.87808e+24,7.45499e+13,48.9501,7.51332e+23,0.03468,2.58921e-08,3.00081e-26,0,1.0903e+14,2.94632e+14,6.75251e+08,4.03662e+14,5.23883e+13,1.79555e+08
9.84763e+07,16162.1,1.25636e+06,3.11063e+29,7.87811e+24,7.49608e+13,50.8008,6.27069e+23,0.03468,2.32131e-08,2.0199e-26,0,1.0249e+14,2.78826e+14,6.28276e+08,3.81316e+14,4.57198e+13,1.72814e+08
9.89763e+07,15565.3,1.23363e+06,3.12035e+29,7.87813e+24,7.53718e+13,52.7462,5.22116e+23,0.03468,2.07812e-08,1.35259e-26,0,9.62602e+13,2.63671e+14,5.84019e+08,3.59931e+14,3.98198e+13,1.66231e+08
9.94763e+07,14982.6,1.21101e+06,3.1298e+29,7.87815e+24,7.57827e+13,54.7923,4.33668e+23,0.03468,1.85762e-08,9.00898e-27,0,9.033e+13,2.49148e+14,5.42354e+08,3.39478e+14,3.46093e+13,1.59805e+08
9.99763e+07,14414,1.18851e+06,3.13899e+29,7.87817e+24,7.61935e+13,56.9459,3.59296e+23,0.03468,1.65796e-08,5.96749e-27,0,8.46884e+13,2.35238e+14,5.03157e+08,3.19927e+14,3.00165e+13,1.53534e+08
1.00476e+08,13859.1,1.16613e+06,3.14792e+29,7.87818e+24,7.66044e+13,59.2143,2.96906e+23,0.03468,1.4774e-08,3.93041e-27,0,7.93251e+13,2.21923e+14,4.66313e+08,3.01249e+14,2.59759e+13,1.47417e+08
1.00976e+08,13317.9,1.14387e+06,3.15659e+29,7.87819e+24,7.70151e+13,61.6055,2.44693e+23,0.03468,1.31435e-08,2.57357e-27,0,7.42298e+13,2.09185e+14,4.31707e+08,2.83416e+14,2.24283e+13,1.41453e+08
1.01476e+08,12790.2,1.12172e+06,3.16499e+29,7.8782e+24,7.74257e+13,64.1279,2.01104e+23,0.03468,1.16731e-08,1.67495e-27,0,6.93927e+13,1.97007e+14,3.99231e+08,2.664e+14,1.93199e+13,1.35638e+08
1.01976e+08,12275.8,1.09969e+06,3.17315e+29,7.87821e+24,7.78362e+13,66.7911,1.64808e+23,0.03468,1.03491e-08,1.0833e-27,0,6.4804e+13,1.8537e+14,3.6878e+08,2.50175e+14,1.6602e+13,1.29972e+08
1.02476e+08,11774.6,1.07777e+06,3.18105e+29,7.87822e+24,7.82466e+13,69.6051,1.34664e+23,0.03468,9.15866e-09,6.96123e-28,0,6.04544e+13,1.74258e+14,3.40252e+08,2.34713e+14,1.4231e+13,1.24453e+08
1.02976e+08,11286.4,1.05598e+06,3.1887e+29,7.87822e+24,7.86567e+13,72.5811,1.09697e+23,0.03468,8.08997e-09,4.44338e-28,0,5.63346e+13,1.63655e+14,3.1355e+08,2.1999e+14,1.2167e+13,1.19079e+08
1.03476e+08,10811,1.0343e+06,3.1961e+29,7.87823e+24,7.90667e+13,75.7313,8.90764e+22,0.03468,7.13212e-09,2.81663e-28,0,5.24356e+13,1.53543e+14,2.88581e+08,2.05979e+14,1.03747e+13,1.13848e+08
1.03976e+08,10348.2,1.01273e+06,3.20326e+29,7.87824e+24,7.94764e+13,79.0689,7.20949e+22,0.03468,6.27504e-09,1.77267e-28,0,4.87487e+13,1.43907e+14,2.65255e+08,1.92656e+14,8.82189e+12,1.08759e+08
1.04476e+08,9898.03,991279,3.21017e+29,7.87824e+24,7.98859e+13,82.6084,5.81524e+22,0.03468,5.50945e-09,1.10736e-28,0,4.52654e+13,1.3473e+14,2.43486e+08,1.79996e+14,7.48001e+12,1.03809e+08
1.04976e+08,9460.16,969943,3.21684e+29,7.87824e+24,8.02951e+13,86.366,4.67408e+22,0.03468,4.8268e-09,6.86422e-29,0,4.19774e+13,1.25999e+14,2.2319e+08,1.67976e+14,6.3234e+12,9.89983e+07
1.05476e+08,9034.47,948722,3.22328e+29,7.87825e+24,8.0704e+13,90.3591,3.7431e+22,0.03468,4.21924e-09,4.22092e-29,0,3.88767e+13,1.17696e+14,2.04289e+08,1.56573e+14,5.32913e+12,9.43238e+07
1.05976e+08,8620.81,927614,3.22948e+29,7.87825e+24,8.11125e+13,94.6072,2.98614e+22,0.03468,3.67954e-09,2.57393e-29,0,3.59555e+13,1.09808e+14,1.86706e+08,1.45764e+14,4.47681e+12,8.9784e+07
1.06476e+08,8219.01,906619,3.23546e+29,7.87825e+24,8.15206e+13,99.1316,2.37282e+22,0.03468,3.20107e-09,1.55602e-29,0,3.3206e+13,1.02321e+14,1.70369e+08,1.35527e+14,3.74826e+12,8.53773e+07
1.06976e+08,7828.9,885737,3.2412e+29,7.87825e+24,8.19284e+13,103.956,1.87769e+22,0.03468,2.77777e-09,9.32195e-30,0,3.0621e+13,9.52196e+13,1.55206e+08,1.25841e+14,3.12739e+12,8.1102e+07
1.07476e+08,7450.34,864967,3.24673e+29,7.87825e+24,8.23356e+13,109.107,1.47949e+22,0.03468,2.40408e-09,5.53228e-30,0,2.81933e+13,8.84904e+13,1.41152e+08,1.16684e+14,2.59992e+12,7.69565e+07
1.07976e+08,7083.16,844307,3.25203e+29,7.87825e+24,8.27424e+13,114.613,1.16051e+22,0.03468,2.07494e-09,3.25109e-30,0,2.59157e+13,8.21199e+13,1.28142e+08,1.08036e+14,2.15327e+12,7.2939e+07
1.08476e+08,6727.21,823759,3.25711e+29,7.87826e+24,8.31486e+13,120.507,9.06039e+21,0.03468,1.78571e-09,1.89101e-30,0,2.37817e+13,7.60949e+13,1.16115e+08,9.98767e+13,1.77633e+12,6.9048e+07
1.08976e+08,6382.33,803319,3.26199e+29,7.87826e+24,8.35542e+13,126.824,7.03903e+21,0.03468,1.53217e-09,1.08816e-30,0,2.17846e+13,7.04024e+13,1.05013e+08,9.21872e+13,1.45935e+12,6.52817e+07
1.09476e+08,6048.35,782989,3.26665e+29,7.87826e+24,8.39592e+13,133.607,5.44062e+21,0.03468,1.31049e-09,6.19174e-31,0,1.99181e+13,6.50299e+13,9.4779e+07,8.49481e+13,1.19377e+12,6.16386e+07
1.09976e+08,5725.14,762766,3.2711e+29,7.87826e+24,8.43636e+13,140.899,4.18259e+21,0.03468,1.11719e-09,3.4819e-31,0,1.81759e+13,5.99651e+13,8.53603e+07,7.8141e+13,9.72125e+11,5.81169e+07
1.10476e+08,5412.54,742650,3.27536e+29,7.87826e+24,8.47672e+13,148.751,3.19735e+21,0.03468,9.49106e-10,1.93398e-31,0,1.65521e+13,5.51958e+13,7.67058e+07,7.17479e+13,7.87886e+11,5.47152e+07
1.10976e+08,5110.38,722641,3.27942e+29,7.87826e+24,8.517e+13,157.222,2.42974e+21,0.03468,8.03377e-10,1.06036e-31,0,1.50409e+13,5.07103e+13,6.8767e+07,6.57513e+13,6.35394e+11,5.14319e+07
1.11476e+08,4818.53,702736,3.28328e+29,7.87826e+24,8.55719e+13,166.377,1.83493e+21,0.03468,6.77423e-10,5.73486e-32,0,1.36367e+13,4.64973e+13,6.14978e+07,6.0134e+13,5.0974e+11,4.82652e+07
1.11976e+08,4536.83,682936,3.28695e+29,7.87826e+24,8.5973e+13,176.288,1.37665e+21,0.03468,5.68915e-10,3.05738e-32,0,1.2334e+13,4.25454e+13,5.48541e+07,5.48795e+13,4.06688e+11,4.52138e+07
1.12476e+08,4265.13,663238,3.29043e+29,7.87826e+24,8.63731e+13,187.041,1.0257e+21,0.03468,4.75757e-10,1.60543e-32,0,1.11277e+13,3.88438e+13,4.87941e+07,4.99716e+13,3.22589e+11,4.22759e+07
1.12976e+08,4003.29,643642,3.29374e+29,7.87826e+24,8.67722e+13,198.73,7.58639e+20,0.03468,3.96067e-10,8.2961e-33,0,1.00126e+13,3.53819e+13,4.32779e+07,4.53946e+13,2.54314e+11,3.94502e+07
1.13476e+08,3751.16,624146,3.29686e+29,7.87826e+24,8.71702e+13,211.466,5.56784e+20,0.03468,3.2816e-10,4.215e-33,0,8.9838e+12,3.21493e+13,3.82679e+07,4.11332e+13,1.99191e+11,3.6735e+07
1.13976e+08,3508.59,604749,3.29982e+29,7.87826e+24,8.75669e+13,225.375,4.05297e+20,0.03468,2.70526e-10,2.10339e-33,0,8.0366e+12,2.91359e+13,3.3728e+07,3.71725e+13,1.54946e+11,3.4129e+07
1.14476e+08,3275.44,585450,3.3026e+29,7.87826e+24,8.79624e+13,240.602,2.92466e+20,0.03468,2.21823e-10,1.02982e-33,0,7.16642e+12,2.63318e+13,2.96244e+07,3.34983e+13,1.19651e+11,3.16306e+07
1.14976e+08,3051.58,566248,3.30522e+29,7.87826e+24,8.83566e+13,257.318,2.09099e+20,0.03468,1.80853e-10,4.94078e-34,0,6.36883e+12,2.37275e+13,2.59249e+07,3.00963e+13,9.16807e+10,2.92383e+07
1.15476e+08,2836.85,547140,3.30768e+29,7.87826e+24,8.87493e+13,275.719,1.48025e+20,0.03468,1.46557e-10,2.31975e-34,0,5.63958e+12,2.13136e+13,2.25988e+07,2.69532e+13,6.96691e+10,2.69508e+07
1.15976e+08,2631.13,528126,3.30998e+29,7.87826e+24,8.91404e+13,296.036,1.03691e+20,0.03468,1.17996e-10,1.06429e-34,0,4.97457e+12,1.9081e+13,1.96174e+07,2.40556e+13,5.24758e+10,2.47666e+07
1.16476e+08,2434.27,509204,3.31213e+29,7.87826e+24,8.95299e+13,318.54,7.18186e+19,0.03468,9.43432e-11,4.76374e-35,0,4.36985e+12,1.70208e+13,1.69534e+07,2.13907e+13,3.91529e+10,2.26842e+07
1.16976e+08,2246.14,490371,3.31414e+29,7.87826e+24,8.99176e+13,343.554,4.91441e+19,0.03468,7.48707e-11,2.07645e-35,0,3.82161e+12,1.51245e+13,1.45811e+07,1.89462e+13,2.8917e+10,2.07025e+07
1.17476e+08,2066.6,471627,3.316e+29,7.87826e+24,9.03034e+13,371.459,3.31928e+19,0.03468,5.89422e-11,8.79639e-36,0,3.32618e+12,1.33837e+13,1.24762e+07,1.67099e+13,2.11248e+10,1.88199e+07
1.17976e+08,1895.52,452969,3.31773e+29,7.87826e+24,9.06872e+13,402.715,2.21059e+19,0.03468,4.60021e-11,3.61348e-36,0,2.88005e+12,1.17901e+13,1.0616e+07,1.46702e+13,1.52513e+10,1.70352e+07
1.18476e+08,1732.78,434395,3.31932e+29,7.87826e+24,9.10687e+13,437.875,1.44998e+19,0.03468,3.55678e-11,1.43578e-36,0,2.47984e+12,1.03359e+13,8.97901e+06,1.28157e+13,1.08711e+10,1.53471e+07
1.18976e+08,1578.23,415903,3.32079e+29,7.87826e+24,9.14479e+13,477.609,9.35501e+18,0.03468,2.72217e-11,5.50243e-37,0,2.12228e+12,9.01329e+12,7.54499e+06,1.11356e+13,7.64216e+09,1.37542e+07
1.19476e+08,1431.76,397491,3.32214e+29,7.87826e+24,9.18246e+13,522.743,5.92806e+18,0.03468,2.06042e-11,2.02735e-37,0,1.80427e+12,7.81479e+12,6.29507e+06,9.61907e+12,5.29174e+09,1.22554e+07
1.19976e+08,1293.23,379157,3.32337e+29,7.87826e+24,9.21986e+13,574.292,3.6833e+18,0.03468,1.54073e-11,7.15501e-38,0,1.52281e+12,6.7331e+12,5.21153e+06,8.25591e+12,3.60415e+09,1.08493e+07
1.20476e+08,1162.52,360897,3.32448e+29,7.87826e+24,9.25696e+13,633.526,2.23966e+18,0.03468,1.13687e-11,2.40865e-38,0,1.27503e+12,5.7611e+12,4.27784e+06,7.03613e+12,2.4106e+09,9.53483e+06
1.20976e+08,1039.51,342710,3.32549e+29,7.87826e+24,9.29374e+13,702.044,1.32979e+18,0.03468,8.2663e-12,7.69673e-39,0,1.0582e+12,4.89189e+12,3.47853e+06,5.95009e+12,1.58034e+09,8.31075e+06
1.21476e+08,924.077,324591,3.3264e+29,7.87826e+24,9.33018e+13,781.883,7.68984e+17,0.03468,5.91333e-12,2.32143e-39,0,8.69692e+11,4.11875e+12,2.79923e+06,4.98845e+12,1.01329e+09,7.17591e+06
1.21976e+08,816.095,306539,3.32721e+29,7.87826e+24,9.36625e+13,875.677,4.3179e+17,0.03468,4.15394e-12,6.56522e-40,0,7.07001e+11,3.43516e+12,2.22656e+06,4.14216e+12,6.33814e+08,6.12916e+06
1.22476e+08,715.447,288549,3.32793e+29,7.87826e+24,9.40192e+13,986.871,2.34584e+17,0.03468,2.85913e-12,1.72741e-40,0,5.67738e+11,2.83477e+12,1.74811e+06,3.40251e+12,3.85589e+08,5.16939e+06
1.22976e+08,622.014,270618,3.32857e+29,7.87826e+24,9.43714e+13,1120.05,1.22784e+17,0.03468,1.92311e-12,4.18932e-41,0,4.49626e+11,2.31141e+12,1.35244e+06,2.76104e+12,2.2733e+08,4.2955e+06
1.23476e+08,535.677,252742,3.32912e+29,7.87826e+24,9.47188e+13,1281.41,6.1599e+16,0.03468,1.26005e-12,9.26008e-42,0,3.50501e+11,1.85909e+12,1.02896e+06,2.20959e+12,1.2932e+08,3.50639e+06
1.23976e+08,456.318,234915,3.3296e+29,7.87826e+24,9.5061e+13,1479.53,2.94352e+16,0.03468,8.01105e-13,1.84013e-42,0,2.68306e+11,1.47197e+12,767956,1.74028e+12,7.06064e+07,2.80099e+06
1.24476e+08,383.82,217134,3.33e+29,7.87826e+24,9.53973e+13,1726.5,1.32938e+16,0.03468,4.91832e-13,3.23191e-43,0,2.01093e+11,1.1444e+12,560535,1.34549e+12,3.67559e+07,2.17822e+06
1.24976e+08,318.065,199392,3.33035e+29,7.87826e+24,9.57271e+13,2039.89,5.61908e+15,0.03468,2.89818e-13,4.91085e-44,0,1.47021e+11,8.70853e+11,398588,1.01787e+12,1.80928e+07,1.63697e+06
1.25476e+08,258.933,181684,3.33063e+29,7.87826e+24,9.60498e+13,2445.98,2.19516e+15,0.03468,1.6264e-13,6.28076e-45,0,1.04351e+11,6.45988e+11,274760,7.5034e+11,8.33198e+06,1.1761e+06
1.25976e+08,206.304,164001,3.33086e+29,7.87826e+24,9.63645e+13,2985.54,7.79635e+14,0.03468,8.60329e-14,6.52183e-46,0,7.14548e+10,4.64594e+11,182420,5.36049e+11,3.53965e+06,794362
1.26476e+08,160.052,146335,3.33105e+29,7.87826e+24,9.66701e+13,3724.73,2.46199e+14,0.03468,4.23084e-14,5.23735e-47,0,4.68046e+10,3.2161e+11,115632,3.68415e+11,1.36118e+06,490364
1.26976e+08,120.049,128676,3.33119e+29,7.87826e+24,9.69653e+13,4776.8,6.70165e+13,0.03468,1.89724e-14,3.0394e-48,0,2.89811e+10,2.12117e+11,69131.8,2.41098e+11,461461,262382
1.27476e+08,86.1554,111012,3.33129e+29,7.87826e+24,9.72486e+13,6349.37,1.50313e+13,0.03468,7.54286e-15,1.15498e-49,0,1.66721e+10,1.31333e+11,38297.3,1.48005e+11,132705,108010
1.27976e+08,58.222,93327.6,3.33137e+29,7.87826e+24,9.75179e+13,8858.33,2.59217e+12,0.03468,2.54626e-15,2.47016e-51,0,8.67621e+09,7.46135e+10,19130.7,8.32897e+10,30511.1,32907.4
1.28476e+08,36.0788,75603.3,3.33142e+29,7.87826e+24,9.77704e+13,13243.7,3.06565e+11,0.03468,6.79502e-16,2.31555e-53,0,3.90785e+09,3.74553e+10,8238.6,4.13632e+10,5085.09,11423.9
1.28976e+08,19.5237,57812.4,3.33145e+29,7.87826e+24,9.80024e+13,22036.7,2.01604e+10,0.03468,1.25725e-16,6.01474e-56,0,1.40429e+09,1.5499e+10,2816.91,1.69033e+10,513.113,3541.38
1.29476e+08,8.29529,39915.6,3.33146e+29,7.87826e+24,9.82082e+13,44259.9,4.68517e+08,0.03468,1.21388e-17,1.60695e-59,0,3.37213e+08,4.54668e+09,640.116,4.88389e+09,21.2128,1284.1
1.29976e+08,2.60674,21740.3,3.33147e+29,7.87826e+24,9.83573e+13,165068,1.10783e+06,0.03468,3.35688e-19,2.83223e-65,0,4.89794e+07,7.78186e+08,56.3318,8.27165e+08,0.185768,157.737
1.30256e+08,0.814227,11518.5,3.33147e+29,7.87826e+24,9.83955e+13,675256,2036.81,0.03468,8.26225e-21,0,0,7.04306e+06,1.28784e+08,4.43881,1.35827e+08,0.00143434,22.7667
1.30366e+08,0.299845,7538.88,3.33147e+29,7.87826e+24,9.83956e+13,1.47938e+06,27.2422,0.03468,5.58343e-22,0,0,1.33254e+06,3.10402e+07,0.814551,3.23727e+07,3.57549e-05,3.21914
