X = 0.734
Y = 0.25
Z = 0.016
mu = 0.601142
Radius,Density,Temp,Mass,Lum,OptD,Kff,KH,Kes,PP,CNO,3a,Deg,Gas,Rad,TotPres
0,0,0,0,0,0,-nan,0,0.03468,0.000833426,1.32109e-07,9.02533e-54,0,0,0,0
1,7.5e+07,9.90832e+06,3.14159e+08,1.30935e+08,1.0196e+09,13.5947,5.04151e+33,0.03468,0.000833426,1.32109e-07,9.02533e-54,1.32318e+20,1.02043e+19,2.43047e+12,1.42523e+20
120496,7.49963e+07,9.908e+06,5.49614e+23,2.29043e+23,1.22859e+14,13.5957,5.03993e+33,0.03468,0.000833426,1.32109e-07,9.02533e-54,1.32308e+20,1.02034e+19,2.43016e+12,1.42511e+20
220986,7.49875e+07,9.90725e+06,3.39002e+24,1.41238e+24,2.25325e+14,13.5982,5.03621e+33,0.03468,0.000833426,1.32109e-07,9.02533e-54,1.32282e+20,1.02015e+19,2.42942e+12,1.42483e+20
331695,7.49719e+07,9.90591e+06,1.14622e+25,4.77335e+24,3.3822e+14,13.6027,5.02957e+33,0.03468,0.000833426,1.32109e-07,9.02533e-54,1.32236e+20,1.0198e+19,2.42811e+12,1.42434e+20
498127,7.49367e+07,9.9029e+06,3.88105e+25,1.6146e+25,5.07972e+14,13.6127,5.01461e+33,0.03468,0.000833426,1.32109e-07,9.02533e-54,1.32133e+20,1.01901e+19,2.42515e+12,1.42323e+20
610499,7.4905e+07,9.90017e+06,7.14288e+25,2.96888e+25,6.22615e+14,13.6218,5.00116e+33,0.03468,0.000833426,1.32109e-07,9.02533e-54,1.32039e+20,1.0183e+19,2.42249e+12,1.42222e+20
748254,7.48574e+07,9.89609e+06,1.31462e+26,5.45662e+25,7.63197e+14,13.6354,4.98102e+33,0.03468,0.000833426,1.32109e-07,9.02533e-54,1.31899e+20,1.01723e+19,2.41849e+12,1.42072e+20
917129,7.47858e+07,9.88995e+06,2.41934e+26,1.00213e+26,9.35615e+14,13.6559,4.95091e+33,0.03468,0.000833426,1.32109e-07,9.02533e-54,1.31689e+20,1.01563e+19,2.41249e+12,1.41845e+20
1.12416e+06,7.46784e+07,9.88073e+06,4.45161e+26,1.83823e+26,1.14714e+15,13.6868,4.906e+33,0.03468,0.000833426,1.32109e-07,9.02533e-54,1.31374e+20,1.01322e+19,2.40351e+12,1.41506e+20
1.37799e+06,7.45172e+07,9.86689e+06,8.18862e+26,3.36572e+26,1.40674e+15,13.7333,4.83926e+33,0.03468,0.000833426,1.32109e-07,9.02533e-54,1.30902e+20,1.00962e+19,2.39007e+12,1.40998e+20
1.68925e+06,7.42756e+07,9.84611e+06,1.50558e+27,6.14529e+26,1.72555e+15,13.8036,4.74063e+33,0.03468,0.000833426,1.32109e-07,9.02533e-54,1.30195e+20,1.00423e+19,2.37001e+12,1.40238e+20
2.07099e+06,7.39137e+07,9.81495e+06,2.76621e+27,1.11734e+27,2.11747e+15,13.9099,4.59607e+33,0.03468,0.000833426,1.32109e-07,9.02533e-54,1.2914e+20,9.9617e+18,2.34015e+12,1.39101e+20
2.53932e+06,7.33724e+07,9.76825e+06,5.07689e+27,2.01878e+27,2.59996e+15,14.0715,4.3868e+33,0.03468,0.000833426,1.32109e-07,9.02533e-54,1.27567e+20,9.8417e+18,2.29592e+12,1.37409e+20
3.11417e+06,7.25646e+07,9.69833e+06,9.30249e+27,3.61331e+27,3.1953e+15,14.3184,4.08945e+33,0.03468,0.000833426,1.32109e-07,9.02533e-54,1.25235e+20,9.66368e+18,2.23089e+12,1.34899e+20
3.82027e+06,7.13632e+07,9.59383e+06,1.70031e+28,6.37703e+27,3.93235e+15,14.6989,3.67872e+33,0.03468,0.000833426,1.32109e-07,9.02533e-54,1.21799e+20,9.40128e+18,2.13628e+12,1.312e+20
4.68851e+06,6.95855e+07,9.43807e+06,3.09624e+28,1.10223e+28,4.84951e+15,15.2932,3.135e+33,0.03468,0.000833426,1.32109e-07,9.02533e-54,1.16784e+20,9.01826e+18,2.00089e+12,1.25802e+20
5.7579e+06,6.69753e+07,9.2068e+06,5.60652e+28,1.84743e+28,5.99972e+15,16.24,2.46017e+33,0.03468,0.000833426,1.32109e-07,9.02533e-54,1.09574e+20,8.46727e+18,1.81186e+12,1.18042e+20
7.07839e+06,6.31871e+07,8.86546e+06,1.00655e+29,2.96085e+28,7.45945e+15,17.7956,1.70081e+33,0.03468,0.000833426,1.32109e-07,9.02533e-54,9.94411e+19,7.6922e+18,1.55774e+12,1.07133e+20
8.71531e+06,5.77872e+07,8.36618e+06,1.78364e+29,4.45221e+28,9.34645e+15,20.4769,9.65361e+32,0.03468,0.000833426,1.32109e-07,9.02533e-54,8.5685e+19,6.63865e+18,1.23537e+12,9.23236e+19
1.07569e+07,5.02996e+07,7.64579e+06,3.09791e+29,6.13718e+28,1.18576e+16,25.4649,4.00512e+32,0.03468,0.000833426,1.32109e-07,9.02533e-54,6.79922e+19,5.2809e+18,8.61749e+11,7.32731e+19
1.33285e+07,4.0358e+07,6.62785e+06,5.215e+29,7.58974e+28,1.53603e+16,35.9891,9.91634e+31,0.03468,0.000833426,1.32109e-07,9.02533e-54,4.7105e+19,3.67301e+18,4.86611e+11,5.0778e+19
1.66211e+07,2.80529e+07,5.23483e+06,8.35237e+29,8.39212e+28,2.06542e+16,63.7167,9.88869e+30,0.03468,0.000833426,1.32109e-07,9.02533e-54,2.5693e+19,2.01651e+18,1.89365e+11,2.77096e+19
2.08902e+07,1.47514e+07,3.45016e+06,1.22571e+30,8.59489e+28,2.9783e+16,174.812,1.68268e+29,0.03468,0.000833426,1.32109e-07,9.02533e-54,8.80189e+18,6.98867e+17,3.57312e+10,9.50076e+18
2.57883e+07,4.68305e+06,1.63949e+06,1.52533e+30,8.60665e+28,4.7098e+16,1058.57,1.1713e+26,0.03468,0.000833426,1.32109e-07,9.02533e-54,1.30037e+18,1.05428e+17,1.82189e+09,1.4058e+18
2.88551e+07,1.22675e+06,688095,1.60377e+30,8.6067e+28,6.8916e+16,8653.4,2.42238e+22,0.03468,0.000833426,1.32109e-07,9.02533e-54,1.39459e+17,1.15911e+16,5.65305e+07,1.5105e+17
3.03141e+07,312279,283739,1.61538e+30,8.6067e+28,9.11512e+16,73754.5,4.21283e+18,0.03468,0.000833426,1.32109e-07,9.02533e-54,1.4259e+16,1.2167e+15,1.63443e+06,1.54757e+16
3.09217e+07,84876.9,122172,1.61674e+30,8.6067e+28,1.1084e+17,565687,1.11731e+15,0.03468,0.000833426,1.32109e-07,9.02533e-54,1.62617e+15,1.42391e+14,56179.6,1.76857e+15
3.12089e+07,18749.3,46070.7,1.61691e+30,8.6067e+28,1.31152e+17,5.96938e+06,8.09734e+10,0.03468,0.000833426,1.32109e-07,9.02533e-54,1.31268e+14,1.18612e+13,1136.03,1.43129e+14
