X = 0.734
Y = 0.25
Z = 0.016
mu = 0.601142
Radius,Density,Temp,Mass,Lum,OptD,Kff,KH,Kes,PP,CNO,3a,Deg,Gas,Rad,TotPres, dLdr, dPdT
0,0,0,0,0,0,-nan,0,0.03468,0,0,0,0,0,0,0,0,0
100,250150,4.50817e+06,1.04783e+06,62.4116,988022,3.94972,2.43293e+29,0.03468,5.9563e-05,3.44541e-14,2.24741e-68,9.85188e+15,1.54854e+16,1.04157e+11,2.53373e+16,1.87235e+06,3.43503e+09
50258.5,250150,4.50817e+06,1.3302e+20,7.92307e+15,4.95587e+10,3.94972,2.43293e+29,0.03468,5.95629e-05,3.44539e-14,2.24737e-68,9.85187e+15,1.54853e+16,1.04157e+11,2.53373e+16,4.72938e+11,3.43502e+09
100431,250149,4.50816e+06,1.06144e+21,6.32222e+16,9.91305e+10,3.94973,2.4329e+29,0.03468,5.95625e-05,3.44531e-14,2.24726e-68,9.85184e+15,1.54853e+16,1.04157e+11,2.53372e+16,1.88851e+12,3.43502e+09
151090,250148,4.50815e+06,3.61407e+21,2.15263e+17,1.49183e+11,3.94975,2.43286e+29,0.03468,5.95619e-05,3.44517e-14,2.24707e-68,9.85178e+15,1.54852e+16,1.04156e+11,2.53371e+16,4.27414e+12,3.43501e+09
201693,250147,4.50814e+06,8.5973e+21,5.1207e+17,1.9918e+11,3.94977,2.4328e+29,0.03468,5.9561e-05,3.44499e-14,2.2468e-68,9.8517e+15,1.54851e+16,1.04155e+11,2.53369e+16,7.61643e+12,3.43499e+09
252364,250146,4.50813e+06,1.6841e+22,1.00307e+18,2.49244e+11,3.94979,2.43272e+29,0.03468,5.95599e-05,3.44475e-14,2.24646e-68,9.8516e+15,1.5485e+16,1.04154e+11,2.53367e+16,1.19238e+13,3.43497e+09
303431,250144,4.50811e+06,2.92728e+22,1.74349e+18,2.99699e+11,3.94983,2.43263e+29,0.03468,5.95585e-05,3.44446e-14,2.24604e-68,9.85148e+15,1.54848e+16,1.04152e+11,2.53364e+16,1.72371e+13,3.43494e+09
354091,250142,4.50809e+06,4.65183e+22,2.7706e+18,3.49752e+11,3.94987,2.43251e+29,0.03468,5.95569e-05,3.44411e-14,2.24555e-68,9.85133e+15,1.54846e+16,1.0415e+11,2.5336e+16,2.34724e+13,3.43491e+09
405058,250139,4.50806e+06,6.96351e+22,4.14734e+18,4.00109e+11,3.94991,2.43238e+29,0.03468,5.9555e-05,3.44371e-14,2.24497e-68,9.85116e+15,1.54843e+16,1.04148e+11,2.53356e+16,3.07145e+13,3.43487e+09
456489,250136,4.50804e+06,9.96702e+22,5.93604e+18,4.50924e+11,3.94996,2.43224e+29,0.03468,5.95528e-05,3.44325e-14,2.24431e-68,9.85097e+15,1.5484e+16,1.04145e+11,2.53351e+16,3.90076e+13,3.43483e+09
506821,250133,4.50801e+06,1.36407e+23,8.12375e+18,5.00654e+11,3.95002,2.43207e+29,0.03468,5.95504e-05,3.44274e-14,2.24359e-68,9.85075e+15,1.54837e+16,1.04143e+11,2.53346e+16,4.80811e+13,3.43478e+09
557126,250129,4.50797e+06,1.81187e+23,1.07904e+19,5.50356e+11,3.95008,2.43189e+29,0.03468,5.95478e-05,3.44219e-14,2.2428e-68,9.85052e+15,1.54834e+16,1.0414e+11,2.5334e+16,5.8096e+13,3.43473e+09
609381,250125,4.50794e+06,2.37099e+23,1.41197e+19,6.01986e+11,3.95015,2.43169e+29,0.03468,5.95448e-05,3.44156e-14,2.2419e-68,9.85025e+15,1.5483e+16,1.04136e+11,2.53334e+16,6.95007e+13,3.43467e+09
669006,250120,4.50789e+06,3.13725e+23,1.86823e+19,6.60898e+11,3.95024,2.43144e+29,0.03468,5.95411e-05,3.44077e-14,2.24077e-68,9.84991e+15,1.54825e+16,1.04132e+11,2.53326e+16,8.37599e+13,3.43455e+09
789517,250108,4.50778e+06,5.15621e+23,3.07025e+19,7.79967e+11,3.95045,2.43085e+29,0.03468,5.95325e-05,3.43894e-14,2.23817e-68,9.84914e+15,1.54814e+16,1.04122e+11,2.53307e+16,1.16631e+14,3.43445e+09
891414,250097,4.50767e+06,7.42116e+23,4.41854e+19,8.80645e+11,3.95065,2.43027e+29,0.03468,5.95242e-05,3.43717e-14,2.23563e-68,9.84839e+15,1.54804e+16,1.04112e+11,2.53288e+16,1.48652e+14,3.4343e+09
1.0288e+06,250079,4.50751e+06,1.14081e+24,6.79145e+19,1.01639e+12,3.95096,2.42939e+29,0.03468,5.95113e-05,3.43443e-14,2.23174e-68,9.84722e+15,1.54787e+16,1.04097e+11,2.5326e+16,1.97948e+14,3.43405e+09
1.20838e+06,250052,4.50726e+06,1.84839e+24,1.10017e+20,1.19382e+12,3.95142,2.42805e+29,0.03468,5.94917e-05,3.43027e-14,2.22582e-68,9.84545e+15,1.54762e+16,1.04073e+11,2.53217e+16,2.72961e+14,3.43368e+09
1.43812e+06,250011,4.50688e+06,3.11554e+24,1.85382e+20,1.42083e+12,3.95213,2.42602e+29,0.03468,5.9462e-05,3.42399e-14,2.21688e-68,9.84277e+15,1.54723e+16,1.04039e+11,2.53152e+16,3.86367e+14,3.43312e+09
1.72784e+06,249949,4.50631e+06,5.4025e+24,3.21317e+20,1.7071e+12,3.9532,2.42295e+29,0.03468,5.94172e-05,3.41453e-14,2.20348e-68,9.83872e+15,1.54666e+16,1.03986e+11,2.53054e+16,5.57164e+14,3.43227e+09
2.08969e+06,249856,4.50545e+06,9.55492e+24,5.67899e+20,2.06464e+12,3.95481,2.41835e+29,0.03468,5.93498e-05,3.40033e-14,2.18344e-68,9.83262e+15,1.54579e+16,1.03907e+11,2.52906e+16,8.13732e+14,3.431e+09
2.53871e+06,249717,4.50416e+06,1.7127e+25,1.01691e+21,2.50836e+12,3.95723,2.41144e+29,0.03468,5.92486e-05,3.37908e-14,2.15364e-68,9.82346e+15,1.54448e+16,1.03787e+11,2.52683e+16,1.19829e+15,3.42908e+09
3.03871e+06,249529,4.50242e+06,2.93572e+25,1.74068e+21,3.00248e+12,3.96049,2.40219e+29,0.03468,5.9113e-05,3.35077e-14,2.11429e-68,9.81118e+15,1.54273e+16,1.03628e+11,2.52385e+16,1.71157e+15,3.42645e+09
3.53871e+06,249309,4.50038e+06,4.63395e+25,2.74317e+21,3.49663e+12,3.96433,2.39134e+29,0.03468,5.89536e-05,3.3177e-14,2.0688e-68,9.79672e+15,1.54066e+16,1.0344e+11,2.52034e+16,2.31285e+15,3.42334e+09
4.03871e+06,249055,4.49803e+06,6.8846e+25,4.06792e+21,3.99084e+12,3.96876,2.3789e+29,0.03468,5.87705e-05,3.28e-14,2.01762e-68,9.7801e+15,1.53829e+16,1.03223e+11,2.51631e+16,3.0002e+15,3.41976e+09
4.53871e+06,248768,4.49536e+06,9.76446e+25,5.75742e+21,4.4851e+12,3.97379,2.36489e+29,0.03468,5.85639e-05,3.23785e-14,1.96122e-68,9.76134e+15,1.53561e+16,1.02979e+11,2.51175e+16,3.77138e+15,3.41571e+09
5.03871e+06,248448,4.49239e+06,1.33498e+26,7.85296e+21,4.97942e+12,3.97941,2.34935e+29,0.03468,5.83342e-05,3.19143e-14,1.9001e-68,9.74044e+15,1.53262e+16,1.02707e+11,2.50667e+16,4.6239e+15,3.41119e+09
5.53871e+06,248096,4.48912e+06,1.77163e+26,1.03946e+22,5.4738e+12,3.98563,2.33231e+29,0.03468,5.80816e-05,3.14094e-14,1.83482e-68,9.71742e+15,1.52933e+16,1.02408e+11,2.50108e+16,5.55502e+15,3.4062e+09
6.03871e+06,247711,4.48553e+06,2.2939e+26,1.34208e+22,5.96827e+12,3.99245,2.3138e+29,0.03468,5.78064e-05,3.08659e-14,1.76594e-68,9.69229e+15,1.52573e+16,1.02081e+11,2.49497e+16,6.56174e+15,3.40074e+09
6.53871e+06,247293,4.48164e+06,2.90924e+26,1.69686e+22,6.46281e+12,3.99987,2.29386e+29,0.03468,5.75089e-05,3.02862e-14,1.69404e-68,9.66507e+15,1.52184e+16,1.01727e+11,2.48836e+16,7.64085e+15,3.39482e+09
7.03871e+06,246843,4.47744e+06,3.62501e+26,2.10734e+22,6.95744e+12,4.00789,2.27253e+29,0.03468,5.71895e-05,2.96726e-14,1.61971e-68,9.63578e+15,1.51765e+16,1.01347e+11,2.48124e+16,8.78889e+15,3.38844e+09
7.53871e+06,246361,4.47294e+06,4.44849e+26,2.57688e+22,7.45217e+12,4.01653,2.24985e+29,0.03468,5.68486e-05,2.90277e-14,1.54354e-68,9.60444e+15,1.51316e+16,1.0094e+11,2.47362e+16,1.00022e+16,3.3816e+09
8.03871e+06,245847,4.46813e+06,5.38689e+26,3.10864e+22,7.947e+12,4.02578,2.22586e+29,0.03468,5.64866e-05,2.83541e-14,1.4661e-68,9.57107e+15,1.50838e+16,1.00507e+11,2.4655e+16,1.1277e+16,3.3743e+09
8.53871e+06,245301,4.46303e+06,6.4473e+26,3.7056e+22,8.44194e+12,4.03565,2.20062e+29,0.03468,5.6104e-05,2.76545e-14,1.38795e-68,9.53568e+15,1.50332e+16,1.00048e+11,2.45689e+16,1.26092e+16,3.36655e+09
9.03871e+06,244724,4.45762e+06,7.63674e+26,4.37052e+22,8.937e+12,4.04613,2.17417e+29,0.03468,5.57011e-05,2.69316e-14,1.30965e-68,9.49832e+15,1.49796e+16,9.95637e+10,2.4478e+16,1.39947e+16,3.35835e+09
9.53871e+06,244116,4.45191e+06,8.96213e+26,5.10597e+22,9.43218e+12,4.05725,2.14656e+29,0.03468,5.52785e-05,2.61881e-14,1.23169e-68,9.45899e+15,1.49232e+16,9.90546e+10,2.43823e+16,1.54291e+16,3.3497e+09
1.00387e+07,243476,4.4459e+06,1.04302e+27,5.91427e+22,9.9275e+12,4.06899,2.11784e+29,0.03468,5.48366e-05,2.54268e-14,1.15455e-68,9.41772e+15,1.4864e+16,9.85209e+10,2.42818e+16,1.6908e+16,3.34062e+09
1.05387e+07,242806,4.43959e+06,1.20478e+27,6.79755e+22,1.04229e+13,4.08138,2.08808e+29,0.03468,5.4376e-05,2.46506e-14,1.07868e-68,9.37455e+15,1.48021e+16,9.79631e+10,2.41767e+16,1.84269e+16,3.33109e+09
1.10387e+07,242105,4.43299e+06,1.38213e+27,7.75767e+22,1.09185e+13,4.0944,2.05732e+29,0.03468,5.38972e-05,2.38621e-14,1.00448e-68,9.32949e+15,1.47374e+16,9.73816e+10,2.4067e+16,1.9981e+16,3.32112e+09
1.15387e+07,241374,4.42609e+06,1.57573e+27,8.7963e+22,1.14143e+13,4.10807,2.02562e+29,0.03468,5.34008e-05,2.30641e-14,9.32306e-69,9.28258e+15,1.467e+16,9.67769e+10,2.39527e+16,2.15657e+16,3.31073e+09
1.20387e+07,240613,4.4189e+06,1.7862e+27,9.91484e+22,1.19102e+13,4.12239,1.99304e+29,0.03468,5.28873e-05,2.22593e-14,8.62467e-69,9.23385e+15,1.46e+16,9.61495e+10,2.3834e+16,2.31761e+16,3.29991e+09
1.25387e+07,239822,4.41142e+06,2.01417e+27,1.11144e+23,1.24063e+13,4.13738,1.95965e+29,0.03468,5.23573e-05,2.14503e-14,7.95235e-69,9.18333e+15,1.45274e+16,9.54998e+10,2.37108e+16,2.48075e+16,3.28866e+09
1.30387e+07,239002,4.40364e+06,2.26023e+27,1.23961e+23,1.29025e+13,4.15303,1.92548e+29,0.03468,5.18115e-05,2.06397e-14,7.30831e-69,9.13106e+15,1.44522e+16,9.48284e+10,2.35834e+16,2.6455e+16,3.277e+09
1.35387e+07,238153,4.39558e+06,2.52498e+27,1.37604e+23,1.33989e+13,4.16935,1.89062e+29,0.03468,5.12504e-05,1.98299e-14,6.69434e-69,9.07706e+15,1.43745e+16,9.41359e+10,2.34517e+16,2.81137e+16,3.26492e+09
1.40387e+07,237275,4.38723e+06,2.809e+27,1.52078e+23,1.38955e+13,4.18635,1.85511e+29,0.03468,5.06746e-05,1.90232e-14,6.11178e-69,9.02136e+15,1.42943e+16,9.34226e+10,2.33158e+16,2.97788e+16,3.25244e+09
1.45387e+07,236369,4.3786e+06,3.11284e+27,1.67386e+23,1.43923e+13,4.20404,1.81903e+29,0.03468,5.00848e-05,1.8222e-14,5.56156e-69,8.96402e+15,1.42117e+16,9.26893e+10,2.31758e+16,3.14455e+16,3.23955e+09
1.50387e+07,235435,4.36968e+06,3.43706e+27,1.83526e+23,1.48893e+13,4.22243,1.78242e+29,0.03468,4.94817e-05,1.74283e-14,5.04425e-69,8.90505e+15,1.41267e+16,9.19365e+10,2.30318e+16,3.3109e+16,3.22627e+09
1.55387e+07,234473,4.36048e+06,3.78217e+27,2.00497e+23,1.53865e+13,4.24152,1.74535e+29,0.03468,4.88658e-05,1.66442e-14,4.56002e-69,8.8445e+15,1.40394e+16,9.11647e+10,2.2884e+16,3.47647e+16,3.21259e+09
1.60387e+07,233484,4.351e+06,4.14869e+27,2.18292e+23,1.58839e+13,4.26133,1.70789e+29,0.03468,4.82379e-05,1.58715e-14,4.10872e-69,8.78241e+15,1.39498e+16,9.03745e+10,2.27323e+16,3.64078e+16,3.19852e+09
1.65387e+07,232468,4.34124e+06,4.53713e+27,2.36906e+23,1.63816e+13,4.28185,1.67008e+29,0.03468,4.75987e-05,1.51119e-14,3.68993e-69,8.71881e+15,1.38579e+16,8.95665e+10,2.25768e+16,3.80339e+16,3.18407e+09
1.70387e+07,231426,4.33121e+06,4.94795e+27,2.56327e+23,1.68794e+13,4.30311,1.63199e+29,0.03468,4.69487e-05,1.43672e-14,3.30294e-69,8.65374e+15,1.37639e+16,8.87414e+10,2.24177e+16,3.96386e+16,3.16925e+09
1.75387e+07,230357,4.3209e+06,5.38162e+27,2.76545e+23,1.73775e+13,4.32511,1.59368e+29,0.03468,4.62887e-05,1.36387e-14,2.94683e-69,8.58725e+15,1.36677e+16,8.78997e+10,2.22551e+16,4.12175e+16,3.15406e+09
1.80387e+07,229263,4.31032e+06,5.83859e+27,2.97544e+23,1.78758e+13,4.34785,1.5552e+29,0.03468,4.56193e-05,1.29277e-14,2.62048e-69,8.51937e+15,1.35695e+16,8.70421e+10,2.2089e+16,4.27665e+16,3.1385e+09
1.85387e+07,228143,4.29948e+06,6.31929e+27,3.19311e+23,1.83744e+13,4.37136,1.51661e+29,0.03468,4.49413e-05,1.22354e-14,2.32263e-69,8.45014e+15,1.34693e+16,8.61693e+10,2.19195e+16,4.42815e+16,3.12258e+09
1.90387e+07,226999,4.28836e+06,6.82411e+27,3.41825e+23,1.88732e+13,4.39564,1.47797e+29,0.03468,4.42553e-05,1.15628e-14,2.05187e-69,8.37962e+15,1.3367e+16,8.52817e+10,2.17467e+16,4.57587e+16,3.10631e+09
1.95387e+07,225830,4.27698e+06,7.35345e+27,3.65068e+23,1.93723e+13,4.4207,1.43932e+29,0.03468,4.3562e-05,1.09109e-14,1.80674e-69,8.30782e+15,1.32629e+16,8.43801e+10,2.15708e+16,4.71944e+16,3.0897e+09
2.00387e+07,224637,4.26534e+06,7.90769e+27,3.89018e+23,1.98717e+13,4.44656,1.40073e+29,0.03468,4.2862e-05,1.02802e-14,1.58567e-69,8.23481e+15,1.3157e+16,8.34652e+10,2.13919e+16,4.85851e+16,3.07274e+09
2.05387e+07,223421,4.25344e+06,8.48717e+27,4.13652e+23,2.03713e+13,4.47323,1.36224e+29,0.03468,4.21561e-05,9.67156e-15,1.38708e-69,8.16063e+15,1.30492e+16,8.25375e+10,2.12099e+16,4.99275e+16,3.05545e+09
2.10387e+07,222181,4.24128e+06,9.09223e+27,4.38945e+23,2.08712e+13,4.50071,1.32391e+29,0.03468,4.14449e-05,9.08531e-15,1.20939e-69,8.08531e+15,1.29397e+16,8.15978e+10,2.10251e+16,5.12185e+16,3.03784e+09
2.15387e+07,220919,4.22887e+06,9.72318e+27,4.64869e+23,2.13714e+13,4.52902,1.28577e+29,0.03468,4.07291e-05,8.52182e-15,1.05101e-69,8.0089e+15,1.28285e+16,8.06467e+10,2.08375e+16,5.2455e+16,3.01991e+09
2.20387e+07,219634,4.2162e+06,1.03803e+28,4.91398e+23,2.18719e+13,4.55818,1.24788e+29,0.03468,4.00094e-05,7.98132e-15,9.10372e-70,7.93145e+15,1.27158e+16,7.96848e+10,2.06473e+16,5.36345e+16,3.00166e+09
2.25387e+07,218328,4.20328e+06,1.10639e+28,5.18502e+23,2.23727e+13,4.5882,1.21027e+29,0.03468,3.92863e-05,7.46392e-15,7.85971e-70,7.853e+15,1.26014e+16,7.87128e+10,2.04545e+16,5.47545e+16,2.98311e+09
2.30387e+07,217001,4.19012e+06,1.17742e+28,5.46151e+23,2.28738e+13,4.61909,1.173e+29,0.03468,3.85606e-05,6.96962e-15,6.76347e-70,7.77359e+15,1.24856e+16,7.77313e+10,2.02593e+16,5.58126e+16,2.96426e+09
2.35387e+07,215653,4.17671e+06,1.25115e+28,5.74313e+23,2.33752e+13,4.65087,1.1361e+29,0.03468,3.78329e-05,6.49833e-15,5.80107e-70,7.69327e+15,1.23683e+16,7.67411e+10,2.00617e+16,5.68068e+16,2.94512e+09
2.40387e+07,214285,4.16306e+06,1.32759e+28,6.02956e+23,2.38769e+13,4.68355,1.09961e+29,0.03468,3.71037e-05,6.04985e-15,4.95931e-70,7.61208e+15,1.22497e+16,7.57427e+10,1.98618e+16,5.77352e+16,2.92569e+09
2.45387e+07,212896,4.14917e+06,1.40678e+28,6.32046e+23,2.43789e+13,4.71715,1.06357e+29,0.03468,3.63738e-05,5.6239e-15,4.22582e-70,7.53007e+15,1.21297e+16,7.47369e+10,1.96598e+16,5.85964e+16,2.90599e+09
2.50387e+07,211489,4.13504e+06,1.48871e+28,6.61551e+23,2.48813e+13,4.75168,1.028e+29,0.03468,3.56438e-05,5.22012e-15,3.58903e-70,7.44728e+15,1.20085e+16,7.37242e+10,1.94558e+16,5.93889e+16,2.88601e+09
2.55387e+07,210063,4.12068e+06,1.57341e+28,6.91434e+23,2.5384e+13,4.78716,9.92948e+28,0.03468,3.49141e-05,4.8381e-15,3.03822e-70,7.36377e+15,1.18861e+16,7.27054e+10,1.92499e+16,6.01116e+16,2.86577e+09
2.60387e+07,208618,4.10609e+06,1.6609e+28,7.21661e+23,2.58871e+13,4.82362,9.58434e+28,0.03468,3.41855e-05,4.47733e-15,2.56353e-70,7.27956e+15,1.17625e+16,7.1681e+10,1.90422e+16,6.07635e+16,2.84528e+09
2.65387e+07,207156,4.09127e+06,1.75118e+28,7.52197e+23,2.63905e+13,4.86105,9.24489e+28,0.03468,3.34584e-05,4.13728e-15,2.15592e-70,7.19472e+15,1.16379e+16,7.06517e+10,1.88327e+16,6.13441e+16,2.82454e+09
2.70387e+07,205676,4.07622e+06,1.84426e+28,7.83005e+23,2.68942e+13,4.8995,8.91138e+28,0.03468,3.27335e-05,3.81734e-15,1.8072e-70,7.10927e+15,1.15123e+16,6.96182e+10,1.86217e+16,6.18527e+16,2.80355e+09
2.75387e+07,204180,4.06096e+06,1.94016e+28,8.14049e+23,2.73983e+13,4.93896,8.58404e+28,0.03468,3.20112e-05,3.51688e-15,1.50992e-70,7.02328e+15,1.13858e+16,6.8581e+10,1.84091e+16,6.22892e+16,2.78234e+09
2.80387e+07,202667,4.04547e+06,2.03887e+28,8.45294e+23,2.79028e+13,4.97947,8.26309e+28,0.03468,3.12921e-05,3.23524e-15,1.25742e-70,6.93677e+15,1.12583e+16,6.75408e+10,1.81951e+16,6.26534e+16,2.7609e+09
2.85387e+07,201139,4.02977e+06,2.1404e+28,8.76703e+23,2.84077e+13,5.02104,7.94871e+28,0.03468,3.05767e-05,2.9717e-15,1.04372e-70,6.84981e+15,1.113e+16,6.64981e+10,1.79799e+16,6.29457e+16,2.73924e+09
2.90387e+07,199595,4.01385e+06,2.24475e+28,9.0824e+23,2.89129e+13,5.06369,7.64107e+28,0.03468,2.98655e-05,2.72556e-15,0,6.76242e+15,1.1001e+16,6.54537e+10,1.77635e+16,6.31663e+16,2.71737e+09
2.95387e+07,198037,3.99772e+06,2.35192e+28,9.3987e+23,2.94185e+13,5.10745,7.34034e+28,0.03468,2.9159e-05,2.49607e-15,0,6.67466e+15,1.08712e+16,6.44081e+10,1.7546e+16,6.33157e+16,2.69529e+09
3.00387e+07,196465,3.98139e+06,2.46191e+28,9.71558e+23,2.99246e+13,5.15234,7.04663e+28,0.03468,2.84576e-05,2.28249e-15,0,6.58656e+15,1.07409e+16,6.33618e+10,1.73275e+16,6.33949e+16,2.67302e+09
3.05387e+07,194878,3.96485e+06,2.57471e+28,1.00327e+24,3.0431e+13,5.19838,6.76006e+28,0.03468,2.77617e-05,2.08407e-15,0,6.49817e+15,1.06099e+16,6.23155e+10,1.71081e+16,6.34046e+16,2.65056e+09
3.10387e+07,193279,3.94811e+06,2.69032e+28,1.03496e+24,3.09378e+13,5.24558,6.48072e+28,0.03468,2.70718e-05,1.90006e-15,0,6.40954e+15,1.04784e+16,6.12698e+10,1.6888e+16,6.3346e+16,2.62793e+09
3.15387e+07,191667,3.93117e+06,2.80873e+28,1.06662e+24,3.1445e+13,5.29399,6.20869e+28,0.03468,2.63883e-05,1.72971e-15,0,6.3207e+15,1.03464e+16,6.02251e+10,1.66672e+16,6.32203e+16,2.60511e+09
3.20387e+07,190043,3.91404e+06,2.92992e+28,1.09819e+24,3.19527e+13,5.34362,5.94402e+28,0.03468,2.57115e-05,1.57228e-15,0,6.23169e+15,1.02141e+16,5.9182e+10,1.64458e+16,6.30291e+16,2.58214e+09
3.25387e+07,188408,3.89671e+06,3.05389e+28,1.12965e+24,3.24608e+13,5.3945,5.68675e+28,0.03468,2.5042e-05,1.42704e-15,0,6.14257e+15,1.00813e+16,5.81411e+10,1.6224e+16,6.27737e+16,2.55901e+09
3.30387e+07,186761,3.8792e+06,3.18062e+28,1.16097e+24,3.29693e+13,5.44665,5.43691e+28,0.03468,2.43799e-05,1.29329e-15,0,6.05336e+15,9.94831e+15,5.71029e+10,1.60017e+16,6.2456e+16,2.53572e+09
3.35387e+07,185104,3.8615e+06,3.31009e+28,1.19211e+24,3.34782e+13,5.5001,5.19449e+28,0.03468,2.37256e-05,1.17032e-15,0,5.96411e+15,9.81506e+15,5.60679e+10,1.57792e+16,6.20777e+16,2.5123e+09
3.40387e+07,183437,3.84362e+06,3.44229e+28,1.22305e+24,3.39876e+13,5.55489,4.9595e+28,0.03468,2.30794e-05,1.05746e-15,0,5.87486e+15,9.68163e+15,5.50367e+10,1.55565e+16,6.16409e+16,2.48874e+09
3.45387e+07,181761,3.82556e+06,3.5772e+28,1.25376e+24,3.44974e+13,5.61103,4.73191e+28,0.03468,2.24417e-05,9.54057e-16,0,5.78564e+15,9.54807e+15,5.40096e+10,1.53338e+16,6.11475e+16,2.46505e+09
3.50387e+07,180075,3.80733e+06,3.71479e+28,1.2842e+24,3.50076e+13,5.66857,4.51168e+28,0.03468,2.18128e-05,8.59479e-16,0,5.6965e+15,9.41444e+15,5.29872e+10,1.5111e+16,6.05997e+16,2.44125e+09
3.55387e+07,178381,3.78892e+06,3.85505e+28,1.31436e+24,3.55184e+13,5.72752,4.29876e+28,0.03468,2.11927e-05,7.73119e-16,0,5.60748e+15,9.2808e+15,5.19699e+10,1.48883e+16,5.99998e+16,2.41733e+09
3.60387e+07,176680,3.77034e+06,3.99793e+28,1.34421e+24,3.60295e+13,5.78793,4.09309e+28,0.03468,2.05819e-05,6.94397e-16,0,5.5186e+15,9.14719e+15,5.09582e+10,1.46658e+16,5.935e+16,2.39331e+09
3.65387e+07,174970,3.7516e+06,4.14343e+28,1.37372e+24,3.65412e+13,5.84982,3.8946e+28,0.03468,1.99806e-05,6.22758e-16,0,5.42991e+15,9.01367e+15,4.99525e+10,1.44436e+16,5.86528e+16,2.36919e+09
3.70387e+07,173254,3.7327e+06,4.29151e+28,1.40287e+24,3.70533e+13,5.91323,3.70321e+28,0.03468,1.93888e-05,5.57674e-16,0,5.34144e+15,8.8803e+15,4.89533e+10,1.42218e+16,5.79105e+16,2.34498e+09
3.75387e+07,171532,3.71364e+06,4.44214e+28,1.43164e+24,3.75659e+13,5.97819,3.51881e+28,0.03468,1.88069e-05,4.98644e-16,0,5.25323e+15,8.74711e+15,4.79609e+10,1.40004e+16,5.71256e+16,2.32069e+09
3.80387e+07,169803,3.69442e+06,4.59529e+28,1.46e+24,3.8079e+13,6.04474,3.3413e+28,0.03468,1.8235e-05,4.45195e-16,0,5.1653e+15,8.61416e+15,4.69757e+10,1.37795e+16,5.63007e+16,2.29632e+09
3.85387e+07,168070,3.67505e+06,4.75092e+28,1.48795e+24,3.85926e+13,6.11293,3.17058e+28,0.03468,1.76732e-05,3.96879e-16,0,5.07771e+15,8.4815e+15,4.59982e+10,1.35593e+16,5.54383e+16,2.27189e+09
3.90387e+07,166331,3.65553e+06,4.90901e+28,1.51545e+24,3.91066e+13,6.18277,3.00652e+28,0.03468,1.71218e-05,3.53276e-16,0,4.99047e+15,8.34918e+15,4.50287e+10,1.33397e+16,5.4541e+16,2.24739e+09
3.95387e+07,164588,3.63586e+06,5.0695e+28,1.5425e+24,3.96212e+13,6.25432,2.849e+28,0.03468,1.65807e-05,3.13993e-16,0,4.90361e+15,8.21725e+15,4.40675e+10,1.31209e+16,5.36113e+16,2.22285e+09
4.00387e+07,162841,3.61605e+06,5.23238e+28,1.56907e+24,4.01363e+13,6.32762,2.69788e+28,0.03468,1.60501e-05,2.78658e-16,0,4.81718e+15,8.08574e+15,4.3115e+10,1.2903e+16,5.26519e+16,2.19825e+09
4.05387e+07,161091,3.5961e+06,5.39758e+28,1.59516e+24,4.06519e+13,6.40271,2.55303e+28,0.03468,1.55302e-05,2.46929e-16,0,4.7312e+15,7.95471e+15,4.21715e+10,1.2686e+16,5.16652e+16,2.17362e+09
4.10387e+07,159338,3.57602e+06,5.56509e+28,1.62075e+24,4.1168e+13,6.47962,2.41429e+28,0.03468,1.50209e-05,2.18483e-16,0,4.6457e+15,7.8242e+15,4.12373e+10,1.24699e+16,5.06538e+16,2.14896e+09
4.15387e+07,157582,3.5558e+06,5.73484e+28,1.64583e+24,4.16846e+13,6.55842,2.28152e+28,0.03468,1.45223e-05,1.93024e-16,0,4.5607e+15,7.69425e+15,4.03127e+10,1.2255e+16,4.96203e+16,2.12427e+09
4.20387e+07,155825,3.53546e+06,5.90681e+28,1.67038e+24,4.22017e+13,6.63913,2.15457e+28,0.03468,1.40345e-05,1.70275e-16,0,4.47624e+15,7.5649e+15,3.9398e+10,1.20412e+16,4.85671e+16,2.09956e+09
4.25387e+07,154066,3.51499e+06,6.08094e+28,1.69441e+24,4.27194e+13,6.72182,2.03329e+28,0.03468,1.35575e-05,1.4998e-16,0,4.39234e+15,7.4362e+15,3.84934e+10,1.18286e+16,4.74967e+16,2.07484e+09
4.30387e+07,152306,3.4944e+06,6.25718e+28,1.71789e+24,4.32376e+13,6.80652,1.91751e+28,0.03468,1.30913e-05,1.31906e-16,0,4.30903e+15,7.30819e+15,3.75992e+10,1.16173e+16,4.64116e+16,2.05012e+09
4.35387e+07,150545,3.47368e+06,6.4355e+28,1.74083e+24,4.37563e+13,6.89329,1.80708e+28,0.03468,1.26359e-05,1.15834e-16,0,4.22634e+15,7.18089e+15,3.67157e+10,1.14073e+16,4.53141e+16,2.02539e+09
4.40387e+07,148785,3.45286e+06,6.61584e+28,1.76322e+24,4.42756e+13,6.98219,1.70183e+28,0.03468,1.21913e-05,1.01567e-16,0,4.14428e+15,7.05436e+15,3.5843e+10,1.11987e+16,4.42065e+16,2.00068e+09
4.45387e+07,147024,3.43192e+06,6.79815e+28,1.78505e+24,4.47955e+13,7.07326,1.60161e+28,0.03468,1.17574e-05,8.89225e-17,0,4.06288e+15,6.92862e+15,3.49814e+10,1.09915e+16,4.3091e+16,1.97598e+09
4.50387e+07,145265,3.41087e+06,6.98238e+28,1.80632e+24,4.53159e+13,7.16656,1.50624e+28,0.03468,1.13343e-05,7.77343e-17,0,3.98216e+15,6.80371e+15,3.41311e+10,1.07859e+16,4.19699e+16,1.9513e+09
4.55387e+07,143506,3.38971e+06,7.16848e+28,1.82703e+24,4.58368e+13,7.26216,1.41557e+28,0.03468,1.09219e-05,6.78507e-17,0,3.90215e+15,6.67967e+15,3.32922e+10,1.05819e+16,4.08453e+16,1.92665e+09
4.60387e+07,141750,3.36846e+06,7.3564e+28,1.84718e+24,4.63583e+13,7.3601,1.32944e+28,0.03468,1.05201e-05,5.91339e-17,0,3.82287e+15,6.55653e+15,3.24649e+10,1.03794e+16,3.97192e+16,1.90203e+09
4.65387e+07,139995,3.3471e+06,7.54608e+28,1.86677e+24,4.68804e+13,7.46045,1.24768e+28,0.03468,1.01289e-05,5.14587e-17,0,3.74433e+15,6.43431e+15,3.16493e+10,1.01787e+16,3.85936e+16,1.87745e+09
4.70387e+07,138243,3.32565e+06,7.73747e+28,1.88579e+24,4.74031e+13,7.56328,1.17014e+28,0.03468,9.74819e-06,4.47115e-17,0,3.66655e+15,6.31306e+15,3.08457e+10,9.97964e+15,3.74704e+16,1.85291e+09
4.75387e+07,136494,3.3041e+06,7.93051e+28,1.90425e+24,4.79263e+13,7.66864,1.09665e+28,0.03468,9.37784e-06,3.87897e-17,0,3.58956e+15,6.1928e+15,3.00541e+10,9.78239e+15,3.63514e+16,1.82843e+09
4.80387e+07,134748,3.28247e+06,8.12515e+28,1.92215e+24,4.84501e+13,7.77661,1.02706e+28,0.03468,9.01779e-06,3.36009e-17,0,3.51336e+15,6.07356e+15,2.92746e+10,9.58695e+15,3.52383e+16,1.80401e+09
4.85387e+07,133006,3.26075e+06,8.32133e+28,1.9395e+24,4.89745e+13,7.88726,9.61211e+27,0.03468,8.66792e-06,2.90616e-17,0,3.43798e+15,5.95537e+15,2.85074e+10,9.39338e+15,3.41329e+16,1.77964e+09
4.90387e+07,131268,3.23894e+06,8.51898e+28,1.9563e+24,4.94995e+13,8.00066,8.98956e+27,0.03468,8.32813e-06,2.50971e-17,0,3.36344e+15,5.83825e+15,2.77526e+10,9.20171e+15,3.30365e+16,1.75535e+09
4.95387e+07,129534,3.21706e+06,8.71806e+28,1.97255e+24,5.0025e+13,8.11688,8.40144e+27,0.03468,7.99829e-06,2.16402e-17,0,3.28973e+15,5.72223e+15,2.70101e+10,9.01199e+15,3.19508e+16,1.73113e+09
5.00387e+07,127806,3.1951e+06,8.91851e+28,1.98826e+24,5.05512e+13,8.236,7.84629e+27,0.03468,7.67828e-06,1.86307e-17,0,3.21689e+15,5.60732e+15,2.62801e+10,8.82424e+15,3.08771e+16,1.70699e+09
5.05387e+07,126083,3.17307e+06,9.12025e+28,2.00344e+24,5.1078e+13,8.3581,7.32266e+27,0.03468,7.36795e-06,1.6015e-17,0,3.14492e+15,5.49357e+15,2.55627e+10,8.63851e+15,2.98167e+16,1.68293e+09
5.10387e+07,124365,3.15096e+06,9.32324e+28,2.01809e+24,5.16054e+13,8.48327,6.82915e+27,0.03468,7.06717e-06,1.37454e-17,0,3.07384e+15,5.38098e+15,2.48578e+10,8.45484e+15,2.87708e+16,1.65896e+09
5.15387e+07,122653,3.12879e+06,9.52742e+28,2.03223e+24,5.21333e+13,8.61158,6.36441e+27,0.03468,6.77579e-06,1.17791e-17,0,3.00365e+15,5.26957e+15,2.41655e+10,8.27324e+15,2.77406e+16,1.63509e+09
5.20387e+07,120948,3.10656e+06,9.73271e+28,2.04585e+24,5.26619e+13,8.74313,5.92709e+27,0.03468,6.49366e-06,1.00784e-17,0,2.93436e+15,5.15937e+15,2.34859e+10,8.09376e+15,2.6727e+16,1.61132e+09
5.25387e+07,119249,3.08426e+06,9.93906e+28,2.05897e+24,5.31911e+13,8.878,5.5159e+27,0.03468,6.22063e-06,8.60994e-18,0,2.86599e+15,5.0504e+15,2.28189e+10,7.91642e+15,2.5731e+16,1.58765e+09
5.30387e+07,117557,3.06191e+06,1.01464e+29,2.07159e+24,5.3721e+13,9.0163,5.12958e+27,0.03468,5.95652e-06,7.34395e-18,0,2.79855e+15,4.94267e+15,2.21645e+10,7.74124e+15,2.47535e+16,1.56409e+09
5.35387e+07,115873,3.0395e+06,1.03547e+29,2.08373e+24,5.42514e+13,9.15811,4.76692e+27,0.03468,5.70118e-06,6.25432e-18,0,2.73204e+15,4.83619e+15,2.15228e+10,7.56825e+15,2.37953e+16,1.54064e+09
5.40387e+07,114196,3.01704e+06,1.05638e+29,2.0954e+24,5.47825e+13,9.30354,4.42673e+27,0.03468,5.45444e-06,5.31802e-18,0,2.66647e+15,4.73099e+15,2.08936e+10,7.39748e+15,2.28571e+16,1.51731e+09
5.45387e+07,112527,2.99453e+06,1.07738e+29,2.1066e+24,5.53142e+13,9.4527,4.10787e+27,0.03468,5.21612e-06,4.51479e-18,0,2.60184e+15,4.62708e+15,2.0277e+10,7.22894e+15,2.19394e+16,1.49411e+09
5.50387e+07,110867,2.97198e+06,1.09845e+29,2.11735e+24,5.58466e+13,9.60569,3.80923e+27,0.03468,4.98606e-06,3.82685e-18,0,2.53817e+15,4.52446e+15,1.9673e+10,7.06265e+15,2.10429e+16,1.47103e+09
5.55387e+07,109215,2.94938e+06,1.11959e+29,2.12766e+24,5.63796e+13,9.76262,3.52976e+27,0.03468,4.76408e-06,3.23861e-18,0,2.47545e+15,4.42316e+15,1.90815e+10,6.89863e+15,2.0168e+16,1.44808e+09
5.60387e+07,107572,2.92674e+06,1.14079e+29,2.13753e+24,5.69132e+13,9.92361,3.26842e+27,0.03468,4.55e-06,2.73644e-18,0,2.41369e+15,4.32318e+15,1.85024e+10,6.73689e+15,1.9315e+16,1.42527e+09
5.65387e+07,105938,2.90407e+06,1.16205e+29,2.14699e+24,5.74474e+13,10.0888,3.02423e+27,0.03468,4.34364e-06,2.30847e-18,0,2.3529e+15,4.22453e+15,1.79356e+10,6.57745e+15,1.84845e+16,1.4026e+09
5.70387e+07,104313,2.88136e+06,1.18335e+29,2.15603e+24,5.79823e+13,10.2582,2.79625e+27,0.03468,4.14482e-06,1.94433e-18,0,2.29308e+15,4.12723e+15,1.73812e+10,6.42032e+15,1.76765e+16,1.38007e+09
5.75387e+07,102699,2.85862e+06,1.2047e+29,2.16467e+24,5.85179e+13,10.4322,2.58357e+27,0.03468,3.95336e-06,1.635e-18,0,2.23422e+15,4.03127e+15,1.6839e+10,6.26551e+15,1.68912e+16,1.35769e+09
5.80387e+07,101094,2.83585e+06,1.22609e+29,2.17293e+24,5.90541e+13,10.6106,2.38531e+27,0.03468,3.76908e-06,1.37268e-18,0,2.17634e+15,3.93667e+15,1.63089e+10,6.11303e+15,1.61289e+16,1.33545e+09
5.85387e+07,99499.4,2.81306e+06,1.2475e+29,2.18081e+24,5.9591e+13,10.7938,2.20065e+27,0.03468,3.5918e-06,1.15059e-18,0,2.11943e+15,3.84344e+15,1.57909e+10,5.96288e+15,1.53896e+16,1.31337e+09
5.90387e+07,97915.3,2.79024e+06,1.26894e+29,2.18833e+24,6.01285e+13,10.9818,2.02878e+27,0.03468,3.42133e-06,9.62875e-19,0,2.06349e+15,3.75157e+15,1.52848e+10,5.81508e+15,1.46733e+16,1.29145e+09
5.95387e+07,96341.9,2.76741e+06,1.2904e+29,2.1955e+24,6.06667e+13,11.1748,1.86894e+27,0.03468,3.2575e-06,8.04475e-19,0,2.00852e+15,3.66108e+15,1.47905e+10,5.66961e+15,1.398e+16,1.26969e+09
6.00387e+07,94779.4,2.74456e+06,1.31187e+29,2.20232e+24,6.12055e+13,11.373,1.72042e+27,0.03468,3.10011e-06,6.71037e-19,0,1.95453e+15,3.57196e+15,1.4308e+10,5.5265e+15,1.33096e+16,1.24809e+09
6.05387e+07,93228.1,2.72169e+06,1.33334e+29,2.20882e+24,6.1745e+13,11.5764,1.58251e+27,0.03468,2.94901e-06,5.58816e-19,0,1.9015e+15,3.48422e+15,1.3837e+10,5.38573e+15,1.26619e+16,1.22666e+09
6.10387e+07,91688.1,2.69881e+06,1.35481e+29,2.21499e+24,6.22852e+13,11.7854,1.45457e+27,0.03468,2.80399e-06,4.64597e-19,0,1.84944e+15,3.39786e+15,1.33776e+10,5.24732e+15,1.20368e+16,1.2054e+09
6.15387e+07,90159.8,2.67592e+06,1.37627e+29,2.22086e+24,6.2826e+13,11.9999,1.33596e+27,0.03468,2.6649e-06,3.85626e-19,0,1.79834e+15,3.31288e+15,1.29295e+10,5.11124e+15,1.14341e+16,1.18431e+09
6.20387e+07,88643.2,2.65302e+06,1.39772e+29,2.22644e+24,6.33675e+13,12.2203,1.22609e+27,0.03468,2.53155e-06,3.19547e-19,0,1.74821e+15,3.22929e+15,1.24927e+10,4.97751e+15,1.08534e+16,1.16339e+09
6.25387e+07,87138.5,2.63012e+06,1.41915e+29,2.23173e+24,6.39097e+13,12.4468,1.1244e+27,0.03468,2.40376e-06,2.64349e-19,0,1.69903e+15,3.14708e+15,1.20669e+10,4.84612e+15,1.02946e+16,1.14265e+09
6.30387e+07,85646.1,2.60722e+06,1.44056e+29,2.23674e+24,6.44526e+13,12.6794,1.03036e+27,0.03468,2.28137e-06,2.1832e-19,0,1.65081e+15,3.06624e+15,1.16521e+10,4.71706e+15,9.75726e+15,1.1221e+09
6.35387e+07,84165.9,2.58432e+06,1.46193e+29,2.24149e+24,6.49961e+13,12.9184,9.4345e+26,0.03468,2.16421e-06,1.80002e-19,0,1.60354e+15,2.98678e+15,1.1248e+10,4.59033e+15,9.24107e+15,1.10172e+09
6.40387e+07,82698.3,2.56143e+06,1.48327e+29,2.24599e+24,6.55403e+13,13.164,8.63206e+26,0.03468,2.0521e-06,1.48158e-19,0,1.55721e+15,2.9087e+15,1.08547e+10,4.46592e+15,8.74563e+15,1.08153e+09
6.45387e+07,81243.3,2.53853e+06,1.50456e+29,2.25024e+24,6.60852e+13,13.4164,7.89172e+26,0.03468,1.94489e-06,1.2174e-19,0,1.51181e+15,2.83199e+15,1.04718e+10,4.34381e+15,8.27055e+15,1.06153e+09
6.50387e+07,79801.2,2.51565e+06,1.5258e+29,2.25427e+24,6.66308e+13,13.6759,7.20924e+26,0.03468,1.84241e-06,9.9861e-20,0,1.46735e+15,2.75664e+15,1.00993e+10,4.224e+15,7.81538e+15,1.04171e+09
6.55387e+07,78372,2.49278e+06,1.54699e+29,2.25807e+24,6.7177e+13,13.9426,6.5806e+26,0.03468,1.74451e-06,8.17733e-20,0,1.42381e+15,2.68266e+15,9.73702e+09,4.10648e+15,7.3797e+15,1.02209e+09
6.60387e+07,76955.9,2.46992e+06,1.56811e+29,2.26165e+24,6.7724e+13,14.2169,6.00203e+26,0.03468,1.65101e-06,6.68458e-20,0,1.38119e+15,2.61003e+15,9.38474e+09,3.99123e+15,6.96304e+15,1.00266e+09
6.65387e+07,75553.1,2.44708e+06,1.58917e+29,2.26504e+24,6.82716e+13,14.4989,5.46996e+26,0.03468,1.56177e-06,5.45481e-20,0,1.33949e+15,2.53875e+15,9.04233e+09,3.87825e+15,6.56492e+15,9.83421e+08
6.70387e+07,74163.6,2.42425e+06,1.61016e+29,2.26823e+24,6.88199e+13,14.789,4.98107e+26,0.03468,1.47665e-06,4.44348e-20,0,1.29868e+15,2.46882e+15,8.70964e+09,3.76751e+15,6.18485e+15,9.6438e+08
6.75387e+07,72787.7,2.40144e+06,1.63106e+29,2.27123e+24,6.93689e+13,15.0873,4.53222e+26,0.03468,1.39548e-06,3.61326e-20,0,1.25877e+15,2.40022e+15,8.38648e+09,3.659e+15,5.82233e+15,9.45536e+08
6.80387e+07,71425.3,2.37866e+06,1.65189e+29,2.27405e+24,6.99186e+13,15.3943,4.12046e+26,0.03468,1.31813e-06,2.93294e-20,0,1.21975e+15,2.33295e+15,8.0727e+09,3.55271e+15,5.47686e+15,9.26892e+08
6.85387e+07,70076.7,2.3559e+06,1.67262e+29,2.27671e+24,7.04689e+13,15.7101,3.74306e+26,0.03468,1.24445e-06,2.37646e-20,0,1.18161e+15,2.267e+15,7.76813e+09,3.44861e+15,5.14791e+15,9.08448e+08
6.90387e+07,68741.9,2.33316e+06,1.69327e+29,2.27921e+24,7.102e+13,16.0351,3.39742e+26,0.03468,1.1743e-06,1.9221e-20,0,1.14434e+15,2.20235e+15,7.4726e+09,3.3467e+15,4.83499e+15,8.90206e+08
6.95387e+07,67421,2.31046e+06,1.71381e+29,2.28155e+24,7.15717e+13,16.3696,3.08114e+26,0.03468,1.10755e-06,1.55178e-20,0,1.10792e+15,2.13901e+15,7.18593e+09,3.24695e+15,4.53756e+15,8.72167e+08
7.00387e+07,66114.1,2.28778e+06,1.73424e+29,2.28375e+24,7.21242e+13,16.714,2.79197e+26,0.03468,1.04407e-06,1.25052e-20,0,1.07236e+15,2.07697e+15,6.90796e+09,3.14933e+15,4.2551e+15,8.54331e+08
7.05387e+07,64821.2,2.26514e+06,1.75457e+29,2.28581e+24,7.26773e+13,17.0685,2.52782e+26,0.03468,9.83726e-07,1.00589e-20,0,1.03764e+15,2.0162e+15,6.63852e+09,3.05385e+15,3.98709e+15,8.36701e+08
7.10387e+07,63542.6,2.24253e+06,1.77479e+29,2.28774e+24,7.32311e+13,17.4335,2.28671e+26,0.03468,9.26394e-07,8.07619e-21,0,1.00375e+15,1.9567e+15,6.37742e+09,2.96046e+15,3.73302e+15,8.19276e+08
7.15387e+07,62278.1,2.21996e+06,1.79488e+29,2.28955e+24,7.37856e+13,17.8095,2.06683e+26,0.03468,8.71952e-07,6.47213e-21,0,9.70683e+14,1.89846e+15,6.12451e+09,2.86915e+15,3.49237e+15,8.02057e+08
7.20387e+07,61027.9,2.19743e+06,1.81485e+29,2.29124e+24,7.43408e+13,18.1968,1.86649e+26,0.03468,8.20281e-07,5.17688e-21,0,9.38425e+14,1.84147e+15,5.87961e+09,2.7799e+15,3.26462e+15,7.85046e+08
7.25387e+07,59792.1,2.17493e+06,1.83469e+29,2.29282e+24,7.48967e+13,18.5958,1.6841e+26,0.03468,7.71266e-07,4.13297e-21,0,9.06967e+14,1.78571e+15,5.64254e+09,2.69268e+15,3.04928e+15,7.68243e+08
7.30387e+07,58570.7,2.15248e+06,1.85439e+29,2.29429e+24,7.54533e+13,19.007,1.5182e+26,0.03468,7.24795e-07,3.29323e-21,0,8.76298e+14,1.73117e+15,5.41314e+09,2.60748e+15,2.84585e+15,7.51648e+08
7.35387e+07,57363.7,2.13008e+06,1.87396e+29,2.29567e+24,7.60105e+13,19.4307,1.36743e+26,0.03468,6.80759e-07,2.61902e-21,0,8.46408e+14,1.67785e+15,5.19123e+09,2.52426e+15,2.65382e+15,7.35262e+08
7.40387e+07,56171.1,2.10771e+06,1.89339e+29,2.29695e+24,7.65684e+13,19.8675,1.23053e+26,0.03468,6.39052e-07,2.07878e-21,0,8.17286e+14,1.62572e+15,4.97665e+09,2.44301e+15,2.47273e+15,7.19085e+08
7.45387e+07,54993.1,2.0854e+06,1.91267e+29,2.29814e+24,7.71271e+13,20.3179,1.10634e+26,0.03468,5.99573e-07,1.64672e-21,0,7.88919e+14,1.57477e+15,4.76923e+09,2.3637e+15,2.3021e+15,7.03117e+08
7.50387e+07,53829.6,2.06314e+06,1.93179e+29,2.29925e+24,7.76864e+13,20.7823,9.93782e+25,0.03468,5.62223e-07,1.30186e-21,0,7.61297e+14,1.525e+15,4.56879e+09,2.2863e+15,2.14146e+15,6.87359e+08
7.55387e+07,52680.7,2.04092e+06,1.95077e+29,2.30029e+24,7.82464e+13,21.2613,8.91853e+25,0.03468,5.26906e-07,1.02716e-21,0,7.34409e+14,1.47638e+15,4.37518e+09,2.21079e+15,1.99037e+15,6.71811e+08
7.60387e+07,51546.4,2.01876e+06,1.96958e+29,2.30125e+24,7.8807e+13,21.7554,7.99636e+25,0.03468,4.9353e-07,8.08772e-22,0,7.08242e+14,1.42891e+15,4.18822e+09,2.13715e+15,1.84838e+15,6.56473e+08
7.65387e+07,50426.6,1.99665e+06,1.98823e+29,2.30214e+24,7.93684e+13,22.2653,7.16281e+25,0.03468,4.62004e-07,6.35511e-22,0,6.82786e+14,1.38256e+15,4.00775e+09,2.06535e+15,1.71505e+15,6.41344e+08
7.70387e+07,49321.4,1.9746e+06,2.00671e+29,2.30296e+24,7.99304e+13,22.7915,6.41007e+25,0.03468,4.32244e-07,4.98331e-22,0,6.58028e+14,1.33732e+15,3.83361e+09,1.99535e+15,1.58998e+15,6.26426e+08
7.75387e+07,48230.8,1.95261e+06,2.02502e+29,2.30373e+24,8.04931e+13,23.3346,5.73094e+25,0.03468,4.04166e-07,3.89943e-22,0,6.33957e+14,1.29318e+15,3.66564e+09,1.92714e+15,1.47276e+15,6.11717e+08
7.80387e+07,47154.8,1.93067e+06,2.04316e+29,2.30444e+24,8.10565e+13,23.8954,5.1188e+25,0.03468,3.7769e-07,3.04483e-22,0,6.10561e+14,1.25013e+15,3.50367e+09,1.86069e+15,1.36299e+15,5.97217e+08
7.85387e+07,46093.4,1.9088e+06,2.06112e+29,2.3051e+24,8.16205e+13,24.4746,4.56756e+25,0.03468,3.52738e-07,2.37242e-22,0,5.87827e+14,1.20814e+15,3.34756e+09,1.79598e+15,1.26029e+15,5.82926e+08
7.90387e+07,45046.6,1.88698e+06,2.0789e+29,2.3057e+24,8.21852e+13,25.0728,4.07164e+25,0.03468,3.29237e-07,1.8445e-22,0,5.65746e+14,1.16721e+15,3.19713e+09,1.73296e+15,1.16429e+15,5.68844e+08
7.95387e+07,44014.3,1.86523e+06,2.0965e+29,2.30626e+24,8.27506e+13,25.6908,3.62593e+25,0.03468,3.07114e-07,1.43091e-22,0,5.44303e+14,1.12732e+15,3.05225e+09,1.67162e+15,1.07463e+15,5.54971e+08
8.00387e+07,42996.5,1.84354e+06,2.1139e+29,2.30678e+24,8.33167e+13,26.3295,3.22573e+25,0.03468,2.86301e-07,1.10759e-22,0,5.23488e+14,1.08845e+15,2.91275e+09,1.61194e+15,9.90983e+14,5.41305e+08
8.05387e+07,41993.2,1.82192e+06,2.13112e+29,2.30725e+24,8.38834e+13,26.9896,2.86674e+25,0.03468,2.66732e-07,8.55392e-23,0,5.03289e+14,1.05058e+15,2.7785e+09,1.55387e+15,9.13006e+14,5.27846e+08
8.10387e+07,41004.5,1.80037e+06,2.14814e+29,2.30769e+24,8.44507e+13,27.6721,2.54506e+25,0.03468,2.48343e-07,6.59117e-23,0,4.83693e+14,1.01371e+15,2.64933e+09,1.4974e+15,8.40385e+14,5.14594e+08
8.15387e+07,40030.1,1.77888e+06,2.16497e+29,2.3081e+24,8.50187e+13,28.378,2.25709e+25,0.03468,2.31074e-07,5.06706e-23,0,4.64689e+14,9.7781e+14,2.5251e+09,1.4425e+15,7.72815e+14,5.01548e+08
8.20387e+07,39070.1,1.75747e+06,2.1816e+29,2.30847e+24,8.55874e+13,29.1081,1.99956e+25,0.03468,2.14866e-07,3.88627e-23,0,4.46265e+14,9.42871e+14,2.40568e+09,1.38914e+15,7.10004e+14,4.88707e+08
8.25387e+07,38124.5,1.73612e+06,2.19803e+29,2.30881e+24,8.61567e+13,29.8635,1.76949e+25,0.03468,1.99663e-07,2.97357e-23,0,4.2841e+14,9.08876e+14,2.29091e+09,1.33729e+15,6.51671e+14,4.76071e+08
8.30387e+07,37193.2,1.71484e+06,2.21425e+29,2.30912e+24,8.67266e+13,30.6453,1.56417e+25,0.03468,1.85413e-07,2.26975e-23,0,4.1111e+14,8.75809e+14,2.18067e+09,1.28692e+15,5.9755e+14,4.63638e+08
8.35387e+07,36276.2,1.69364e+06,2.23027e+29,2.30941e+24,8.72972e+13,31.4546,1.38114e+25,0.03468,1.72062e-07,1.7283e-23,0,3.94355e+14,8.43654e+14,2.07481e+09,1.23801e+15,5.47384e+14,4.51408e+08
8.40387e+07,35373.4,1.67252e+06,2.24607e+29,2.30967e+24,8.78684e+13,32.2927,1.21814e+25,0.03468,1.59563e-07,1.31275e-23,0,3.78134e+14,8.12394e+14,1.9732e+09,1.19053e+15,5.00931e+14,4.3938e+08
8.45387e+07,34484.7,1.65146e+06,2.26167e+29,2.30991e+24,8.84402e+13,33.1607,1.07315e+25,0.03468,1.47869e-07,9.94611e-24,0,3.62434e+14,7.82015e+14,1.87571e+09,1.14445e+15,4.57956e+14,4.27553e+08
8.50387e+07,33610.1,1.63049e+06,2.27705e+29,2.31013e+24,8.90127e+13,34.0601,9.44315e+24,0.03468,1.36934e-07,7.51651e-24,0,3.47243e+14,7.52501e+14,1.78221e+09,1.09975e+15,4.1824e+14,4.15925e+08
8.55387e+07,32749.5,1.60959e+06,2.29222e+29,2.31033e+24,8.95857e+13,34.9921,8.29962e+24,0.03468,1.26717e-07,5.66569e-24,0,3.32552e+14,7.23834e+14,1.69257e+09,1.05639e+15,3.81572e+14,4.04497e+08
8.60387e+07,31902.9,1.58876e+06,2.30718e+29,2.31051e+24,9.01594e+13,35.9583,7.28579e+24,0.03468,1.17177e-07,4.25938e-24,0,3.18347e+14,6.96e+14,1.60667e+09,1.01435e+15,3.47752e+14,3.93266e+08
8.65387e+07,31070.1,1.56802e+06,2.32191e+29,2.31068e+24,9.07337e+13,36.9603,6.38799e+24,0.03468,1.08274e-07,3.19357e-24,0,3.04619e+14,6.68982e+14,1.52439e+09,9.73603e+14,3.1659e+14,3.82231e+08
8.70387e+07,30251.2,1.54736e+06,2.33643e+29,2.31083e+24,9.13085e+13,37.9997,5.59386e+24,0.03468,9.9972e-08,2.38795e-24,0,2.91355e+14,6.42766e+14,1.44561e+09,9.34122e+14,2.87909e+14,3.71392e+08
8.75387e+07,29446,1.52677e+06,2.35072e+29,2.31096e+24,9.1884e+13,39.0782,4.89227e+24,0.03468,9.22355e-08,1.78062e-24,0,2.78545e+14,6.17335e+14,1.37021e+09,8.95881e+14,2.61538e+14,3.60747e+08
8.80387e+07,28654.4,1.50627e+06,2.3648e+29,2.31109e+24,9.246e+13,40.1977,4.27317e+24,0.03468,8.50312e-08,1.32402e-24,0,2.66178e+14,5.92673e+14,1.29808e+09,8.58852e+14,2.37316e+14,3.50295e+08
8.85387e+07,27876.5,1.48585e+06,2.37864e+29,2.3112e+24,9.30366e+13,41.36,3.72753e+24,0.03468,7.83272e-08,9.81691e-25,0,2.54242e+14,5.68765e+14,1.2291e+09,8.23009e+14,2.15093e+14,3.40035e+08
8.90387e+07,27112,1.46551e+06,2.39227e+29,2.3113e+24,9.36138e+13,42.5673,3.24723e+24,0.03468,7.20932e-08,7.2575e-25,0,2.42728e+14,5.45596e+14,1.16318e+09,7.88325e+14,1.94726e+14,3.29964e+08
8.95387e+07,26360.9,1.44526e+06,2.40567e+29,2.3114e+24,9.41915e+13,43.8218,2.82499e+24,0.03468,6.63005e-08,5.34946e-25,0,2.31625e+14,5.2315e+14,1.1002e+09,7.54776e+14,1.7608e+14,3.20083e+08
9.00387e+07,25623.1,1.42509e+06,2.41884e+29,2.31148e+24,9.47698e+13,45.1257,2.45425e+24,0.03468,6.0922e-08,3.93113e-25,0,2.20922e+14,5.01412e+14,1.04005e+09,7.22335e+14,1.59029e+14,3.10389e+08
9.05387e+07,24898.6,1.405e+06,2.43178e+29,2.31156e+24,9.53487e+13,46.4814,2.12917e+24,0.03468,5.59318e-08,2.87996e-25,0,2.10609e+14,4.80366e+14,9.82648e+08,6.90976e+14,1.43454e+14,3.00881e+08
9.10387e+07,24187.2,1.385e+06,2.4445e+29,2.31162e+24,9.5928e+13,47.8916,1.84449e+24,0.03468,5.13054e-08,2.10324e-25,0,2.00675e+14,4.59999e+14,9.2788e+08,6.60675e+14,1.29244e+14,2.91558e+08
9.15387e+07,23488.8,1.36509e+06,2.45698e+29,2.31169e+24,9.65079e+13,49.359,1.59553e+24,0.03468,4.70197e-08,1.53108e-25,0,1.91112e+14,4.40294e+14,8.75654e+08,6.31406e+14,1.16295e+14,2.82418e+08
9.20387e+07,22803.4,1.34526e+06,2.46924e+29,2.31174e+24,9.70883e+13,50.8866,1.37812e+24,0.03468,4.30527e-08,1.11093e-25,0,1.81908e+14,4.21237e+14,8.25877e+08,6.03145e+14,1.04508e+14,2.7346e+08
9.25387e+07,22130.8,1.32552e+06,2.48127e+29,2.31179e+24,9.76692e+13,52.4774,1.18851e+24,0.03468,3.93838e-08,8.03383e-26,0,1.73053e+14,4.02813e+14,7.78457e+08,5.75867e+14,9.37932e+13,2.64681e+08
9.30387e+07,21470.9,1.30587e+06,2.49307e+29,2.31184e+24,9.82505e+13,54.1347,1.0234e+24,0.03468,3.59933e-08,5.78999e-26,0,1.64539e+14,3.85008e+14,7.33306e+08,5.49549e+14,8.4064e+13,2.56082e+08
9.35387e+07,20823.7,1.2863e+06,2.50463e+29,2.31187e+24,9.88324e+13,55.8621,8.79819e+23,0.03468,3.28628e-08,4.15833e-26,0,1.56356e+14,3.67808e+14,6.90337e+08,5.24165e+14,7.52412e+13,2.47659e+08
9.40387e+07,20189,1.26682e+06,2.51597e+29,2.31191e+24,9.94147e+13,57.6632,7.55154e+23,0.03468,2.99748e-08,2.97586e-26,0,1.48494e+14,3.51198e+14,6.49465e+08,4.99693e+14,6.72504e+13,2.39412e+08
9.45387e+07,19566.7,1.24744e+06,2.52708e+29,2.31194e+24,9.99975e+13,59.5421,6.47075e+23,0.03468,2.73129e-08,2.1219e-26,0,1.40945e+14,3.35164e+14,6.1061e+08,4.76109e+14,6.00227e+13,2.31339e+08
9.50387e+07,18956.8,1.22814e+06,2.53796e+29,2.31197e+24,1.00581e+14,61.5031,5.53521e+23,0.03468,2.48615e-08,1.50736e-26,0,1.33698e+14,3.19692e+14,5.73691e+08,4.53391e+14,5.34938e+13,2.23437e+08
9.55387e+07,18359,1.20893e+06,2.54861e+29,2.312e+24,1.01164e+14,63.5507,4.72669e+23,0.03468,2.26062e-08,1.06673e-26,0,1.26746e+14,3.04769e+14,5.38631e+08,4.31516e+14,4.76042e+13,2.15707e+08
9.60387e+07,17773.4,1.18981e+06,2.55903e+29,2.31202e+24,1.01748e+14,65.6896,4.02908e+23,0.03468,2.0533e-08,7.51964e-27,0,1.2008e+14,2.90381e+14,5.05355e+08,4.10461e+14,4.22986e+13,2.08145e+08
9.65387e+07,17199.7,1.17078e+06,2.56922e+29,2.31204e+24,1.02333e+14,67.9252,3.42815e+23,0.03468,1.86292e-08,5.27961e-27,0,1.1369e+14,2.76514e+14,4.73792e+08,3.90204e+14,3.75258e+13,2.00751e+08
9.70387e+07,16638,1.15184e+06,2.57918e+29,2.31206e+24,1.02918e+14,70.263,2.91139e+23,0.03468,1.68827e-08,3.6917e-27,0,1.07569e+14,2.63155e+14,4.43869e+08,3.70724e+14,3.32385e+13,1.93523e+08
9.75387e+07,16087.9,1.13299e+06,2.58892e+29,2.31207e+24,1.03503e+14,72.7089,2.46779e+23,0.03468,1.52819e-08,2.57054e-27,0,1.01707e+14,2.50292e+14,4.1552e+08,3.52e+14,2.93929e+13,1.86458e+08
9.80387e+07,15549.6,1.11423e+06,2.59843e+29,2.31209e+24,1.04089e+14,75.2693,2.08766e+23,0.03468,1.38163e-08,1.78218e-27,0,9.60984e+13,2.37911e+14,3.88676e+08,3.34009e+14,2.59487e+13,1.79555e+08
9.85387e+07,15022.7,1.09556e+06,2.60771e+29,2.3121e+24,1.04674e+14,77.9511,1.76252e+23,0.03468,1.24759e-08,1.23015e-27,0,9.07334e+13,2.25999e+14,3.63276e+08,3.16733e+14,2.28688e+13,1.72814e+08
9.90387e+07,14507.3,1.07698e+06,2.61677e+29,2.31211e+24,1.05261e+14,80.7617,1.48493e+23,0.03468,1.12512e-08,8.45257e-28,0,8.56047e+13,2.14544e+14,3.39255e+08,3.00149e+14,2.0119e+13,1.66231e+08
9.95387e+07,14003.2,1.0585e+06,2.6256e+29,2.31212e+24,1.05847e+14,83.7089,1.24839e+23,0.03468,1.01336e-08,5.78088e-28,0,8.07046e+13,2.03535e+14,3.16555e+08,2.8424e+14,1.76679e+13,1.59805e+08
1.00039e+08,13510.3,1.0401e+06,2.63421e+29,2.31213e+24,1.06434e+14,86.8013,1.04724e+23,0.03468,9.11474e-09,3.93472e-28,0,7.60256e+13,1.92957e+14,2.95116e+08,2.68983e+14,1.54866e+13,1.53534e+08
1.00539e+08,13028.4,1.0218e+06,2.6426e+29,2.31213e+24,1.07021e+14,90.048,8.76514e+22,0.03468,8.18705e-09,2.66496e-28,0,7.15604e+13,1.82801e+14,2.74884e+08,2.54361e+14,1.35487e+13,1.47417e+08
1.01039e+08,12557.5,1.00358e+06,2.65077e+29,2.31214e+24,1.07608e+14,93.459,7.31923e+22,0.03468,7.34337e-09,1.79582e-28,0,6.73017e+13,1.73053e+14,2.55802e+08,2.40355e+14,1.183e+13,1.41453e+08
1.01539e+08,12097.5,985461,2.65872e+29,2.31215e+24,1.08196e+14,97.0451,6.09725e+22,0.03468,6.57702e-09,1.20382e-28,0,6.32425e+13,1.63702e+14,2.3782e+08,2.26945e+14,1.03085e+13,1.35638e+08
1.02039e+08,11648.1,967430,2.66645e+29,2.31215e+24,1.08783e+14,100.818,5.06679e+22,0.03468,5.88179e-09,8.02645e-29,0,5.9376e+13,1.54738e+14,2.20886e+08,2.14114e+14,8.96406e+12,1.29972e+08
1.02539e+08,11209.4,949489,2.67397e+29,2.31215e+24,1.09371e+14,104.789,4.19981e+22,0.03468,5.2519e-09,5.32196e-29,0,5.56954e+13,1.46147e+14,2.04951e+08,2.01843e+14,7.77826e+12,1.24453e+08
1.03039e+08,10781.1,931639,2.68127e+29,2.31216e+24,1.09959e+14,108.974,3.47208e+22,0.03468,4.68197e-09,3.50858e-29,0,5.21941e+13,1.37921e+14,1.89968e+08,1.90115e+14,6.73443e+12,1.19079e+08
1.03539e+08,10363.1,913880,2.68836e+29,2.31216e+24,1.10547e+14,113.386,2.86271e+22,0.03468,4.167e-09,2.29944e-29,0,4.88657e+13,1.30047e+14,1.75892e+08,1.78913e+14,5.81742e+12,1.13848e+08
1.04039e+08,9955.45,896211,2.69524e+29,2.31216e+24,1.11136e+14,118.041,2.3537e+22,0.03468,3.70235e-09,1.49783e-29,0,4.57039e+13,1.22516e+14,1.62679e+08,1.6822e+14,5.01347e+12,1.08759e+08
1.04539e+08,9557.88,878632,2.70192e+29,2.31217e+24,1.11724e+14,122.958,1.92962e+22,0.03468,3.28371e-09,9.69524e-30,0,4.27026e+13,1.15316e+14,1.50286e+08,1.58019e+14,4.31013e+12,1.03809e+08
1.05039e+08,9170.31,861143,2.70838e+29,2.31217e+24,1.12312e+14,128.154,1.57724e+22,0.03468,2.9071e-09,6.23476e-30,0,3.98558e+13,1.08438e+14,1.38673e+08,1.48294e+14,3.69618e+12,9.89983e+07
1.05539e+08,8792.62,843743,2.71464e+29,2.31217e+24,1.129e+14,133.651,1.28524e+22,0.03468,2.56883e-09,3.98241e-30,0,3.71577e+13,1.01871e+14,1.278e+08,1.39028e+14,3.16146e+12,9.43238e+07
1.06039e+08,8424.69,826434,2.7207e+29,2.31217e+24,1.13489e+14,139.472,1.04395e+22,0.03468,2.26549e-09,2.526e-30,0,3.46025e+13,9.56054e+13,1.17631e+08,1.30208e+14,2.69683e+12,8.9784e+07
1.06539e+08,8066.4,809213,2.72655e+29,2.31217e+24,1.14077e+14,145.64,8.45152e+21,0.03468,1.99392e-09,1.59063e-30,0,3.21848e+13,8.9632e+13,1.08129e+08,1.21817e+14,2.29409e+12,8.53773e+07
1.07039e+08,7717.63,792081,2.73221e+29,2.31217e+24,1.14665e+14,152.185,6.81864e+21,0.03468,1.75121e-09,9.94117e-31,0,2.98991e+13,8.3941e+13,9.92586e+07,1.1384e+14,1.94587e+12,8.1102e+07
1.07539e+08,7378.27,775037,2.73767e+29,2.31217e+24,1.15253e+14,159.135,5.48163e+21,0.03468,1.53469e-09,6.16471e-31,0,2.77402e+13,7.85232e+13,9.09872e+07,1.06263e+14,1.64556e+12,7.69565e+07
1.08039e+08,7048.2,758081,2.74294e+29,2.31218e+24,1.1584e+14,166.523,4.39047e+21,0.03468,1.34189e-09,3.79195e-31,0,2.57029e+13,7.33693e+13,8.32824e+07,9.90723e+13,1.38728e+12,7.2939e+07
1.08539e+08,6727.3,741213,2.74802e+29,2.31218e+24,1.16428e+14,174.387,3.50298e+21,0.03468,1.17055e-09,2.31285e-31,0,2.37822e+13,6.84706e+13,7.61136e+07,9.22529e+13,1.16576e+12,6.9048e+07
1.09039e+08,6415.45,724432,2.75291e+29,2.31218e+24,1.17015e+14,182.765,2.78369e+21,0.03468,1.01857e-09,1.39835e-31,0,2.19734e+13,6.38183e+13,6.94512e+07,8.57917e+13,9.76317e+11,6.52817e+07
1.09539e+08,6112.53,707737,2.75761e+29,2.31218e+24,1.17602e+14,191.703,2.20286e+21,0.03468,8.84065e-10,8.37743e-32,0,2.02716e+13,5.94037e+13,6.3267e+07,7.96753e+13,8.148e+11,6.16386e+07
1.10039e+08,5818.44,691128,2.76213e+29,2.31218e+24,1.18188e+14,201.25,1.73564e+21,0.03468,7.65273e-10,4.9712e-32,0,1.86722e+13,5.52186e+13,5.75339e+07,7.38909e+13,6.77523e+11,5.81169e+07
1.10539e+08,5533.05,674605,2.76647e+29,2.31218e+24,1.18774e+14,211.46,1.36131e+21,0.03468,6.60599e-10,2.92069e-32,0,1.71709e+13,5.12548e+13,5.2226e+07,6.84257e+13,5.6123e+11,5.47152e+07
1.11039e+08,5256.25,658166,2.77064e+29,2.31218e+24,1.1936e+14,222.395,1.06264e+21,0.03468,5.68582e-10,1.6982e-32,0,1.57632e+13,4.75042e+13,4.73186e+07,6.32675e+13,4.63051e+11,5.14319e+07
1.11539e+08,4987.93,641811,2.77463e+29,2.31218e+24,1.19945e+14,234.123,8.25384e+20,0.03468,4.87894e-10,9.76713e-33,0,1.4445e+13,4.3959e+13,4.27878e+07,5.84041e+13,3.80458e+11,4.82652e+07
1.12039e+08,4727.97,625540,2.77844e+29,2.31218e+24,1.2053e+14,246.72,6.3777e+20,0.03468,4.17322e-10,5.55385e-33,0,1.32122e+13,4.06116e+13,3.8611e+07,5.38239e+13,3.11238e+11,4.52138e+07
1.12539e+08,4476.26,609352,2.78209e+29,2.31218e+24,1.21113e+14,260.272,4.90118e+20,0.03468,3.55766e-10,3.12055e-33,0,1.20608e+13,3.74545e+13,3.47666e+07,4.95154e+13,2.5345e+11,4.22759e+07
1.13039e+08,4232.69,593245,2.78557e+29,2.31218e+24,1.21696e+14,274.876,3.74497e+20,0.03468,3.02225e-10,1.7315e-33,0,1.0987e+13,3.44803e+13,3.1234e+07,4.54674e+13,2.05405e+11,3.94502e+07
1.13539e+08,3997.15,577220,2.7889e+29,2.31218e+24,1.22279e+14,290.64,2.84433e+20,0.03468,2.55795e-10,9.48177e-34,0,9.98701e+12,3.1682e+13,2.79935e+07,4.1669e+13,1.65631e+11,3.6735e+07
1.14039e+08,3769.52,561276,2.79206e+29,2.31218e+24,1.2286e+14,307.687,2.14664e+20,0.03468,2.15659e-10,5.12074e-34,0,9.05723e+12,2.90525e+13,2.50262e+07,3.81097e+13,1.32852e+11,3.4129e+07
1.14539e+08,3549.71,545410,2.79506e+29,2.31218e+24,1.2344e+14,326.158,1.6093e+20,0.03468,1.81076e-10,2.72539e-34,0,8.19418e+12,2.6585e+13,2.23143e+07,3.47792e+13,1.05966e+11,3.16306e+07
1.15039e+08,3337.59,529624,2.79792e+29,2.31218e+24,1.2402e+14,346.213,1.19799e+20,0.03468,1.51383e-10,1.42832e-34,0,7.39446e+12,2.42728e+13,1.98408e+07,3.16673e+13,8.40251e+10,2.92383e+07
1.15539e+08,3133.06,513915,2.80062e+29,2.31218e+24,1.24598e+14,368.032,8.85185e+19,0.03468,1.25982e-10,7.36447e-35,0,6.65478e+12,2.21096e+13,1.75895e+07,2.87644e+13,6.6213e+10,2.69508e+07
1.16039e+08,2936.03,498282,2.80318e+29,2.31218e+24,1.25175e+14,391.826,6.48917e+19,0.03468,1.04337e-10,3.73218e-35,0,5.97198e+12,2.00889e+13,1.55451e+07,2.60609e+13,5.18339e+10,2.47666e+07
1.16539e+08,2746.37,482726,2.8056e+29,2.31218e+24,1.2575e+14,417.836,4.7175e+19,0.03468,8.59679e-11,1.8571e-35,0,5.34298e+12,1.82046e+13,1.36928e+07,2.35475e+13,4.02945e+10,2.26842e+07
1.17039e+08,2563.99,467243,2.80787e+29,2.31218e+24,1.26325e+14,446.341,3.39919e+19,0.03468,7.04473e-11,9.06281e-36,0,4.76482e+12,1.64505e+13,1.20188e+07,2.12154e+13,3.10921e+10,2.07025e+07
1.17539e+08,2388.79,451834,2.81002e+29,2.31218e+24,1.26897e+14,477.665,2.42622e+19,0.03468,5.73944e-11,4.33213e-36,0,4.23462e+12,1.4821e+13,1.05101e+07,1.90556e+13,2.38023e+10,1.88199e+07
1.18039e+08,2220.66,436497,2.81203e+29,2.31218e+24,1.27468e+14,512.186,1.71437e+19,0.03468,4.64711e-11,2.02559e-36,0,3.74962e+12,1.33102e+13,9.1541e+06,1.70598e+13,1.80686e+10,1.70352e+07
1.18539e+08,2059.5,421231,2.81391e+29,2.31218e+24,1.28037e+14,550.349,1.19838e+19,0.03468,3.73782e-11,9.2503e-37,0,3.30715e+12,1.19125e+13,7.9391e+06,1.52196e+13,1.35928e+10,1.53471e+07
1.19039e+08,1905.21,406034,2.81567e+29,2.31218e+24,1.28604e+14,592.675,8.28066e+18,0.03468,2.98517e-11,4.11888e-37,0,2.90462e+12,1.06225e+13,6.85394e+06,1.35271e+13,1.01274e+10,1.37542e+07
1.19539e+08,1757.7,390905,2.81731e+29,2.31218e+24,1.29169e+14,639.788,5.65128e+18,0.03468,2.36596e-11,1.78488e-37,0,2.53956e+12,9.43488e+12,5.88812e+06,1.19744e+13,7.46754e+09,1.22554e+07
1.20039e+08,1616.86,375843,2.81883e+29,2.31218e+24,1.29731e+14,692.427,3.80561e+18,0.03468,1.85983e-11,7.51177e-38,0,2.20956e+12,8.34448e+12,5.03172e+06,1.0554e+13,5.44502e+09,1.08493e+07
1.20539e+08,1482.6,360846,2.82024e+29,2.31218e+24,1.30291e+14,751.482,2.52601e+18,0.03468,1.44906e-11,3.06309e-38,0,1.91232e+12,7.34627e+12,4.27539e+06,9.25859e+12,3.9226e+09,9.53483e+06
1.21039e+08,1354.83,345911,2.82154e+29,2.31218e+24,1.30848e+14,818.031,1.65065e+18,0.03468,1.1182e-11,1.20704e-38,0,1.64561e+12,6.43533e+12,3.61035e+06,8.08095e+12,2.7891e+09,8.31075e+06
1.21539e+08,1233.45,331038,2.82274e+29,2.31218e+24,1.31402e+14,893.384,1.06046e+18,0.03468,8.53909e-12,4.58289e-39,0,1.40731e+12,5.60689e+12,3.02833e+06,7.0142e+12,1.95512e+09,7.17591e+06
1.22039e+08,1118.37,316225,2.82384e+29,2.31218e+24,1.31953e+14,979.155,6.68784e+17,0.03468,6.44684e-12,1.67088e-39,0,1.19536e+12,4.85628e+12,2.52158e+06,6.05164e+12,1.3494e+09,6.12916e+06
1.22539e+08,1009.5,301469,2.82484e+29,2.31218e+24,1.325e+14,1077.34,4.13297e+17,0.03468,4.80676e-12,5.82728e-40,0,1.00778e+12,4.17898e+12,2.08285e+06,5.18677e+12,9.15624e+08,5.16939e+06
1.23039e+08,906.752,286768,2.82575e+29,2.31218e+24,1.33044e+14,1190.45,2.49773e+17,0.03468,3.53496e-12,1.93544e-40,0,8.42686e+11,3.57058e+12,1.70534e+06,4.41327e+12,6.09771e+08,4.2955e+06
1.23539e+08,810.03,272120,2.82657e+29,2.31218e+24,1.33583e+14,1321.65,1.47271e+17,0.03468,2.56045e-12,6.09059e-41,0,6.98265e+11,3.02678e+12,1.3827e+06,3.72505e+12,3.97771e+08,3.50639e+06
1.24039e+08,719.25,257522,2.82731e+29,2.31218e+24,1.34118e+14,1475,8.44878e+16,0.03468,1.82352e-12,1.80516e-41,0,5.72775e+11,2.5434e+12,1.10904e+06,3.11617e+12,2.5358e+08,2.80099e+06
1.24539e+08,634.325,242971,2.82796e+29,2.31218e+24,1.34648e+14,1655.77,4.70091e+16,0.03468,1.27441e-12,5.0038e-42,0,4.64556e+11,2.11635e+12,878842,2.58091e+12,1.57557e+08,2.17822e+06
1.25039e+08,555.17,228466,2.82855e+29,2.31218e+24,1.35172e+14,1870.9,2.52715e+16,0.03468,8.71938e-13,1.28648e-42,0,3.72016e+11,1.74168e+12,687027,2.11369e+12,9.51065e+07,1.63697e+06
1.25539e+08,481.701,214001,2.82906e+29,2.31218e+24,1.35691e+14,2129.68,1.30666e+16,0.03468,5.82394e-13,3.03736e-43,0,2.93639e+11,1.41551e+12,528876,1.70915e+12,5.55596e+07,1.1761e+06
1.26039e+08,413.832,199574,2.8295e+29,2.31218e+24,1.36203e+14,2444.77,6.46222e+15,0.03468,3.78458e-13,6.50643e-44,0,2.27978e+11,1.13409e+12,400044,1.36207e+12,3.12651e+07,794362
1.26539e+08,351.482,185181,2.82989e+29,2.31218e+24,1.36707e+14,2833.81,3.03632e+15,0.03468,2.38267e-13,1.24597e-44,0,1.73656e+11,8.93758e+11,296534,1.06741e+12,1.68509e+07,490364
1.27039e+08,294.566,170817,2.83022e+29,2.31218e+24,1.37204e+14,3321.98,1.34399e+15,0.03468,1.44571e-13,2.09402e-45,0,1.29367e+11,6.9093e+11,214690,8.20297e+11,8.63667e+06,262382
1.27539e+08,243.002,156477,2.83049e+29,2.31218e+24,1.37691e+14,3946.21,5.54475e+14,0.03468,8.39818e-14,3.01716e-46,0,9.3872e+10,5.22133e+11,151178,6.16005e+11,4.17147e+06,108010
1.28039e+08,196.706,142155,2.83072e+29,2.31218e+24,1.38168e+14,4762.48,2.10278e+14,0.03468,4.63064e-14,3.6159e-47,0,6.60008e+10,3.83973e+11,102976,4.49974e+11,1.87651e+06,32907.4
1.28539e+08,155.593,127845,2.8309e+29,2.31218e+24,1.38634e+14,5859.1,7.19725e+13,0.03468,2.39605e-14,3.46266e-48,0,4.46514e+10,2.73145e+11,67362.7,3.17796e+11,774040,11423.9
1.29039e+08,119.575,113538,2.83104e+29,2.31218e+24,1.39086e+14,7382.08,2.16832e+13,0.03468,1.14546e-14,2.50839e-49,0,2.87906e+10,1.86424e+11,41904,2.15214e+11,286596,3541.38
1.29539e+08,88.5601,99225.8,2.83115e+29,2.31218e+24,1.39524e+14,9587.53,5.5497e+12,0.03468,4.94893e-15,1.27205e-50,0,1.74548e+10,1.20665e+11,24444.9,1.3812e+11,92418.4,1284.1
1.30039e+08,62.451,84896.2,2.83123e+29,2.31218e+24,1.39943e+14,12959.7,1.14497e+12,0.03468,1.87011e-15,4.02583e-52,0,9.75177e+09,7.28028e+10,13099.1,8.25546e+10,24817.7,157.737
1.30539e+08,41.1391,70534.7,2.83129e+29,2.31218e+24,1.40341e+14,18509.5,1.753e+11,0.03468,5.87004e-16,6.63601e-54,0,4.86344e+09,3.98454e+10,6241.67,4.47088e+10,5171.12,22.7667
1.31039e+08,24.499,56121.8,2.83132e+29,2.31218e+24,1.40714e+14,28659.5,1.72898e+10,0.03468,1.40104e-16,4.1813e-56,0,2.05006e+09,1.888e+10,2501.6,2.093e+10,740.645,3.21914
1.31539e+08,12.3754,41630.5,2.83134e+29,2.31218e+24,1.41054e+14,50544.8,8.3563e+08,0.03468,2.1428e-17,5.5372e-59,0,6.56824e+08,7.07442e+09,757.42,7.73124e+09,57.6576,0.448392
1.32039e+08,4.55074,27019.1,2.83135e+29,2.31218e+24,1.41351e+14,113929,1.03542e+07,0.03468,1.39812e-18,3.73928e-63,0,1.23972e+08,1.6884e+09,134.393,1.81237e+09,1.39393,0.0624672
1.32385e+08,1.64636,16777.6,2.83135e+29,2.31218e+24,1.41482e+14,296373,85479.3,0.03468,7.52003e-20,1.0306e-67,0,2.27715e+07,3.79293e+08,19.9807,4.02065e+08,0.0272664,0.00870853
1.32628e+08,0.533891,9511.42,2.83135e+29,2.31218e+24,1.41487e+14,982165,294.417,0.03468,2.51889e-21,0,0,3.48556e+06,6.97297e+07,2.06381,7.32153e+07,0.000297261,0.000762529
1.32756e+08,0.181891,5659.25,2.83135e+29,2.31218e+24,1.41487e+14,2.8447e+06,1.60608,0.03468,1.07553e-22,0,0,579254,1.41348e+07,0.258659,1.47141e+07,4.33262e-06,0
1.32816e+08,0.0725753,3840.65,2.83135e+29,2.31218e+24,1.41487e+14,5.80714e+06,0.0309788,0.03468,9.10295e-24,0,0,125266,3.82749e+06,0.0548666,3.95275e+06,1.46448e-07,0
