X = 0.734
Y = 0.25
Z = 0.016
mu = 0.601142
Radius,Density,Temp,Mass,Lum,OptD,Kff,KH,Kes,PP,CNO,3a,Deg,Gas,Rad,TotPres, dLdr, dPdT
0,0,0,0,0,0,-nan,0,0.03468,0,0,0,0,0,0,0,0,0
0.01,200150,2.67917e+07,838386,5.84535e+07,6941.2,0.00660351,2.01237e+36,0.03468,0.0594472,69.662,1.63679e-34,6.79377e+15,7.36336e+16,1.29924e+14,8.05573e+16,17536.1,2.91182e+09
10709.1,200150,2.67917e+07,1.02969e+18,7.17916e+19,7.43411e+07,0.00660351,2.01237e+36,0.03468,0.0594472,69.662,1.63679e-34,6.79377e+15,7.36336e+16,1.29924e+14,8.05573e+16,2.01113e+16,2.91182e+09
21268.9,200150,2.67917e+07,8.06635e+18,5.62398e+20,1.47638e+08,0.00660351,2.01237e+36,0.03468,0.0594472,69.662,1.63679e-34,6.79377e+15,7.36336e+16,1.29924e+14,8.05573e+16,7.93269e+16,2.91182e+09
32102.5,200150,2.67917e+07,2.7737e+19,1.93386e+21,2.22837e+08,0.00660351,2.01237e+36,0.03468,0.0594472,69.662,1.63678e-34,6.79377e+15,7.36336e+16,1.29924e+14,8.05573e+16,1.80721e+17,2.91182e+09
42241,200150,2.67917e+07,6.31899e+19,4.40569e+21,2.9321e+08,0.00660351,2.01237e+36,0.03468,0.0594472,69.662,1.63678e-34,6.79377e+15,7.36336e+16,1.29924e+14,8.05573e+16,3.12896e+17,2.91182e+09
55581.5,200150,2.67917e+07,1.43958e+20,1.0037e+22,3.8581e+08,0.00660351,2.01237e+36,0.03468,0.0594472,69.6619,1.63678e-34,6.79377e+15,7.36336e+16,1.29924e+14,8.05573e+16,5.41742e+17,2.91182e+09
73135.2,200150,2.67917e+07,3.27963e+20,2.2866e+22,5.07653e+08,0.00660351,2.01237e+36,0.03468,0.0594472,69.6618,1.63677e-34,6.79377e+15,7.36336e+16,1.29924e+14,8.05573e+16,9.37959e+17,2.91182e+09
83892.8,200150,2.67917e+07,4.95015e+20,3.45131e+22,5.82324e+08,0.00660351,2.01237e+36,0.03468,0.0594471,69.6617,1.63677e-34,6.79377e+15,7.36336e+16,1.29924e+14,8.05573e+16,1.23418e+18,2.91182e+09
96232.7,200150,2.67917e+07,7.47158e+20,5.20928e+22,6.67978e+08,0.00660351,2.01236e+36,0.03468,0.0594471,69.6616,1.63677e-34,6.79377e+15,7.36336e+16,1.29924e+14,8.05572e+16,1.62396e+18,2.91182e+09
110388,200150,2.67917e+07,1.12773e+21,7.86269e+22,7.6623e+08,0.00660351,2.01236e+36,0.03468,0.0594471,69.6615,1.63676e-34,6.79376e+15,7.36335e+16,1.29924e+14,8.05572e+16,2.13683e+18,2.91182e+09
126625,200150,2.67917e+07,1.70216e+21,1.18676e+23,8.78935e+08,0.00660351,2.01236e+36,0.03468,0.059447,69.6613,1.63675e-34,6.79376e+15,7.36335e+16,1.29924e+14,8.05572e+16,2.81167e+18,2.91182e+09
145250,200150,2.67917e+07,2.56918e+21,1.79126e+23,1.00822e+09,0.00660352,2.01236e+36,0.03468,0.059447,69.6611,1.63674e-34,6.79376e+15,7.36335e+16,1.29924e+14,8.05572e+16,3.69964e+18,2.91181e+09
166615,200150,2.67917e+07,3.87783e+21,2.70365e+23,1.15652e+09,0.00660352,2.01235e+36,0.03468,0.0594469,69.6608,1.63672e-34,6.79375e+15,7.36334e+16,1.29924e+14,8.05571e+16,4.86804e+18,2.91181e+09
191123,200150,2.67917e+07,5.85306e+21,4.08078e+23,1.32663e+09,0.00660352,2.01235e+36,0.03468,0.0594468,69.6605,1.63671e-34,6.79375e+15,7.36334e+16,1.29924e+14,8.0557e+16,6.40542e+18,2.91181e+09
219236,200149,2.67916e+07,8.83439e+21,6.15936e+23,1.52176e+09,0.00660353,2.01234e+36,0.03468,0.0594467,69.66,1.63668e-34,6.79374e+15,7.36333e+16,1.29924e+14,8.0557e+16,8.4283e+18,2.91181e+09
251483,200149,2.67916e+07,1.33343e+22,9.29666e+23,1.7456e+09,0.00660353,2.01233e+36,0.03468,0.0594466,69.6593,1.63665e-34,6.79373e+15,7.36332e+16,1.29923e+14,8.05568e+16,1.109e+19,2.9118e+09
288474,200149,2.67916e+07,2.01263e+22,1.40319e+24,2.00236e+09,0.00660354,2.01232e+36,0.03468,0.0594463,69.6585,1.6366e-34,6.79371e+15,7.36331e+16,1.29923e+14,8.05567e+16,1.45922e+19,2.9118e+09
330907,200149,2.67916e+07,3.03779e+22,2.11791e+24,2.29689e+09,0.00660355,2.01231e+36,0.03468,0.0594461,69.6573,1.63654e-34,6.79369e+15,7.36329e+16,1.29923e+14,8.05565e+16,1.92004e+19,2.91179e+09
379580,200148,2.67916e+07,4.58513e+22,3.19665e+24,2.63474e+09,0.00660356,2.01229e+36,0.03468,0.0594457,69.6558,1.63647e-34,6.79367e+15,7.36326e+16,1.29922e+14,8.05562e+16,2.52637e+19,2.91179e+09
429580,200148,2.67915e+07,6.6462e+22,4.63351e+24,2.9818e+09,0.00660357,2.01227e+36,0.03468,0.0594453,69.6541,1.63638e-34,6.79364e+15,7.36324e+16,1.29922e+14,8.05559e+16,3.23568e+19,2.91178e+09
479580,200147,2.67915e+07,9.24749e+22,6.44694e+24,3.32885e+09,0.00660359,2.01224e+36,0.03468,0.0594448,69.6522,1.63628e-34,6.79361e+15,7.36321e+16,1.29921e+14,8.05556e+16,4.03261e+19,2.91177e+09
529580,200146,2.67915e+07,1.24519e+23,8.68073e+24,3.67591e+09,0.00660361,2.01221e+36,0.03468,0.0594443,69.65,1.63617e-34,6.79357e+15,7.36317e+16,1.2992e+14,8.05552e+16,4.91714e+19,2.91176e+09
579580,200146,2.67914e+07,1.63222e+23,1.13787e+25,4.02296e+09,0.00660363,2.01218e+36,0.03468,0.0594437,69.6476,1.63604e-34,6.79353e+15,7.36313e+16,1.29919e+14,8.05548e+16,5.88925e+19,2.91174e+09
629580,200145,2.67914e+07,2.09214e+23,1.45846e+25,4.37001e+09,0.00660365,2.01214e+36,0.03468,0.0594431,69.645,1.63591e-34,6.79349e+15,7.36309e+16,1.29919e+14,8.05543e+16,6.94891e+19,2.91173e+09
679580,200144,2.67913e+07,2.63123e+23,1.83422e+25,4.71706e+09,0.00660367,2.01211e+36,0.03468,0.0594424,69.6422,1.63577e-34,6.79344e+15,7.36305e+16,1.29918e+14,8.05539e+16,8.09612e+19,2.91172e+09
729580,200143,2.67913e+07,3.25577e+23,2.26953e+25,5.06411e+09,0.00660369,2.01207e+36,0.03468,0.0594417,69.6392,1.63561e-34,6.79339e+15,7.363e+16,1.29917e+14,8.05533e+16,9.33084e+19,2.9117e+09
779580,200142,2.67912e+07,3.97206e+23,2.76876e+25,5.41116e+09,0.00660372,2.01202e+36,0.03468,0.0594409,69.6359,1.63544e-34,6.79333e+15,7.36295e+16,1.29915e+14,8.05528e+16,1.0653e+20,2.91168e+09
829580,200141,2.67912e+07,4.78639e+23,3.33629e+25,5.75821e+09,0.00660375,2.01198e+36,0.03468,0.0594401,69.6325,1.63527e-34,6.79327e+15,7.3629e+16,1.29914e+14,8.05522e+16,1.20627e+20,2.91166e+09
879580,200140,2.67911e+07,5.70502e+23,3.97649e+25,6.10525e+09,0.00660378,2.01193e+36,0.03468,0.0594392,69.6288,1.63508e-34,6.79321e+15,7.36284e+16,1.29913e+14,8.05515e+16,1.35598e+20,2.91164e+09
929580,200139,2.6791e+07,6.73427e+23,4.69373e+25,6.45229e+09,0.00660381,2.01188e+36,0.03468,0.0594382,69.6249,1.63488e-34,6.79315e+15,7.36278e+16,1.29912e+14,8.05508e+16,1.51443e+20,2.91162e+09
979580,200138,2.6791e+07,7.8804e+23,5.49238e+25,6.79933e+09,0.00660384,2.01183e+36,0.03468,0.0594372,69.6208,1.63467e-34,6.79308e+15,7.36271e+16,1.2991e+14,8.05501e+16,1.68162e+20,2.9116e+09
1.02958e+06,200136,2.67909e+07,9.1497e+23,6.37681e+25,7.14637e+09,0.00660388,2.01177e+36,0.03468,0.0594362,69.6165,1.63444e-34,6.79301e+15,7.36265e+16,1.29909e+14,8.05494e+16,1.85754e+20,2.91158e+09
1.07958e+06,200135,2.67908e+07,1.05485e+24,7.35138e+25,7.4934e+09,0.00660391,2.01171e+36,0.03468,0.0594351,69.612,1.63421e-34,6.79293e+15,7.36258e+16,1.29907e+14,8.05486e+16,2.0422e+20,2.91156e+09
1.12958e+06,200134,2.67907e+07,1.2083e+24,8.42046e+25,7.84044e+09,0.00660395,2.01165e+36,0.03468,0.0594339,69.6072,1.63397e-34,6.79285e+15,7.3625e+16,1.29906e+14,8.05478e+16,2.23557e+20,2.91153e+09
1.17958e+06,200132,2.67906e+07,1.37595e+24,9.58841e+25,8.18747e+09,0.00660399,2.01158e+36,0.03468,0.0594327,69.6023,1.63371e-34,6.79277e+15,7.36242e+16,1.29904e+14,8.05469e+16,2.43768e+20,2.91151e+09
1.22958e+06,200131,2.67906e+07,1.55844e+24,1.08596e+26,8.5345e+09,0.00660404,2.01151e+36,0.03468,0.0594315,69.5971,1.63345e-34,6.79268e+15,7.36234e+16,1.29902e+14,8.0546e+16,2.64849e+20,2.91148e+09
1.27958e+06,200129,2.67905e+07,1.75638e+24,1.22384e+26,8.88152e+09,0.00660408,2.01144e+36,0.03468,0.0594302,69.5917,1.63317e-34,6.79259e+15,7.36226e+16,1.29901e+14,8.05451e+16,2.86803e+20,2.91145e+09
1.32958e+06,200127,2.67904e+07,1.97042e+24,1.37291e+26,9.22854e+09,0.00660412,2.01137e+36,0.03468,0.0594288,69.5861,1.63288e-34,6.7925e+15,7.36217e+16,1.29899e+14,8.05441e+16,3.09627e+20,2.91142e+09
1.37958e+06,200126,2.67903e+07,2.20117e+24,1.53361e+26,9.57556e+09,0.00660417,2.01129e+36,0.03468,0.0594274,69.5803,1.63258e-34,6.7924e+15,7.36208e+16,1.29897e+14,8.05431e+16,3.33322e+20,2.91139e+09
1.42958e+06,200124,2.67902e+07,2.44926e+24,1.70637e+26,9.92258e+09,0.00660422,2.01121e+36,0.03468,0.059426,69.5743,1.63227e-34,6.7923e+15,7.36198e+16,1.29895e+14,8.0542e+16,3.57886e+20,2.91136e+09
1.47958e+06,200122,2.67901e+07,2.71533e+24,1.89164e+26,1.02696e+10,0.00660427,2.01113e+36,0.03468,0.0594245,69.568,1.63195e-34,6.79219e+15,7.36189e+16,1.29893e+14,8.05409e+16,3.83321e+20,2.91133e+09
1.52958e+06,200120,2.67899e+07,3.00001e+24,2.08984e+26,1.06166e+10,0.00660432,2.01104e+36,0.03468,0.0594229,69.5616,1.63162e-34,6.79208e+15,7.36179e+16,1.2989e+14,8.05398e+16,4.09624e+20,2.91129e+09
1.57958e+06,200118,2.67898e+07,3.30391e+24,2.30141e+26,1.09636e+10,0.00660438,2.01095e+36,0.03468,0.0594213,69.5549,1.63128e-34,6.79197e+15,7.36168e+16,1.29888e+14,8.05387e+16,4.36796e+20,2.91126e+09
1.62958e+06,200116,2.67897e+07,3.62767e+24,2.52678e+26,1.13106e+10,0.00660443,2.01086e+36,0.03468,0.0594196,69.548,1.63093e-34,6.79186e+15,7.36157e+16,1.29886e+14,8.05375e+16,4.64835e+20,2.91122e+09
1.67958e+06,200114,2.67896e+07,3.97191e+24,2.76639e+26,1.16576e+10,0.00660449,2.01077e+36,0.03468,0.0594179,69.5409,1.63056e-34,6.79174e+15,7.36146e+16,1.29883e+14,8.05362e+16,4.93742e+20,2.91118e+09
1.72958e+06,200112,2.67895e+07,4.33727e+24,3.02067e+26,1.20046e+10,0.00660455,2.01067e+36,0.03468,0.0594161,69.5336,1.63019e-34,6.79161e+15,7.36135e+16,1.29881e+14,8.0535e+16,5.23516e+20,2.91115e+09
1.77958e+06,200110,2.67893e+07,4.72437e+24,3.29005e+26,1.23516e+10,0.00660461,2.01057e+36,0.03468,0.0594143,69.5261,1.6298e-34,6.79149e+15,7.36123e+16,1.29878e+14,8.05336e+16,5.54155e+20,2.91111e+09
1.82958e+06,200107,2.67892e+07,5.13385e+24,3.57497e+26,1.26986e+10,0.00660467,2.01047e+36,0.03468,0.0594124,69.5183,1.6294e-34,6.79136e+15,7.36111e+16,1.29876e+14,8.05323e+16,5.85661e+20,2.91107e+09
1.87958e+06,200105,2.67891e+07,5.56632e+24,3.87585e+26,1.30456e+10,0.00660474,2.01037e+36,0.03468,0.0594105,69.5104,1.629e-34,6.79122e+15,7.36098e+16,1.29873e+14,8.05309e+16,6.18031e+20,2.91103e+09
1.92958e+06,200103,2.67889e+07,6.02242e+24,4.19314e+26,1.33926e+10,0.00660481,2.01026e+36,0.03468,0.0594085,69.5022,1.62858e-34,6.79109e+15,7.36085e+16,1.2987e+14,8.05295e+16,6.51265e+20,2.91098e+09
1.97958e+06,200100,2.67888e+07,6.50277e+24,4.52726e+26,1.37395e+10,0.00660487,2.01015e+36,0.03468,0.0594065,69.4938,1.62815e-34,6.79095e+15,7.36072e+16,1.29868e+14,8.0528e+16,6.85363e+20,2.91094e+09
2.02958e+06,200098,2.67886e+07,7.00801e+24,4.87865e+26,1.40865e+10,0.00660494,2.01003e+36,0.03468,0.0594044,69.4852,1.62771e-34,6.7908e+15,7.36059e+16,1.29865e+14,8.05265e+16,7.20324e+20,2.91089e+09
2.07958e+06,200095,2.67885e+07,7.53875e+24,5.24773e+26,1.44335e+10,0.00660502,2.00992e+36,0.03468,0.0594023,69.4764,1.62725e-34,6.79065e+15,7.36045e+16,1.29862e+14,8.0525e+16,7.56146e+20,2.91085e+09
2.12958e+06,200092,2.67883e+07,8.09564e+24,5.63494e+26,1.47804e+10,0.00660509,2.0098e+36,0.03468,0.0594001,69.4674,1.62679e-34,6.7905e+15,7.36031e+16,1.29859e+14,8.05234e+16,7.92831e+20,2.9108e+09
2.17958e+06,200089,2.67881e+07,8.67928e+24,6.0407e+26,1.51274e+10,0.00660516,2.00968e+36,0.03468,0.0593978,69.4582,1.62632e-34,6.79035e+15,7.36016e+16,1.29856e+14,8.05218e+16,8.30375e+20,2.91075e+09
2.22958e+06,200087,2.6788e+07,9.29033e+24,6.46546e+26,1.54743e+10,0.00660524,2.00955e+36,0.03468,0.0593956,69.4487,1.62583e-34,6.79019e+15,7.36001e+16,1.29852e+14,8.05202e+16,8.6878e+20,2.9107e+09
2.27958e+06,200084,2.67878e+07,9.92939e+24,6.90963e+26,1.58213e+10,0.00660532,2.00942e+36,0.03468,0.0593932,69.4391,1.62534e-34,6.79003e+15,7.35986e+16,1.29849e+14,8.05185e+16,9.08044e+20,2.91065e+09
2.32958e+06,200081,2.67876e+07,1.05971e+25,7.37365e+26,1.61682e+10,0.0066054,2.00929e+36,0.03468,0.0593908,69.4292,1.62483e-34,6.78986e+15,7.35971e+16,1.29846e+14,8.05168e+16,9.48166e+20,2.9106e+09
2.37958e+06,200078,2.67875e+07,1.12941e+25,7.85794e+26,1.65152e+10,0.00660548,2.00916e+36,0.03468,0.0593884,69.4191,1.62432e-34,6.78969e+15,7.35955e+16,1.29842e+14,8.0515e+16,9.89145e+20,2.91055e+09
2.42958e+06,200075,2.67873e+07,1.2021e+25,8.36293e+26,1.68621e+10,0.00660557,2.00902e+36,0.03468,0.0593859,69.4088,1.62379e-34,6.78952e+15,7.35939e+16,1.29839e+14,8.05132e+16,1.03098e+21,2.91049e+09
2.47958e+06,200072,2.67871e+07,1.27784e+25,8.88906e+26,1.7209e+10,0.00660565,2.00888e+36,0.03468,0.0593833,69.3983,1.62325e-34,6.78934e+15,7.35922e+16,1.29835e+14,8.05114e+16,1.07367e+21,2.91044e+09
2.52958e+06,200068,2.67869e+07,1.3567e+25,9.43675e+26,1.7556e+10,0.00660574,2.00874e+36,0.03468,0.0593807,69.3876,1.6227e-34,6.78916e+15,7.35905e+16,1.29832e+14,8.05095e+16,1.11722e+21,2.91038e+09
2.57958e+06,200065,2.67867e+07,1.43874e+25,1.00064e+27,1.79029e+10,0.00660583,2.0086e+36,0.03468,0.0593781,69.3767,1.62214e-34,6.78898e+15,7.35888e+16,1.29828e+14,8.05076e+16,1.16162e+21,2.91032e+09
2.62958e+06,200062,2.67865e+07,1.52401e+25,1.05985e+27,1.82498e+10,0.00660592,2.00845e+36,0.03468,0.0593754,69.3655,1.62157e-34,6.78879e+15,7.35871e+16,1.29824e+14,8.05057e+16,1.20688e+21,2.91027e+09
2.67958e+06,200059,2.67863e+07,1.6126e+25,1.12134e+27,1.85967e+10,0.00660601,2.0083e+36,0.03468,0.0593726,69.3542,1.62099e-34,6.7886e+15,7.35853e+16,1.29821e+14,8.05037e+16,1.25298e+21,2.91021e+09
2.72958e+06,200055,2.67861e+07,1.70454e+25,1.18516e+27,1.89436e+10,0.0066061,2.00815e+36,0.03468,0.0593698,69.3426,1.6204e-34,6.7884e+15,7.35835e+16,1.29817e+14,8.05017e+16,1.29994e+21,2.91015e+09
2.77958e+06,200052,2.67859e+07,1.79992e+25,1.25135e+27,1.92905e+10,0.0066062,2.00799e+36,0.03468,0.059367,69.3308,1.6198e-34,6.78821e+15,7.35816e+16,1.29813e+14,8.04996e+16,1.34775e+21,2.91008e+09
2.82958e+06,200048,2.67857e+07,1.89879e+25,1.31995e+27,1.96374e+10,0.0066063,2.00783e+36,0.03468,0.0593641,69.3188,1.61918e-34,6.788e+15,7.35797e+16,1.29809e+14,8.04975e+16,1.3964e+21,2.91002e+09
2.87958e+06,200044,2.67855e+07,2.00122e+25,1.39101e+27,1.99842e+10,0.0066064,2.00767e+36,0.03468,0.0593611,69.3066,1.61856e-34,6.7878e+15,7.35778e+16,1.29804e+14,8.04954e+16,1.44591e+21,2.90996e+09
2.92958e+06,200041,2.67853e+07,2.10726e+25,1.46456e+27,2.03311e+10,0.0066065,2.00751e+36,0.03468,0.0593581,69.2942,1.61793e-34,6.78759e+15,7.35759e+16,1.298e+14,8.04932e+16,1.49626e+21,2.90989e+09
2.97958e+06,200037,2.67851e+07,2.21698e+25,1.54065e+27,2.0678e+10,0.0066066,2.00734e+36,0.03468,0.059355,69.2816,1.61728e-34,6.78738e+15,7.35739e+16,1.29796e+14,8.0491e+16,1.54746e+21,2.90983e+09
3.02958e+06,200033,2.67848e+07,2.33045e+25,1.61932e+27,2.10248e+10,0.00660671,2.00717e+36,0.03468,0.0593519,69.2688,1.61662e-34,6.78716e+15,7.35719e+16,1.29792e+14,8.04888e+16,1.59951e+21,2.90976e+09
3.07958e+06,200029,2.67846e+07,2.44772e+25,1.70061e+27,2.13717e+10,0.00660681,2.00699e+36,0.03468,0.0593487,69.2557,1.61596e-34,6.78694e+15,7.35698e+16,1.29787e+14,8.04865e+16,1.6524e+21,2.90969e+09
3.12958e+06,200025,2.67844e+07,2.56886e+25,1.78457e+27,2.17185e+10,0.00660692,2.00682e+36,0.03468,0.0593455,69.2425,1.61528e-34,6.78672e+15,7.35677e+16,1.29783e+14,8.04842e+16,1.70613e+21,2.90962e+09
3.17958e+06,200021,2.67842e+07,2.69393e+25,1.87124e+27,2.20654e+10,0.00660703,2.00664e+36,0.03468,0.0593422,69.229,1.61459e-34,6.78649e+15,7.35656e+16,1.29778e+14,8.04819e+16,1.7607e+21,2.90955e+09
3.22958e+06,200017,2.67839e+07,2.82299e+25,1.96066e+27,2.24122e+10,0.00660714,2.00646e+36,0.03468,0.0593389,69.2153,1.61389e-34,6.78626e+15,7.35634e+16,1.29774e+14,8.04795e+16,1.81612e+21,2.90948e+09
3.27958e+06,200013,2.67837e+07,2.95611e+25,2.05287e+27,2.2759e+10,0.00660726,2.00628e+36,0.03468,0.0593355,69.2014,1.61318e-34,6.78603e+15,7.35612e+16,1.29769e+14,8.0477e+16,1.87237e+21,2.90941e+09
3.32958e+06,200009,2.67834e+07,3.09335e+25,2.14791e+27,2.31059e+10,0.00660737,2.00609e+36,0.03468,0.0593321,69.1873,1.61247e-34,6.78579e+15,7.3559e+16,1.29764e+14,8.04746e+16,1.92946e+21,2.90933e+09
3.37958e+06,200005,2.67832e+07,3.23477e+25,2.24583e+27,2.34527e+10,0.00660749,2.0059e+36,0.03468,0.0593286,69.173,1.61173e-34,6.78555e+15,7.35568e+16,1.29759e+14,8.04721e+16,1.9874e+21,2.90926e+09
3.42958e+06,200000,2.67829e+07,3.38043e+25,2.34666e+27,2.37995e+10,0.00660761,2.00571e+36,0.03468,0.0593251,69.1585,1.61099e-34,6.7853e+15,7.35545e+16,1.29754e+14,8.04695e+16,2.04616e+21,2.90918e+09
3.47958e+06,199996,2.67827e+07,3.5304e+25,2.45046e+27,2.41463e+10,0.00660773,2.00551e+36,0.03468,0.0593215,69.1437,1.61024e-34,6.78506e+15,7.35522e+16,1.29749e+14,8.0467e+16,2.10577e+21,2.9091e+09
3.52958e+06,199991,2.67824e+07,3.68474e+25,2.55725e+27,2.44931e+10,0.00660785,2.00531e+36,0.03468,0.0593179,69.1288,1.60948e-34,6.7848e+15,7.35498e+16,1.29744e+14,8.04644e+16,2.1662e+21,2.90902e+09
3.57958e+06,199987,2.67821e+07,3.84351e+25,2.66709e+27,2.48398e+10,0.00660798,2.00511e+36,0.03468,0.0593142,69.1136,1.60871e-34,6.78455e+15,7.35474e+16,1.29739e+14,8.04617e+16,2.22747e+21,2.90894e+09
3.62958e+06,199982,2.67819e+07,4.00678e+25,2.78001e+27,2.51866e+10,0.0066081,2.00491e+36,0.03468,0.0593105,69.0983,1.60793e-34,6.78429e+15,7.3545e+16,1.29734e+14,8.0459e+16,2.28957e+21,2.90886e+09
3.67958e+06,199978,2.67816e+07,4.1746e+25,2.89606e+27,2.55334e+10,0.00660823,2.0047e+36,0.03468,0.0593067,69.0827,1.60713e-34,6.78403e+15,7.35425e+16,1.29729e+14,8.04563e+16,2.3525e+21,2.90878e+09
3.72958e+06,199973,2.67813e+07,4.34704e+25,3.01528e+27,2.58801e+10,0.00660836,2.00449e+36,0.03468,0.0593028,69.0669,1.60633e-34,6.78376e+15,7.35401e+16,1.29723e+14,8.04535e+16,2.41626e+21,2.9087e+09
3.77958e+06,199968,2.6781e+07,4.52416e+25,3.1377e+27,2.62269e+10,0.00660849,2.00428e+36,0.03468,0.059299,69.0509,1.60552e-34,6.78349e+15,7.35375e+16,1.29718e+14,8.04507e+16,2.48085e+21,2.90861e+09
3.82958e+06,199963,2.67808e+07,4.70603e+25,3.26338e+27,2.65736e+10,0.00660862,2.00406e+36,0.03468,0.059295,69.0347,1.60469e-34,6.78322e+15,7.3535e+16,1.29713e+14,8.04479e+16,2.54626e+21,2.90853e+09
3.87958e+06,199958,2.67805e+07,4.8927e+25,3.39234e+27,2.69204e+10,0.00660876,2.00385e+36,0.03468,0.059291,69.0183,1.60386e-34,6.78294e+15,7.35324e+16,1.29707e+14,8.0445e+16,2.6125e+21,2.90844e+09
3.92958e+06,199954,2.67802e+07,5.08425e+25,3.52464e+27,2.72671e+10,0.00660889,2.00363e+36,0.03468,0.059287,69.0017,1.60301e-34,6.78266e+15,7.35298e+16,1.29701e+14,8.04421e+16,2.67956e+21,2.90836e+09
3.97958e+06,199948,2.67799e+07,5.28073e+25,3.66031e+27,2.76138e+10,0.00660903,2.0034e+36,0.03468,0.0592829,68.9849,1.60215e-34,6.78238e+15,7.35271e+16,1.29696e+14,8.04392e+16,2.74745e+21,2.90827e+09
4.02958e+06,199943,2.67796e+07,5.4822e+25,3.7994e+27,2.79605e+10,0.00660917,2.00318e+36,0.03468,0.0592787,68.9679,1.60129e-34,6.78209e+15,7.35244e+16,1.2969e+14,8.04362e+16,2.81615e+21,2.90818e+09
4.07958e+06,199938,2.67793e+07,5.68872e+25,3.94194e+27,2.83072e+10,0.00660931,2.00295e+36,0.03468,0.0592745,68.9506,1.60041e-34,6.7818e+15,7.35217e+16,1.29684e+14,8.04332e+16,2.88568e+21,2.90809e+09
4.12958e+06,199933,2.6779e+07,5.90037e+25,4.08798e+27,2.86539e+10,0.00660945,2.00272e+36,0.03468,0.0592703,68.9332,1.59953e-34,6.7815e+15,7.35189e+16,1.29678e+14,8.04301e+16,2.95602e+21,2.90799e+09
4.17958e+06,199928,2.67787e+07,6.1172e+25,4.23756e+27,2.90006e+10,0.0066096,2.00248e+36,0.03468,0.059266,68.9155,1.59863e-34,6.7812e+15,7.35161e+16,1.29672e+14,8.0427e+16,3.02718e+21,2.9079e+09
4.22958e+06,199922,2.67784e+07,6.33927e+25,4.39071e+27,2.93472e+10,0.00660975,2.00224e+36,0.03468,0.0592616,68.8976,1.59772e-34,6.7809e+15,7.35133e+16,1.29666e+14,8.04239e+16,3.09916e+21,2.90781e+09
4.27958e+06,199917,2.6778e+07,6.56666e+25,4.54749e+27,2.96939e+10,0.00660989,2.002e+36,0.03468,0.0592572,68.8796,1.5968e-34,6.7806e+15,7.35105e+16,1.2966e+14,8.04207e+16,3.17195e+21,2.90771e+09
4.32958e+06,199912,2.67777e+07,6.79941e+25,4.70792e+27,3.00406e+10,0.00661004,2.00176e+36,0.03468,0.0592528,68.8613,1.59588e-34,6.78029e+15,7.35076e+16,1.29654e+14,8.04175e+16,3.24555e+21,2.90762e+09
4.37958e+06,199906,2.67774e+07,7.03759e+25,4.87206e+27,3.03872e+10,0.0066102,2.00152e+36,0.03468,0.0592482,68.8428,1.59494e-34,6.77997e+15,7.35046e+16,1.29647e+14,8.04143e+16,3.31996e+21,2.90752e+09
4.42958e+06,199900,2.67771e+07,7.28126e+25,5.03993e+27,3.07338e+10,0.00661035,2.00127e+36,0.03468,0.0592437,68.8241,1.59399e-34,6.77966e+15,7.35017e+16,1.29641e+14,8.0411e+16,3.39518e+21,2.90742e+09
4.47958e+06,199895,2.67767e+07,7.5305e+25,5.21159e+27,3.10805e+10,0.00661051,2.00102e+36,0.03468,0.0592391,68.8052,1.59303e-34,6.77934e+15,7.34987e+16,1.29635e+14,8.04077e+16,3.47121e+21,2.90732e+09
4.52958e+06,199889,2.67764e+07,7.78535e+25,5.38707e+27,3.14271e+10,0.00661066,2.00076e+36,0.03468,0.0592344,68.7861,1.59206e-34,6.77901e+15,7.34957e+16,1.29628e+14,8.04043e+16,3.54804e+21,2.90722e+09
4.57958e+06,199883,2.67761e+07,8.04588e+25,5.56641e+27,3.17737e+10,0.00661082,2.0005e+36,0.03468,0.0592297,68.7668,1.59108e-34,6.77869e+15,7.34926e+16,1.29622e+14,8.04009e+16,3.62568e+21,2.90712e+09
4.62958e+06,199877,2.67757e+07,8.31216e+25,5.74965e+27,3.21203e+10,0.00661098,2.00024e+36,0.03468,0.0592249,68.7472,1.5901e-34,6.77836e+15,7.34895e+16,1.29615e+14,8.03975e+16,3.70413e+21,2.90701e+09
4.67958e+06,199871,2.67754e+07,8.58424e+25,5.93683e+27,3.24668e+10,0.00661115,1.99998e+36,0.03468,0.0592201,68.7275,1.5891e-34,6.77802e+15,7.34864e+16,1.29608e+14,8.0394e+16,3.78337e+21,2.90691e+09
4.72958e+06,199865,2.6775e+07,8.8622e+25,6.128e+27,3.28134e+10,0.00661131,1.99972e+36,0.03468,0.0592152,68.7076,1.58809e-34,6.77768e+15,7.34832e+16,1.29601e+14,8.03905e+16,3.86342e+21,2.9068e+09
4.77958e+06,199859,2.67747e+07,9.14608e+25,6.32319e+27,3.316e+10,0.00661148,1.99945e+36,0.03468,0.0592103,68.6874,1.58707e-34,6.77734e+15,7.34801e+16,1.29595e+14,8.0387e+16,3.94426e+21,2.9067e+09
4.82958e+06,199853,2.67743e+07,9.43596e+25,6.52244e+27,3.35065e+10,0.00661164,1.99918e+36,0.03468,0.0592054,68.6671,1.58604e-34,6.777e+15,7.34768e+16,1.29588e+14,8.03834e+16,4.0259e+21,2.90659e+09
4.87958e+06,199847,2.6774e+07,9.73189e+25,6.72579e+27,3.38531e+10,0.00661181,1.9989e+36,0.03468,0.0592003,68.6465,1.585e-34,6.77665e+15,7.34736e+16,1.29581e+14,8.03798e+16,4.10833e+21,2.90648e+09
4.92958e+06,199841,2.67736e+07,1.00339e+26,6.93329e+27,3.41996e+10,0.00661198,1.99863e+36,0.03468,0.0591953,68.6258,1.58395e-34,6.7763e+15,7.34703e+16,1.29574e+14,8.03761e+16,4.19156e+21,2.90637e+09
4.97958e+06,199835,2.67732e+07,1.03422e+26,7.14496e+27,3.45461e+10,0.00661216,1.99835e+36,0.03468,0.0591901,68.6048,1.58289e-34,6.77594e+15,7.3467e+16,1.29567e+14,8.03725e+16,4.27558e+21,2.90626e+09
5.02958e+06,199828,2.67729e+07,1.06566e+26,7.36086e+27,3.48926e+10,0.00661233,1.99807e+36,0.03468,0.059185,68.5836,1.58182e-34,6.77558e+15,7.34636e+16,1.29559e+14,8.03687e+16,4.36039e+21,2.90615e+09
5.07958e+06,199822,2.67725e+07,1.09774e+26,7.58101e+27,3.52391e+10,0.00661251,1.99778e+36,0.03468,0.0591797,68.5623,1.58074e-34,6.77522e+15,7.34602e+16,1.29552e+14,8.0365e+16,4.44599e+21,2.90604e+09
5.12958e+06,199815,2.67721e+07,1.13046e+26,7.80547e+27,3.55856e+10,0.00661269,1.99749e+36,0.03468,0.0591745,68.5407,1.57966e-34,6.77485e+15,7.34568e+16,1.29545e+14,8.03612e+16,4.53237e+21,2.90592e+09
5.17958e+06,199809,2.67717e+07,1.16381e+26,8.03427e+27,3.59321e+10,0.00661287,1.9972e+36,0.03468,0.0591691,68.5189,1.57856e-34,6.77448e+15,7.34533e+16,1.29537e+14,8.03573e+16,4.61954e+21,2.90581e+09
5.22958e+06,199802,2.67713e+07,1.19782e+26,8.26744e+27,3.62786e+10,0.00661305,1.99691e+36,0.03468,0.0591637,68.4969,1.57745e-34,6.77411e+15,7.34498e+16,1.2953e+14,8.03535e+16,4.70749e+21,2.90569e+09
5.27958e+06,199796,2.67709e+07,1.23248e+26,8.50503e+27,3.6625e+10,0.00661323,1.99662e+36,0.03468,0.0591583,68.4747,1.57633e-34,6.77373e+15,7.34463e+16,1.29522e+14,8.03496e+16,4.79623e+21,2.90557e+09
5.32958e+06,199789,2.67705e+07,1.26781e+26,8.74707e+27,3.69714e+10,0.00661342,1.99632e+36,0.03468,0.0591528,68.4523,1.5752e-34,6.77335e+15,7.34427e+16,1.29515e+14,8.03456e+16,4.88574e+21,2.90545e+09
5.37958e+06,199782,2.67701e+07,1.3038e+26,8.99362e+27,3.73179e+10,0.0066136,1.99602e+36,0.03468,0.0591473,68.4297,1.57406e-34,6.77297e+15,7.34392e+16,1.29507e+14,8.03416e+16,4.97603e+21,2.90533e+09
5.42958e+06,199775,2.67697e+07,1.34046e+26,9.24469e+27,3.76643e+10,0.00661379,1.99571e+36,0.03468,0.0591417,68.4069,1.57291e-34,6.77258e+15,7.34355e+16,1.29499e+14,8.03376e+16,5.0671e+21,2.90521e+09
5.47958e+06,199768,2.67693e+07,1.37781e+26,9.50034e+27,3.80107e+10,0.00661398,1.99541e+36,0.03468,0.0591361,68.3839,1.57176e-34,6.77219e+15,7.34319e+16,1.29491e+14,8.03335e+16,5.15894e+21,2.90509e+09
5.52958e+06,199761,2.67689e+07,1.41584e+26,9.7606e+27,3.83571e+10,0.00661417,1.9951e+36,0.03468,0.0591304,68.3607,1.57059e-34,6.7718e+15,7.34282e+16,1.29483e+14,8.03295e+16,5.25155e+21,2.90497e+09
5.57958e+06,199754,2.67685e+07,1.45457e+26,1.00255e+28,3.87035e+10,0.00661437,1.99478e+36,0.03468,0.0591247,68.3373,1.56941e-34,6.7714e+15,7.34245e+16,1.29475e+14,8.03253e+16,5.34493e+21,2.90484e+09
5.62958e+06,199747,2.67681e+07,1.49399e+26,1.02951e+28,3.90498e+10,0.00661456,1.99447e+36,0.03468,0.0591189,68.3137,1.56822e-34,6.771e+15,7.34207e+16,1.29467e+14,8.03212e+16,5.43909e+21,2.90472e+09
5.67958e+06,199740,2.67677e+07,1.53412e+26,1.05694e+28,3.93962e+10,0.00661476,1.99415e+36,0.03468,0.059113,68.2899,1.56703e-34,6.77059e+15,7.34169e+16,1.29459e+14,8.0317e+16,5.534e+21,2.90459e+09
5.72958e+06,199733,2.67672e+07,1.57496e+26,1.08485e+28,3.97425e+10,0.00661496,1.99383e+36,0.03468,0.0591071,68.2659,1.56582e-34,6.77018e+15,7.34131e+16,1.29451e+14,8.03127e+16,5.62969e+21,2.90446e+09
5.77958e+06,199725,2.67668e+07,1.61652e+26,1.11324e+28,4.00889e+10,0.00661516,1.99351e+36,0.03468,0.0591012,68.2417,1.56461e-34,6.76977e+15,7.34092e+16,1.29443e+14,8.03084e+16,5.72613e+21,2.90433e+09
5.82958e+06,199718,2.67664e+07,1.6588e+26,1.14211e+28,4.04352e+10,0.00661536,1.99318e+36,0.03468,0.0590952,68.2172,1.56338e-34,6.76935e+15,7.34053e+16,1.29434e+14,8.03041e+16,5.82334e+21,2.9042e+09
5.87958e+06,199711,2.6766e+07,1.70181e+26,1.17148e+28,4.07815e+10,0.00661557,1.99285e+36,0.03468,0.0590892,68.1926,1.56215e-34,6.76893e+15,7.34014e+16,1.29426e+14,8.02998e+16,5.9213e+21,2.90407e+09
5.92958e+06,199703,2.67655e+07,1.74556e+26,1.20133e+28,4.11278e+10,0.00661578,1.99252e+36,0.03468,0.0590831,68.1678,1.5609e-34,6.76851e+15,7.33974e+16,1.29417e+14,8.02954e+16,6.02002e+21,2.90394e+09
5.97958e+06,199696,2.67651e+07,1.79005e+26,1.23168e+28,4.14741e+10,0.00661598,1.99218e+36,0.03468,0.0590769,68.1428,1.55965e-34,6.76808e+15,7.33935e+16,1.29409e+14,8.02909e+16,6.1195e+21,2.90381e+09
6.02958e+06,199688,2.67646e+07,1.83528e+26,1.26253e+28,4.18203e+10,0.00661619,1.99185e+36,0.03468,0.0590707,68.1175,1.55838e-34,6.76765e+15,7.33894e+16,1.294e+14,8.02865e+16,6.21973e+21,2.90367e+09
6.07958e+06,199680,2.67642e+07,1.88128e+26,1.29388e+28,4.21666e+10,0.0066164,1.99151e+36,0.03468,0.0590645,68.0921,1.55711e-34,6.76722e+15,7.33854e+16,1.29391e+14,8.0282e+16,6.32071e+21,2.90354e+09
6.12958e+06,199673,2.67637e+07,1.92803e+26,1.32573e+28,4.25128e+10,0.00661662,1.99117e+36,0.03468,0.0590582,68.0665,1.55583e-34,6.76678e+15,7.33813e+16,1.29383e+14,8.02774e+16,6.42243e+21,2.9034e+09
6.17958e+06,199665,2.67633e+07,1.97555e+26,1.3581e+28,4.2859e+10,0.00661683,1.99082e+36,0.03468,0.0590518,68.0407,1.55454e-34,6.76634e+15,7.33772e+16,1.29374e+14,8.02729e+16,6.52491e+21,2.90326e+09
6.22958e+06,199657,2.67628e+07,2.02385e+26,1.39098e+28,4.32052e+10,0.00661705,1.99047e+36,0.03468,0.0590454,68.0146,1.55323e-34,6.7659e+15,7.3373e+16,1.29365e+14,8.02683e+16,6.62813e+21,2.90313e+09
6.27958e+06,199649,2.67623e+07,2.07292e+26,1.42438e+28,4.35514e+10,0.00661727,1.99012e+36,0.03468,0.059039,67.9884,1.55192e-34,6.76545e+15,7.33688e+16,1.29356e+14,8.02636e+16,6.73209e+21,2.90299e+09
6.32958e+06,199641,2.67619e+07,2.12278e+26,1.45831e+28,4.38976e+10,0.00661749,1.98977e+36,0.03468,0.0590325,67.962,1.5506e-34,6.765e+15,7.33646e+16,1.29347e+14,8.02589e+16,6.83679e+21,2.90285e+09
6.37958e+06,199633,2.67614e+07,2.17343e+26,1.49275e+28,4.42438e+10,0.00661771,1.98941e+36,0.03468,0.0590259,67.9354,1.54927e-34,6.76454e+15,7.33603e+16,1.29338e+14,8.02542e+16,6.94223e+21,2.9027e+09
6.42958e+06,199625,2.67609e+07,2.22488e+26,1.52773e+28,4.459e+10,0.00661793,1.98905e+36,0.03468,0.0590193,67.9086,1.54793e-34,6.76408e+15,7.3356e+16,1.29328e+14,8.02494e+16,7.04841e+21,2.90256e+09
6.47958e+06,199617,2.67604e+07,2.27714e+26,1.56324e+28,4.49361e+10,0.00661816,1.98869e+36,0.03468,0.0590127,67.8815,1.54659e-34,6.76362e+15,7.33517e+16,1.29319e+14,8.02446e+16,7.15532e+21,2.90242e+09
6.52958e+06,199608,2.676e+07,2.3302e+26,1.59928e+28,4.52822e+10,0.00661839,1.98833e+36,0.03468,0.059006,67.8543,1.54523e-34,6.76315e+15,7.33474e+16,1.2931e+14,8.02398e+16,7.26296e+21,2.90227e+09
6.57958e+06,199600,2.67595e+07,2.38409e+26,1.63587e+28,4.56283e+10,0.00661862,1.98796e+36,0.03468,0.0589992,67.8269,1.54386e-34,6.76268e+15,7.3343e+16,1.293e+14,8.02349e+16,7.37134e+21,2.90212e+09
6.62958e+06,199592,2.6759e+07,2.43879e+26,1.673e+28,4.59744e+10,0.00661885,1.98759e+36,0.03468,0.0589924,67.7993,1.54249e-34,6.76221e+15,7.33385e+16,1.29291e+14,8.023e+16,7.48044e+21,2.90198e+09
6.67958e+06,199583,2.67585e+07,2.49432e+26,1.71068e+28,4.63205e+10,0.00661908,1.98721e+36,0.03468,0.0589855,67.7715,1.5411e-34,6.76173e+15,7.33341e+16,1.29281e+14,8.02251e+16,7.59026e+21,2.90183e+09
6.72958e+06,199575,2.6758e+07,2.55069e+26,1.7489e+28,4.66666e+10,0.00661931,1.98684e+36,0.03468,0.0589786,67.7435,1.53971e-34,6.76125e+15,7.33296e+16,1.29272e+14,8.02201e+16,7.70081e+21,2.90168e+09
6.77958e+06,199566,2.67575e+07,2.6079e+26,1.78769e+28,4.70127e+10,0.00661955,1.98646e+36,0.03468,0.0589717,67.7153,1.53831e-34,6.76077e+15,7.33251e+16,1.29262e+14,8.02151e+16,7.81208e+21,2.90153e+09
6.82958e+06,199557,2.6757e+07,2.66596e+26,1.82703e+28,4.73587e+10,0.00661979,1.98608e+36,0.03468,0.0589647,67.6869,1.53689e-34,6.76028e+15,7.33205e+16,1.29252e+14,8.02101e+16,7.92407e+21,2.90138e+09
6.87958e+06,199549,2.67565e+07,2.72487e+26,1.86693e+28,4.77047e+10,0.00662003,1.9857e+36,0.03468,0.0589576,67.6583,1.53547e-34,6.75979e+15,7.33159e+16,1.29242e+14,8.0205e+16,8.03678e+21,2.90122e+09
6.92958e+06,199540,2.67559e+07,2.78465e+26,1.90739e+28,4.80507e+10,0.00662027,1.98531e+36,0.03468,0.0589505,67.6295,1.53404e-34,6.7593e+15,7.33113e+16,1.29232e+14,8.01998e+16,8.1502e+21,2.90107e+09
6.97958e+06,199531,2.67554e+07,2.84528e+26,1.94843e+28,4.83967e+10,0.00662051,1.98492e+36,0.03468,0.0589433,67.6005,1.5326e-34,6.7588e+15,7.33066e+16,1.29222e+14,8.01947e+16,8.26433e+21,2.90091e+09
7.02958e+06,199522,2.67549e+07,2.90679e+26,1.99004e+28,4.87427e+10,0.00662076,1.98453e+36,0.03468,0.0589361,67.5713,1.53115e-34,6.7583e+15,7.3302e+16,1.29212e+14,8.01895e+16,8.37917e+21,2.90076e+09
7.07958e+06,199513,2.67544e+07,2.96918e+26,2.03222e+28,4.90887e+10,0.006621,1.98413e+36,0.03468,0.0589289,67.5419,1.5297e-34,6.7578e+15,7.32972e+16,1.29202e+14,8.01842e+16,8.49472e+21,2.9006e+09
7.12958e+06,199504,2.67539e+07,3.03246e+26,2.07499e+28,4.94346e+10,0.00662125,1.98374e+36,0.03468,0.0589215,67.5123,1.52823e-34,6.75729e+15,7.32925e+16,1.29192e+14,8.0179e+16,8.61097e+21,2.90044e+09
7.17958e+06,199495,2.67533e+07,3.09662e+26,2.11833e+28,4.97805e+10,0.0066215,1.98334e+36,0.03468,0.0589142,67.4826,1.52676e-34,6.75678e+15,7.32877e+16,1.29182e+14,8.01737e+16,8.72793e+21,2.90028e+09
7.22958e+06,199486,2.67528e+07,3.16168e+26,2.16227e+28,5.01265e+10,0.00662175,1.98293e+36,0.03468,0.0589068,67.4526,1.52527e-34,6.75626e+15,7.32829e+16,1.29171e+14,8.01683e+16,8.84559e+21,2.90012e+09
7.27958e+06,199477,2.67523e+07,3.22765e+26,2.20679e+28,5.04724e+10,0.00662201,1.98253e+36,0.03468,0.0588993,67.4224,1.52378e-34,6.75574e+15,7.3278e+16,1.29161e+14,8.01629e+16,8.96394e+21,2.89996e+09
7.32958e+06,199468,2.67517e+07,3.29452e+26,2.25191e+28,5.08183e+10,0.00662226,1.98212e+36,0.03468,0.0588918,67.3921,1.52228e-34,6.75522e+15,7.32731e+16,1.29151e+14,8.01575e+16,9.08299e+21,2.89979e+09
7.37958e+06,199458,2.67512e+07,3.36231e+26,2.29762e+28,5.11641e+10,0.00662252,1.98171e+36,0.03468,0.0588842,67.3615,1.52077e-34,6.75469e+15,7.32682e+16,1.2914e+14,8.0152e+16,9.20274e+21,2.89963e+09
7.42958e+06,199449,2.67506e+07,3.43102e+26,2.34394e+28,5.151e+10,0.00662278,1.9813e+36,0.03468,0.0588766,67.3308,1.51925e-34,6.75416e+15,7.32633e+16,1.29129e+14,8.01466e+16,9.32317e+21,2.89946e+09
7.47958e+06,199440,2.67501e+07,3.50066e+26,2.39086e+28,5.18558e+10,0.00662304,1.98088e+36,0.03468,0.0588689,67.2999,1.51772e-34,6.75363e+15,7.32583e+16,1.29119e+14,8.0141e+16,9.4443e+21,2.8993e+09
7.52958e+06,199430,2.67495e+07,3.57123e+26,2.43838e+28,5.22016e+10,0.0066233,1.98046e+36,0.03468,0.0588612,67.2687,1.51618e-34,6.75309e+15,7.32533e+16,1.29108e+14,8.01355e+16,9.56611e+21,2.89913e+09
7.57958e+06,199421,2.67489e+07,3.64274e+26,2.48652e+28,5.25474e+10,0.00662356,1.98004e+36,0.03468,0.0588535,67.2374,1.51464e-34,6.75255e+15,7.32482e+16,1.29097e+14,8.01298e+16,9.6886e+21,2.89896e+09
7.62958e+06,199411,2.67484e+07,3.7152e+26,2.53527e+28,5.28932e+10,0.00662383,1.97962e+36,0.03468,0.0588456,67.2059,1.51309e-34,6.75201e+15,7.32431e+16,1.29086e+14,8.01242e+16,9.81177e+21,2.89879e+09
7.67958e+06,199401,2.67478e+07,3.78861e+26,2.58464e+28,5.3239e+10,0.0066241,1.97919e+36,0.03468,0.0588378,67.1742,1.51152e-34,6.75146e+15,7.3238e+16,1.29075e+14,8.01185e+16,9.93563e+21,2.89862e+09
7.72958e+06,199391,2.67472e+07,3.86298e+26,2.63463e+28,5.35847e+10,0.00662437,1.97876e+36,0.03468,0.0588299,67.1423,1.50995e-34,6.75091e+15,7.32328e+16,1.29064e+14,8.01128e+16,1.00602e+22,2.89845e+09
7.77958e+06,199382,2.67467e+07,3.93832e+26,2.68524e+28,5.39305e+10,0.00662464,1.97833e+36,0.03468,0.0588219,67.1102,1.50837e-34,6.75036e+15,7.32277e+16,1.29053e+14,8.01071e+16,1.01854e+22,2.89828e+09
7.82958e+06,199372,2.67461e+07,4.01462e+26,2.73648e+28,5.42762e+10,0.00662491,1.97789e+36,0.03468,0.0588139,67.0779,1.50679e-34,6.7498e+15,7.32224e+16,1.29042e+14,8.01013e+16,1.03112e+22,2.8981e+09
7.87958e+06,199362,2.67455e+07,4.0919e+26,2.78835e+28,5.46219e+10,0.00662519,1.97745e+36,0.03468,0.0588058,67.0455,1.50519e-34,6.74924e+15,7.32172e+16,1.29031e+14,8.00955e+16,1.04378e+22,2.89793e+09
7.92958e+06,199352,2.67449e+07,4.17017e+26,2.84086e+28,5.49676e+10,0.00662546,1.97701e+36,0.03468,0.0587977,67.0128,1.50358e-34,6.74867e+15,7.32119e+16,1.29019e+14,8.00896e+16,1.0565e+22,2.89775e+09
7.97958e+06,199342,2.67443e+07,4.24943e+26,2.89401e+28,5.53133e+10,0.00662574,1.97657e+36,0.03468,0.0587895,66.98,1.50197e-34,6.74811e+15,7.32066e+16,1.29008e+14,8.00837e+16,1.06929e+22,2.89757e+09
8.02958e+06,199332,2.67437e+07,4.32968e+26,2.94779e+28,5.56589e+10,0.00662602,1.97612e+36,0.03468,0.0587813,66.9469,1.50035e-34,6.74753e+15,7.32012e+16,1.28996e+14,8.00778e+16,1.08214e+22,2.8974e+09
8.07958e+06,199321,2.67431e+07,4.41093e+26,3.00222e+28,5.60045e+10,0.0066263,1.97568e+36,0.03468,0.058773,66.9137,1.49872e-34,6.74696e+15,7.31959e+16,1.28985e+14,8.00718e+16,1.09506e+22,2.89722e+09
8.12958e+06,199311,2.67425e+07,4.49319e+26,3.0573e+28,5.63502e+10,0.00662659,1.97522e+36,0.03468,0.0587647,66.8803,1.49708e-34,6.74638e+15,7.31904e+16,1.28973e+14,8.00658e+16,1.10804e+22,2.89704e+09
8.17958e+06,199301,2.67419e+07,4.57646e+26,3.11303e+28,5.66958e+10,0.00662687,1.97477e+36,0.03468,0.0587563,66.8467,1.49543e-34,6.7458e+15,7.3185e+16,1.28961e+14,8.00598e+16,1.12109e+22,2.89685e+09
8.22958e+06,199290,2.67413e+07,4.66075e+26,3.16941e+28,5.70413e+10,0.00662716,1.97431e+36,0.03468,0.0587479,66.8129,1.49378e-34,6.74521e+15,7.31795e+16,1.2895e+14,8.00537e+16,1.13421e+22,2.89667e+09
8.27958e+06,199280,2.67407e+07,4.74607e+26,3.22645e+28,5.73869e+10,0.00662745,1.97386e+36,0.03468,0.0587395,66.7789,1.49212e-34,6.74462e+15,7.3174e+16,1.28938e+14,8.00476e+16,1.14739e+22,2.89649e+09
8.32958e+06,199269,2.67401e+07,4.83242e+26,3.28415e+28,5.77324e+10,0.00662774,1.97339e+36,0.03468,0.0587309,66.7447,1.49045e-34,6.74403e+15,7.31684e+16,1.28926e+14,8.00414e+16,1.16063e+22,2.8963e+09
8.37958e+06,199259,2.67395e+07,4.91981e+26,3.34251e+28,5.8078e+10,0.00662803,1.97293e+36,0.03468,0.0587224,66.7103,1.48877e-34,6.74343e+15,7.31629e+16,1.28914e+14,8.00352e+16,1.17394e+22,2.89611e+09
8.42958e+06,199248,2.67388e+07,5.00825e+26,3.40154e+28,5.84235e+10,0.00662832,1.97246e+36,0.03468,0.0587138,66.6758,1.48708e-34,6.74283e+15,7.31573e+16,1.28902e+14,8.0029e+16,1.18732e+22,2.89593e+09
8.47958e+06,199238,2.67382e+07,5.09773e+26,3.46125e+28,5.8769e+10,0.00662862,1.97199e+36,0.03468,0.0587051,66.6411,1.48538e-34,6.74223e+15,7.31516e+16,1.2889e+14,8.00227e+16,1.20075e+22,2.89574e+09
8.52958e+06,199227,2.67376e+07,5.18827e+26,3.52162e+28,5.91144e+10,0.00662892,1.97152e+36,0.03468,0.0586964,66.6061,1.48368e-34,6.74162e+15,7.31459e+16,1.28878e+14,8.00164e+16,1.21425e+22,2.89555e+09
8.57958e+06,199216,2.67369e+07,5.27988e+26,3.58267e+28,5.94599e+10,0.00662922,1.97104e+36,0.03468,0.0586876,66.571,1.48197e-34,6.74101e+15,7.31402e+16,1.28865e+14,8.00101e+16,1.22782e+22,2.89536e+09
8.62958e+06,199205,2.67363e+07,5.37255e+26,3.6444e+28,5.98053e+10,0.00662952,1.97057e+36,0.03468,0.0586788,66.5357,1.48025e-34,6.7404e+15,7.31345e+16,1.28853e+14,8.00037e+16,1.24144e+22,2.89517e+09
8.67958e+06,199194,2.67357e+07,5.4663e+26,3.70682e+28,6.01507e+10,0.00662982,1.97009e+36,0.03468,0.0586699,66.5002,1.47852e-34,6.73978e+15,7.31287e+16,1.28841e+14,7.99973e+16,1.25513e+22,2.89497e+09
8.72958e+06,199183,2.6735e+07,5.56113e+26,3.76992e+28,6.04961e+10,0.00663013,1.9696e+36,0.03468,0.058661,66.4646,1.47678e-34,6.73916e+15,7.31229e+16,1.28828e+14,7.99909e+16,1.26889e+22,2.89478e+09
8.77958e+06,199172,2.67344e+07,5.65704e+26,3.83371e+28,6.08415e+10,0.00663043,1.96912e+36,0.03468,0.058652,66.4287,1.47504e-34,6.73854e+15,7.3117e+16,1.28816e+14,7.99844e+16,1.2827e+22,2.89459e+09
8.82958e+06,199161,2.67337e+07,5.75405e+26,3.89819e+28,6.11868e+10,0.00663074,1.96863e+36,0.03468,0.058643,66.3927,1.47329e-34,6.73791e+15,7.31112e+16,1.28803e+14,7.99779e+16,1.29658e+22,2.89439e+09
8.87958e+06,199150,2.6733e+07,5.85216e+26,3.96337e+28,6.15322e+10,0.00663105,1.96814e+36,0.03468,0.0586339,66.3565,1.47153e-34,6.73728e+15,7.31053e+16,1.2879e+14,7.99713e+16,1.31051e+22,2.89419e+09
8.92958e+06,199138,2.67324e+07,5.95138e+26,4.02924e+28,6.18775e+10,0.00663136,1.96764e+36,0.03468,0.0586248,66.32,1.46976e-34,6.73664e+15,7.30993e+16,1.28778e+14,7.99647e+16,1.32451e+22,2.89399e+09
8.97958e+06,199127,2.67317e+07,6.0517e+26,4.09582e+28,6.22228e+10,0.00663167,1.96715e+36,0.03468,0.0586157,66.2835,1.46799e-34,6.736e+15,7.30933e+16,1.28765e+14,7.99581e+16,1.33857e+22,2.89379e+09
9.02958e+06,199116,2.6731e+07,6.15315e+26,4.1631e+28,6.25681e+10,0.00663199,1.96665e+36,0.03468,0.0586064,66.2467,1.46621e-34,6.73536e+15,7.30873e+16,1.28752e+14,7.99514e+16,1.35269e+22,2.89359e+09
9.07958e+06,199104,2.67304e+07,6.25571e+26,4.23109e+28,6.29133e+10,0.00663231,1.96615e+36,0.03468,0.0585972,66.2097,1.46442e-34,6.73472e+15,7.30813e+16,1.28739e+14,7.99447e+16,1.36687e+22,2.89339e+09
9.12958e+06,199093,2.67297e+07,6.35941e+26,4.29979e+28,6.32586e+10,0.00663263,1.96564e+36,0.03468,0.0585879,66.1726,1.46262e-34,6.73407e+15,7.30752e+16,1.28726e+14,7.9938e+16,1.38111e+22,2.89319e+09
9.17958e+06,199081,2.6729e+07,6.46425e+26,4.3692e+28,6.36038e+10,0.00663295,1.96513e+36,0.03468,0.0585785,66.1353,1.46081e-34,6.73342e+15,7.30691e+16,1.28713e+14,7.99312e+16,1.39541e+22,2.89299e+09
9.22958e+06,199070,2.67283e+07,6.57022e+26,4.43933e+28,6.3949e+10,0.00663327,1.96463e+36,0.03468,0.0585691,66.0978,1.459e-34,6.73276e+15,7.3063e+16,1.287e+14,7.99244e+16,1.40978e+22,2.89278e+09
9.27958e+06,199058,2.67276e+07,6.67735e+26,4.51018e+28,6.42942e+10,0.00663359,1.96411e+36,0.03468,0.0585596,66.0601,1.45718e-34,6.7321e+15,7.30568e+16,1.28687e+14,7.99176e+16,1.4242e+22,2.89257e+09
9.32958e+06,199046,2.6727e+07,6.78562e+26,4.58175e+28,6.46393e+10,0.00663392,1.9636e+36,0.03468,0.0585501,66.0222,1.45535e-34,6.73144e+15,7.30506e+16,1.28673e+14,7.99107e+16,1.43867e+22,2.89237e+09
9.37958e+06,199034,2.67263e+07,6.89506e+26,4.65405e+28,6.49844e+10,0.00663425,1.96308e+36,0.03468,0.0585405,65.9841,1.45351e-34,6.73077e+15,7.30444e+16,1.2866e+14,7.99038e+16,1.45321e+22,2.89216e+09
9.42958e+06,199022,2.67256e+07,7.00567e+26,4.72708e+28,6.53296e+10,0.00663457,1.96256e+36,0.03468,0.0585309,65.9459,1.45167e-34,6.7301e+15,7.30381e+16,1.28646e+14,7.98968e+16,1.46781e+22,2.89195e+09
9.47958e+06,199010,2.67249e+07,7.11745e+26,4.80083e+28,6.56747e+10,0.00663491,1.96204e+36,0.03468,0.0585213,65.9075,1.44982e-34,6.72943e+15,7.30318e+16,1.28633e+14,7.98898e+16,1.48246e+22,2.89174e+09
9.52958e+06,198998,2.67242e+07,7.2304e+26,4.87532e+28,6.60197e+10,0.00663524,1.96151e+36,0.03468,0.0585116,65.8689,1.44796e-34,6.72875e+15,7.30255e+16,1.28619e+14,7.98828e+16,1.49718e+22,2.89153e+09
9.57958e+06,198986,2.67234e+07,7.34454e+26,4.95055e+28,6.63648e+10,0.00663557,1.96098e+36,0.03468,0.0585018,65.8301,1.4461e-34,6.72807e+15,7.30191e+16,1.28606e+14,7.98758e+16,1.51195e+22,2.89132e+09
9.62958e+06,198974,2.67227e+07,7.45987e+26,5.02652e+28,6.67098e+10,0.00663591,1.96045e+36,0.03468,0.058492,65.7912,1.44422e-34,6.72739e+15,7.30127e+16,1.28592e+14,7.98687e+16,1.52677e+22,2.8911e+09
9.67958e+06,198962,2.6722e+07,7.5764e+26,5.10323e+28,6.70548e+10,0.00663625,1.95992e+36,0.03468,0.0584821,65.752,1.44234e-34,6.7267e+15,7.30062e+16,1.28578e+14,7.98615e+16,1.54166e+22,2.89089e+09
9.72958e+06,198950,2.67213e+07,7.69413e+26,5.18069e+28,6.73998e+10,0.00663659,1.95939e+36,0.03468,0.0584722,65.7127,1.44046e-34,6.72601e+15,7.29998e+16,1.28564e+14,7.98544e+16,1.5566e+22,2.89067e+09
9.77958e+06,198937,2.67206e+07,7.81307e+26,5.25889e+28,6.77448e+10,0.00663693,1.95885e+36,0.03468,0.0584623,65.6732,1.43856e-34,6.72531e+15,7.29933e+16,1.2855e+14,7.98471e+16,1.5716e+22,2.89045e+09
9.82958e+06,198925,2.67198e+07,7.93323e+26,5.33785e+28,6.80897e+10,0.00663727,1.95831e+36,0.03468,0.0584523,65.6336,1.43666e-34,6.72462e+15,7.29868e+16,1.28536e+14,7.98399e+16,1.58665e+22,2.89024e+09
9.87958e+06,198913,2.67191e+07,8.05461e+26,5.41756e+28,6.84347e+10,0.00663762,1.95776e+36,0.03468,0.0584422,65.5937,1.43475e-34,6.72392e+15,7.29802e+16,1.28522e+14,7.98326e+16,1.60176e+22,2.89002e+09
9.92958e+06,198900,2.67184e+07,8.17721e+26,5.49803e+28,6.87796e+10,0.00663796,1.95722e+36,0.03468,0.0584321,65.5537,1.43284e-34,6.72321e+15,7.29736e+16,1.28508e+14,7.98253e+16,1.61693e+22,2.8898e+09
9.97958e+06,198888,2.67176e+07,8.30105e+26,5.57925e+28,6.91244e+10,0.00663831,1.95667e+36,0.03468,0.0584219,65.5135,1.43091e-34,6.7225e+15,7.2967e+16,1.28494e+14,7.9818e+16,1.63215e+22,2.88958e+09
1.00296e+07,198875,2.67169e+07,8.42612e+26,5.66124e+28,6.94693e+10,0.00663866,1.95612e+36,0.03468,0.0584117,65.4731,1.42898e-34,6.72179e+15,7.29603e+16,1.2848e+14,7.98106e+16,1.64743e+22,2.88935e+09
1.00796e+07,198862,2.67162e+07,8.55244e+26,5.744e+28,6.98141e+10,0.00663902,1.95556e+36,0.03468,0.0584015,65.4326,1.42705e-34,6.72108e+15,7.29536e+16,1.28465e+14,7.98031e+16,1.66276e+22,2.88913e+09
1.01296e+07,198849,2.67154e+07,8.68001e+26,5.82752e+28,7.0159e+10,0.00663937,1.95501e+36,0.03468,0.0583912,65.3919,1.4251e-34,6.72036e+15,7.29469e+16,1.28451e+14,7.97957e+16,1.67814e+22,2.88891e+09
1.01796e+07,198837,2.67147e+07,8.80884e+26,5.91181e+28,7.05038e+10,0.00663973,1.95445e+36,0.03468,0.0583808,65.351,1.42315e-34,6.71963e+15,7.29401e+16,1.28436e+14,7.97882e+16,1.69358e+22,2.88868e+09
1.02296e+07,198824,2.67139e+07,8.93894e+26,5.99688e+28,7.08485e+10,0.00664008,1.95388e+36,0.03468,0.0583704,65.3099,1.42119e-34,6.71891e+15,7.29333e+16,1.28422e+14,7.97807e+16,1.70907e+22,2.88845e+09
1.02796e+07,198811,2.67131e+07,9.0703e+26,6.08272e+28,7.11933e+10,0.00664044,1.95332e+36,0.03468,0.05836,65.2686,1.41923e-34,6.71818e+15,7.29265e+16,1.28407e+14,7.97731e+16,1.72462e+22,2.88822e+09
1.03296e+07,198798,2.67124e+07,9.20294e+26,6.16934e+28,7.1538e+10,0.0066408,1.95275e+36,0.03468,0.0583495,65.2272,1.41726e-34,6.71745e+15,7.29196e+16,1.28393e+14,7.97655e+16,1.74022e+22,2.888e+09
1.03796e+07,198785,2.67116e+07,9.33686e+26,6.25674e+28,7.18827e+10,0.00664117,1.95218e+36,0.03468,0.0583389,65.1856,1.41528e-34,6.71671e+15,7.29128e+16,1.28378e+14,7.97578e+16,1.75587e+22,2.88777e+09
1.04296e+07,198772,2.67108e+07,9.47206e+26,6.34493e+28,7.22274e+10,0.00664153,1.95161e+36,0.03468,0.0583283,65.1438,1.41329e-34,6.71597e+15,7.29058e+16,1.28363e+14,7.97502e+16,1.77158e+22,2.88753e+09
1.04796e+07,198758,2.67101e+07,9.60856e+26,6.4339e+28,7.2572e+10,0.0066419,1.95104e+36,0.03468,0.0583177,65.1019,1.4113e-34,6.71523e+15,7.28989e+16,1.28348e+14,7.97425e+16,1.78733e+22,2.8873e+09
1.05296e+07,198745,2.67093e+07,9.74636e+26,6.52367e+28,7.29167e+10,0.00664227,1.95046e+36,0.03468,0.058307,65.0597,1.4093e-34,6.71448e+15,7.28919e+16,1.28333e+14,7.97347e+16,1.80314e+22,2.88707e+09
1.05796e+07,198732,2.67085e+07,9.88547e+26,6.61422e+28,7.32613e+10,0.00664264,1.94988e+36,0.03468,0.0582963,65.0174,1.4073e-34,6.71373e+15,7.28849e+16,1.28318e+14,7.97269e+16,1.819e+22,2.88683e+09
1.06296e+07,198718,2.67077e+07,1.00259e+27,6.70557e+28,7.36059e+10,0.00664301,1.9493e+36,0.03468,0.0582855,64.975,1.40529e-34,6.71298e+15,7.28778e+16,1.28303e+14,7.97191e+16,1.83491e+22,2.8866e+09
1.06796e+07,198705,2.67069e+07,1.01676e+27,6.79771e+28,7.39505e+10,0.00664338,1.94871e+36,0.03468,0.0582746,64.9323,1.40327e-34,6.71222e+15,7.28707e+16,1.28288e+14,7.97112e+16,1.85088e+22,2.88636e+09
1.07296e+07,198692,2.67061e+07,1.03107e+27,6.89066e+28,7.4295e+10,0.00664376,1.94812e+36,0.03468,0.0582637,64.8895,1.40124e-34,6.71146e+15,7.28636e+16,1.28272e+14,7.97033e+16,1.86689e+22,2.88612e+09
1.07796e+07,198678,2.67053e+07,1.04551e+27,6.9844e+28,7.46395e+10,0.00664413,1.94753e+36,0.03468,0.0582528,64.8465,1.39921e-34,6.7107e+15,7.28565e+16,1.28257e+14,7.96954e+16,1.88296e+22,2.88589e+09
1.08296e+07,198664,2.67045e+07,1.06008e+27,7.07895e+28,7.4984e+10,0.00664451,1.94694e+36,0.03468,0.0582418,64.8034,1.39718e-34,6.70993e+15,7.28493e+16,1.28242e+14,7.96875e+16,1.89907e+22,2.88565e+09
1.08796e+07,198651,2.67037e+07,1.07479e+27,7.17431e+28,7.53285e+10,0.00664489,1.94635e+36,0.03468,0.0582308,64.7601,1.39513e-34,6.70916e+15,7.28421e+16,1.28226e+14,7.96794e+16,1.91523e+22,2.88541e+09
1.09296e+07,198637,2.67029e+07,1.08963e+27,7.27048e+28,7.56729e+10,0.00664527,1.94575e+36,0.03468,0.0582197,64.7166,1.39308e-34,6.70839e+15,7.28348e+16,1.28211e+14,7.96714e+16,1.93145e+22,2.88516e+09
1.09796e+07,198623,2.67021e+07,1.1046e+27,7.36746e+28,7.60174e+10,0.00664566,1.94515e+36,0.03468,0.0582086,64.6729,1.39102e-34,6.70761e+15,7.28275e+16,1.28195e+14,7.96633e+16,1.94771e+22,2.88492e+09
1.10296e+07,198609,2.67013e+07,1.11972e+27,7.46525e+28,7.63618e+10,0.00664604,1.94455e+36,0.03468,0.0581974,64.6291,1.38896e-34,6.70683e+15,7.28202e+16,1.28179e+14,7.96552e+16,1.96402e+22,2.88468e+09
1.10796e+07,198595,2.67005e+07,1.13497e+27,7.56386e+28,7.67061e+10,0.00664643,1.94394e+36,0.03468,0.0581862,64.5851,1.38689e-34,6.70605e+15,7.28129e+16,1.28164e+14,7.96471e+16,1.98038e+22,2.88443e+09
1.11296e+07,198581,2.66996e+07,1.15035e+27,7.66329e+28,7.70505e+10,0.00664682,1.94333e+36,0.03468,0.0581749,64.5409,1.38482e-34,6.70526e+15,7.28055e+16,1.28148e+14,7.96389e+16,1.99679e+22,2.88418e+09
1.11796e+07,198567,2.66988e+07,1.16588e+27,7.76354e+28,7.73948e+10,0.00664721,1.94272e+36,0.03468,0.0581636,64.4966,1.38273e-34,6.70447e+15,7.27981e+16,1.28132e+14,7.96307e+16,2.01324e+22,2.88394e+09
1.12296e+07,198553,2.6698e+07,1.18154e+27,7.86462e+28,7.77391e+10,0.00664761,1.94211e+36,0.03468,0.0581522,64.4521,1.38065e-34,6.70367e+15,7.27906e+16,1.28116e+14,7.96224e+16,2.02975e+22,2.88369e+09
1.12796e+07,198539,2.66971e+07,1.19734e+27,7.96652e+28,7.80834e+10,0.006648,1.94149e+36,0.03468,0.0581408,64.4074,1.37855e-34,6.70287e+15,7.27832e+16,1.281e+14,7.96141e+16,2.0463e+22,2.88344e+09
1.13296e+07,198525,2.66963e+07,1.21328e+27,8.06925e+28,7.84277e+10,0.0066484,1.94088e+36,0.03468,0.0581293,64.3625,1.37645e-34,6.70207e+15,7.27757e+16,1.28084e+14,7.96058e+16,2.0629e+22,2.88319e+09
1.13796e+07,198510,2.66955e+07,1.22936e+27,8.17281e+28,7.87719e+10,0.0066488,1.94026e+36,0.03468,0.0581178,64.3175,1.37435e-34,6.70127e+15,7.27681e+16,1.28068e+14,7.95975e+16,2.07954e+22,2.88294e+09
1.14296e+07,198496,2.66946e+07,1.24559e+27,8.2772e+28,7.91161e+10,0.0066492,1.93963e+36,0.03468,0.0581062,64.2724,1.37223e-34,6.70046e+15,7.27606e+16,1.28052e+14,7.95891e+16,2.09623e+22,2.88268e+09
1.14796e+07,198482,2.66938e+07,1.26195e+27,8.38243e+28,7.94603e+10,0.0066496,1.93901e+36,0.03468,0.0580946,64.227,1.37011e-34,6.69965e+15,7.2753e+16,1.28035e+14,7.95806e+16,2.11297e+22,2.88243e+09
1.15296e+07,198467,2.66929e+07,1.27845e+27,8.4885e+28,7.98044e+10,0.00665,1.93838e+36,0.03468,0.0580829,64.1815,1.36799e-34,6.69883e+15,7.27453e+16,1.28019e+14,7.95722e+16,2.12975e+22,2.88217e+09
1.15796e+07,198453,2.66921e+07,1.2951e+27,8.59541e+28,8.01486e+10,0.00665041,1.93775e+36,0.03468,0.0580712,64.1359,1.36586e-34,6.69801e+15,7.27376e+16,1.28003e+14,7.95637e+16,2.14658e+22,2.88151e+09
1.16296e+07,198438,2.66912e+07,1.31189e+27,8.70316e+28,8.04927e+10,0.00665081,1.93711e+36,0.03468,0.0580595,64.09,1.36372e-34,6.69719e+15,7.27299e+16,1.27986e+14,7.95551e+16,2.16345e+22,2.88005e+09
1.16796e+07,198423,2.66903e+07,1.32883e+27,8.81175e+28,8.08367e+10,0.00665122,1.93648e+36,0.03468,0.0580476,64.044,1.36158e-34,6.69637e+15,7.27222e+16,1.27969e+14,7.95465e+16,2.18036e+22,2.87725e+09
1.17296e+07,198408,2.66895e+07,1.34591e+27,8.9212e+28,8.11808e+10,0.00665163,1.93584e+36,0.03468,0.0580358,63.9979,1.35944e-34,6.69554e+15,7.27144e+16,1.27953e+14,7.95379e+16,2.19732e+22,2.87237e+09
1.17796e+07,198394,2.66886e+07,1.36313e+27,9.03149e+28,8.15248e+10,0.00665205,1.9352e+36,0.03468,0.0580239,63.9516,1.35728e-34,6.6947e+15,7.27066e+16,1.27936e+14,7.95293e+16,2.21433e+22,2.86437e+09
1.18296e+07,198379,2.66877e+07,1.3805e+27,9.14263e+28,8.18688e+10,0.00665246,1.93456e+36,0.03468,0.0580119,63.9051,1.35512e-34,6.69387e+15,7.26988e+16,1.27919e+14,7.95206e+16,2.23138e+22,2.85176e+09
1.18796e+07,198364,2.66868e+07,1.39802e+27,9.25463e+28,8.22128e+10,0.00665288,1.93391e+36,0.03468,0.0579999,63.8584,1.35296e-34,6.69303e+15,7.2691e+16,1.27903e+14,7.95119e+16,2.24847e+22,2.83238e+09
1.19296e+07,198349,2.6686e+07,1.41568e+27,9.36748e+28,8.25567e+10,0.00665329,1.93326e+36,0.03468,0.0579879,63.8116,1.35079e-34,6.69219e+15,7.26831e+16,1.27886e+14,7.95031e+16,2.2656e+22,2.80301e+09
1.19796e+07,198334,2.66851e+07,1.43349e+27,9.48119e+28,8.29007e+10,0.00665371,1.93261e+36,0.03468,0.0579758,63.7646,1.34861e-34,6.69134e+15,7.26751e+16,1.27869e+14,7.94943e+16,2.28278e+22,2.75901e+09
1.20296e+07,198319,2.66842e+07,1.45145e+27,9.59576e+28,8.32446e+10,0.00665413,1.93196e+36,0.03468,0.0579636,63.7175,1.34643e-34,6.69049e+15,7.26672e+16,1.27852e+14,7.94855e+16,2.3e+22,2.69821e+09
1.20796e+07,198304,2.66833e+07,1.46955e+27,9.71119e+28,8.35884e+10,0.00665456,1.9313e+36,0.03468,0.0579514,63.6702,1.34424e-34,6.68964e+15,7.26592e+16,1.27834e+14,7.94767e+16,2.31726e+22,2.62884e+09
1.21296e+07,198288,2.66824e+07,1.48781e+27,9.82749e+28,8.39323e+10,0.00665498,1.93064e+36,0.03468,0.0579392,63.6228,1.34205e-34,6.68878e+15,7.26512e+16,1.27817e+14,7.94678e+16,2.33457e+22,2.55178e+09
1.21796e+07,198273,2.66815e+07,1.50622e+27,9.94465e+28,8.42761e+10,0.00665541,1.92998e+36,0.03468,0.0579269,63.5751,1.33985e-34,6.68792e+15,7.26431e+16,1.278e+14,7.94588e+16,2.35191e+22,2.46792e+09
1.22296e+07,198258,2.66806e+07,1.52477e+27,1.00627e+29,8.46199e+10,0.00665584,1.92932e+36,0.03468,0.0579146,63.5274,1.33765e-34,6.68706e+15,7.2635e+16,1.27783e+14,7.94499e+16,2.3693e+22,2.37819e+09
1.22796e+07,198242,2.66797e+07,1.54348e+27,1.01816e+29,8.49637e+10,0.00665627,1.92866e+36,0.03468,0.0579022,63.4794,1.33544e-34,6.68619e+15,7.26269e+16,1.27765e+14,7.94409e+16,2.38672e+22,2.28354e+09
1.23296e+07,198227,2.66788e+07,1.56234e+27,1.03014e+29,8.53074e+10,0.0066567,1.92799e+36,0.03468,0.0578898,63.4314,1.33323e-34,6.68532e+15,7.26188e+16,1.27748e+14,7.94318e+16,2.40419e+22,2.18493e+09
1.23796e+07,198211,2.66779e+07,1.58135e+27,1.0422e+29,8.56511e+10,0.00665713,1.92732e+36,0.03468,0.0578773,63.3831,1.33101e-34,6.68445e+15,7.26106e+16,1.2773e+14,7.94227e+16,2.4217e+22,2.08333e+09
1.24296e+07,198196,2.66769e+07,1.60051e+27,1.05435e+29,8.59948e+10,0.00665757,1.92664e+36,0.03468,0.0578648,63.3347,1.32878e-34,6.68357e+15,7.26024e+16,1.27713e+14,7.94136e+16,2.43924e+22,1.97967e+09
1.24796e+07,198180,2.6676e+07,1.61982e+27,1.06659e+29,8.63385e+10,0.00665801,1.92597e+36,0.03468,0.0578522,63.2861,1.32655e-34,6.68269e+15,7.25941e+16,1.27695e+14,7.94045e+16,2.45683e+22,1.87483e+09
1.25296e+07,198164,2.66751e+07,1.63929e+27,1.07892e+29,8.66821e+10,0.00665845,1.92529e+36,0.03468,0.0578396,63.2374,1.32432e-34,6.68181e+15,7.25858e+16,1.27677e+14,7.93953e+16,2.47445e+22,1.76967e+09
1.25796e+07,198148,2.66742e+07,1.65892e+27,1.09134e+29,8.70257e+10,0.00665889,1.92461e+36,0.03468,0.0578269,63.1885,1.32208e-34,6.68092e+15,7.25775e+16,1.2766e+14,7.93861e+16,2.49212e+22,1.66496e+09
1.26296e+07,198133,2.66732e+07,1.6787e+27,1.10384e+29,8.73693e+10,0.00665933,1.92393e+36,0.03468,0.0578142,63.1395,1.31983e-34,6.68003e+15,7.25692e+16,1.27642e+14,7.93768e+16,2.50982e+22,1.56143e+09
1.27618e+07,198090,2.66707e+07,1.73174e+27,1.13733e+29,8.82775e+10,0.00666051,1.92211e+36,0.03468,0.0577803,63.0091,1.31387e-34,6.67766e+15,7.2547e+16,1.27594e+14,7.93522e+16,2.5568e+22,1.45972e+09
1.30501e+07,197997,2.66652e+07,1.85128e+27,1.21254e+29,9.02579e+10,0.00666312,1.91809e+36,0.03468,0.0577053,62.7209,1.30076e-34,6.6724e+15,7.24977e+16,1.27489e+14,7.92976e+16,2.66017e+22,1.36041e+09
1.35907e+07,197816,2.66546e+07,2.08984e+27,1.36165e+29,9.3968e+10,0.00666818,1.91032e+36,0.03468,0.0575604,62.1671,1.27574e-34,6.66223e+15,7.24025e+16,1.27285e+14,7.9192e+16,2.85703e+22,1.26397e+09
1.44917e+07,197498,2.66359e+07,2.53124e+27,1.63416e+29,1.00145e+11,0.00667706,1.89676e+36,0.03468,0.0573067,61.2059,1.23296e-34,6.64439e+15,7.22353e+16,1.26928e+14,7.90066e+16,3.19309e+22,1.17084e+09
1.58654e+07,196974,2.66051e+07,3.31623e+27,2.10889e+29,1.09542e+11,0.00669171,1.87463e+36,0.03468,0.0568909,59.6544,1.16556e-34,6.61506e+15,7.19605e+16,1.26342e+14,7.87019e+16,3.72031e+22,1.08134e+09
1.78261e+07,196147,2.65564e+07,4.69215e+27,2.91376e+29,1.22909e+11,0.00671494,1.8401e+36,0.03468,0.0562385,57.2775,1.06629e-34,6.56883e+15,7.15272e+16,1.2542e+14,7.82215e+16,4.4907e+22,9.95752e+08
2.04947e+07,194873,2.64812e+07,7.1031e+27,4.2527e+29,1.41006e+11,0.00675099,1.78793e+36,0.03468,0.0552434,53.7854,9.29114e-35,6.49786e+15,7.08615e+16,1.24006e+14,7.74833e+16,5.53802e+22,9.14273e+08
2.40084e+07,192941,2.63669e+07,1.13512e+28,6.43129e+29,1.64641e+11,0.00680639,1.71108e+36,0.03468,0.0537569,48.8578,7.52859e-35,6.39083e+15,6.98558e+16,1.21878e+14,7.63686e+16,6.83549e+22,8.37041e+08
2.85318e+07,190043,2.61943e+07,1.88816e+28,9.85307e+29,1.94694e+11,0.00689124,1.60074e+36,0.03468,0.051577,42.2292,5.47137e-35,6.23167e+15,6.83564e+16,1.18719e+14,7.47068e+16,8.21983e+22,7.64136e+08
3.35318e+07,186333,2.59712e+07,3.02927e+28,1.42391e+30,2.27343e+11,0.00700331,1.4676e+36,0.03468,0.0488692,34.9248,3.61024e-35,6.03022e+15,6.64511e+16,1.14726e+14,7.2596e+16,9.20774e+22,6.95588e+08
3.85318e+07,182130,2.57154e+07,4.53461e+28,1.89574e+30,2.59308e+11,0.0071354,1.32726e+36,0.03468,0.0459122,28.0321,2.2311e-35,5.80524e+15,6.43124e+16,1.10271e+14,7.02279e+16,9.54104e+22,6.31381e+08
4.35318e+07,177479,2.5428e+07,6.43921e+28,2.36833e+30,2.90506e+11,0.00728843,1.18418e+36,0.03468,0.0427732,21.8427,1.29219e-35,5.56025e+15,6.19696e+16,1.05424e+14,6.76353e+16,9.24965e+22,5.71459e+08
4.85318e+07,172423,2.51107e+07,8.7711e+28,2.81317e+30,3.20864e+11,0.00746342,1.04245e+36,0.03468,0.0395191,16.5282,7.01867e-36,5.29881e+15,5.94532e+16,1.00259e+14,6.48523e+16,8.45512e+22,5.15731e+08
5.35318e+07,167011,2.4765e+07,1.1551e+29,3.20923e+30,3.50314e+11,0.00766154,9.05613e+35,0.03468,0.0362137,12.1495,3.57794e-36,5.02453e+15,5.67943e+16,9.48508e+13,6.19136e+16,7.32874e+22,4.64081e+08
5.85318e+07,161292,2.43925e+07,1.47921e+29,3.5444e+30,3.788e+11,0.00788415,7.76512e+35,0.03468,0.0329166,8.67892,1.71321e-36,4.74102e+15,5.40243e+16,8.92725e+13,5.88546e+16,6.04944e+22,4.16367e+08
6.35318e+07,155314,2.39952e+07,1.85002e+29,3.81504e+30,4.06272e+11,0.00813277,6.57281e+35,0.03468,0.0296812,6.02725,7.71185e-37,4.45179e+15,5.11746e+16,8.35962e+13,5.571e+16,4.77149e+22,3.72431e+08
6.85318e+07,149127,2.35748e+07,2.26738e+29,4.02417e+30,4.3269e+11,0.00840913,5.4933e+35,0.03468,0.0265535,4.07095,3.2664e-37,4.1602e+15,4.82753e+16,7.78895e+13,5.25134e+16,3.60638e+22,3.32101e+08
7.35318e+07,142782,2.31331e+07,2.73045e+29,4.17924e+30,4.58022e+11,0.00871516,4.53396e+35,0.03468,0.0235715,2.67536,1.30301e-37,3.86936e+15,4.53552e+16,7.22152e+13,4.92968e+16,2.61833e+22,2.95194e+08
7.85318e+07,136324,2.26723e+07,3.23773e+29,4.28982e+30,4.82243e+11,0.00905303,3.69635e+35,0.03468,0.0207649,1.71147,4.90022e-38,3.58212e+15,4.24413e+16,6.66302e+13,4.60901e+16,1.83012e+22,2.61523e+08
8.35318e+07,129801,2.21941e+07,3.78713e+29,4.36581e+30,5.05338e+11,0.00942518,2.9772e+35,0.03468,0.0181554,1.06623,1.73899e-38,3.30104e+15,3.95583e+16,6.11844e+13,4.29205e+16,1.23417e+22,2.30895e+08
8.85318e+07,123256,2.17006e+07,4.376e+29,4.41627e+30,5.27301e+11,0.00983431,2.36959e+35,0.03468,0.0157568,0.647175,5.82937e-39,3.02831e+15,3.67283e+16,5.59209e+13,3.98125e+16,8.04797e+21,2.03121e+08
9.35318e+07,116730,2.11936e+07,5.00127e+29,4.44869e+30,5.48129e+11,0.0102834,1.86405e+35,0.03468,0.0135761,0.382899,1.84768e-39,2.7658e+15,3.39708e+16,5.08753e+13,3.67875e+16,5.08776e+21,1.7801e+08
9.85318e+07,110260,2.0675e+07,5.65943e+29,4.46893e+30,5.6783e+11,0.010776,1.44962e+35,0.03468,0.0116139,0.22092,5.54297e-40,2.51505e+15,3.13028e+16,4.6076e+13,3.38639e+16,3.12799e+21,1.55377e+08
1.03532e+08,103880,2.01468e+07,6.34667e+29,4.48123e+30,5.86417e+11,0.0113156,1.11467e+35,0.03468,0.00986576,0.124356,1.57542e-40,2.27722e+15,2.87381e+16,4.15444e+13,3.10569e+16,1.87807e+21,1.3504e+08
1.08532e+08,97621.7,1.96106e+07,7.05896e+29,4.48855e+30,6.03907e+11,0.0119066,8.47671e+34,0.03468,0.00832317,0.0683234,4.24622e-41,2.05319e+15,2.62881e+16,3.72955e+13,2.83786e+16,1.10755e+21,1.16826e+08
1.13532e+08,91511.9,1.90683e+07,7.79208e+29,4.49285e+30,6.20324e+11,0.0125536,6.37643e+34,0.03468,0.00697432,0.0366546,1.08634e-41,1.84352e+15,2.39613e+16,3.33379e+13,2.58381e+16,6.46691e+20,1.00567e+08
1.18532e+08,85574.1,1.85215e+07,8.54173e+29,4.49536e+30,6.35695e+11,0.0132618,4.74546e+34,0.03468,0.00580523,0.0192097,2.64045e-42,1.6485e+15,2.1764e+16,2.9675e+13,2.34421e+16,3.77939e+20,8.61038e+07
1.23532e+08,79828.1,1.79717e+07,9.30357e+29,4.49683e+30,6.50053e+11,0.014037,3.49468e+34,0.03468,0.00480051,0.00983816,6.1024e-43,1.46818e+15,1.97e+16,2.63054e+13,2.11944e+16,2.24091e+20,7.32858e+07
1.28532e+08,74290.6,1.74205e+07,1.00733e+30,4.49771e+30,6.63432e+11,0.0148857,2.54704e+34,0.03468,0.00394411,0.00492566,1.34208e-43,1.30239e+15,1.77711e+16,2.32236e+13,1.90967e+16,1.36797e+20,6.19707e+07
1.33532e+08,68974.6,1.68692e+07,1.08468e+30,4.49826e+30,6.75869e+11,0.0158153,1.8375e+34,0.03468,0.00321991,0.00241166,2.8108e-44,1.1508e+15,1.59773e+16,2.04206e+13,1.71486e+16,8.70358e+19,5.20246e+07
1.38532e+08,63890.2,1.63192e+07,1.16199e+30,4.49862e+30,6.87403e+11,0.0168338,1.31233e+34,0.03468,0.00261221,0.00115504,5.60962e-45,1.01292e+15,1.43171e+16,1.7885e+13,1.53479e+16,5.80454e+19,4.33227e+07
1.43532e+08,59044.4,1.57717e+07,1.23888e+30,4.49887e+30,6.98075e+11,0.0179503,9.27974e+33,0.03468,0.00210607,0.000541282,1.06744e-45,8.88142e+14,1.27873e+16,1.5603e+13,1.3691e+16,4.04666e+19,3.57482e+07
1.48532e+08,54441.6,1.52279e+07,1.31498e+30,4.49904e+30,7.07927e+11,0.0191752,6.49751e+33,0.03468,0.00168758,0.00024825,1.93759e-46,7.75777e+14,1.13839e+16,1.35596e+13,1.21732e+16,2.92177e+19,2.91929e+07
1.53532e+08,50083.9,1.46886e+07,1.38996e+30,4.49916e+30,7.17002e+11,0.0205201,4.50518e+33,0.03468,0.001344,0.000111447,3.35629e-47,6.7507e+14,1.01018e+16,1.17386e+13,1.07886e+16,2.15924e+19,2.35564e+07
1.58532e+08,45971,1.4155e+07,1.4635e+30,4.49926e+30,7.25342e+11,0.021998,3.09353e+33,0.03468,0.00106389,4.89798e-05,5.54947e-48,5.85227e+14,8.93539e+15,1.01234e+13,9.53074e+15,1.61573e+19,1.87458e+07
1.63532e+08,42100.7,1.36277e+07,1.53532e+30,4.49933e+30,7.32988e+11,0.0236236,2.10372e+33,0.03468,0.000837067,2.10747e-05,8.75998e-49,5.05437e+14,7.87832e+15,8.69731e+12,8.39245e+15,1.21412e+19,1.46755e+07
1.68532e+08,38469.2,1.31077e+07,1.60517e+30,4.49938e+30,7.39983e+11,0.0254136,1.41682e+33,0.03468,0.000654622,8.87786e-06,1.32015e-49,4.34885e+14,6.92404e+15,7.44375e+12,7.36637e+15,9.11021e+18,1.12665e+07
1.73532e+08,35071.4,1.25954e+07,1.67282e+30,4.49942e+30,7.46369e+11,0.0273872,9.4498e+32,0.03468,0.000508839,3.66126e-06,1.89913e-50,3.72769e+14,6.06578e+15,6.34661e+12,6.44489e+15,6.80166e+18,8.44614e+06
1.78532e+08,31900.6,1.20916e+07,1.73809e+30,4.49945e+30,7.52184e+11,0.0295659,6.24146e+32,0.03468,0.000393108,1.47799e-06,2.60721e-51,3.1831e+14,5.29668e+15,5.39047e+12,5.62038e+15,5.04175e+18,6.14772e+06
1.83532e+08,28949.6,1.15967e+07,1.80081e+30,4.49947e+30,7.57467e+11,0.0319745,4.08191e+32,0.03468,0.000301826,5.83906e-07,3.41421e-52,2.70763e+14,4.60996e+15,4.56067e+12,4.88529e+15,3.70571e+18,4.30971e+06
1.88532e+08,26210,1.11112e+07,1.86084e+30,4.49949e+30,7.62257e+11,0.0346414,2.64299e+32,0.03468,0.000230292,2.25692e-07,4.26205e-53,2.29419e+14,3.99896e+15,3.8435e+12,4.23222e+15,2.69868e+18,2.87544e+06
1.93532e+08,23673,1.06353e+07,1.9181e+30,4.4995e+30,7.66769e+11,0.0375992,1.69398e+32,0.03468,0.000174594,8.53143e-08,5.0675e-54,1.93616e+14,3.4572e+15,3.2262e+12,3.65404e+15,1.9463e+18,1.79247e+06
1.98532e+08,21329.4,1.01695e+07,1.97249e+30,4.49951e+30,7.71191e+11,0.0408854,1.07449e+32,0.03468,0.000131507,3.15246e-08,5.7326e-55,1.62736e+14,2.9785e+15,2.69701e+12,3.14394e+15,1.38964e+18,1.01196e+06
2.03532e+08,19169.7,9.71384e+06,2.02397e+30,4.49951e+30,7.75523e+11,0.0445438,6.74307e+31,0.03468,9.83909e-05,1.13799e-08,6.16197e-56,1.3621e+14,2.55697e+15,2.2452e+12,2.69543e+15,9.81961e+17,487830
2.08532e+08,17184,9.26863e+06,2.07251e+30,4.49952e+30,7.79764e+11,0.048625,4.18534e+31,0.03468,7.31076e-05,4.01025e-09,6.28358e-57,1.13517e+14,2.18706e+15,1.86102e+12,2.30244e+15,6.86539e+17,189274
2.13532e+08,15362.7,8.83393e+06,2.1181e+30,4.49952e+30,7.83912e+11,0.0531882,2.56833e+31,0.03468,5.39338e-05,1.3784e-09,6.06728e-58,9.41817e+13,1.86356e+15,1.5357e+12,1.95928e+15,4.74762e+17,72718.8
2.18532e+08,13696.1,8.40983e+06,2.16076e+30,4.49952e+30,7.87969e+11,0.0583028,1.55745e+31,0.03468,3.94932e-05,4.6164e-10,5.53493e-59,7.77766e+13,1.58163e+15,1.26136e+12,1.66067e+15,3.24613e+17,27012.8
2.23532e+08,12174.7,7.99635e+06,2.20051e+30,4.49953e+30,7.91932e+11,0.0640509,9.3279e+30,0.03468,2.86946e-05,1.50467e-10,4.75805e-60,6.39166e+13,1.33681e+15,1.031e+12,1.40176e+15,2.19355e+17,9347.36
2.28532e+08,10789,7.59348e+06,2.23742e+30,4.49953e+30,7.95801e+11,0.0705294,5.51424e+30,0.03468,2.06785e-05,4.76639e-11,3.84264e-61,5.2258e+13,1.12497e+15,8.38403e+11,1.17807e+15,1.46421e+17,3861.62
2.33532e+08,9530,7.20116e+06,2.27153e+30,4.49953e+30,7.99575e+11,0.0778541,3.21515e+30,0.03468,1.47734e-05,1.46504e-11,2.90528e-62,4.24952e+13,9.42359e+14,6.78112e+11,9.85532e+14,9.64884e+16,1317.51
2.38532e+08,8388.94,6.81933e+06,2.30294e+30,4.49953e+30,8.03255e+11,0.0861636,1.8474e+30,0.03468,1.04581e-05,4.36127e-12,2.04806e-63,3.43582e+13,7.85542e+14,5.45328e+11,8.20446e+14,6.27279e+16,493.338
2.43532e+08,7357.37,6.44787e+06,2.33171e+30,4.49953e+30,8.06838e+11,0.0956255,1.04506e+30,0.03468,7.33103e-06,1.25474e-12,1.33985e-64,2.76094e+13,6.51418e+14,4.3587e+11,6.79464e+14,4.01984e+16,206.509
2.48532e+08,6427.24,6.08665e+06,2.35796e+30,4.49953e+30,8.10325e+11,0.106443,5.81364e+29,0.03468,5.08527e-06,3.48013e-13,8.09057e-66,2.20407e+13,5.37185e+14,3.46102e+11,5.59571e+14,2.53695e+16,196.266
2.53532e+08,5590.86,5.73551e+06,2.38179e+30,4.49953e+30,8.13714e+11,0.118867,3.17625e+29,0.03468,3.48772e-06,9.27891e-14,4.4812e-67,1.74709e+13,4.40322e+14,2.72883e+11,4.58066e+14,1.57505e+16,186.116
2.58532e+08,4840.94,5.39426e+06,2.4033e+30,4.49953e+30,8.17005e+11,0.133203,1.70171e+29,0.03468,2.36284e-06,2.3704e-14,2.26025e-68,1.37426e+13,3.58577e+14,2.1351e+11,3.72533e+14,9.60732e+15,176.491
2.63532e+08,4170.61,5.06273e+06,2.42262e+30,4.49953e+30,8.20198e+11,0.149837,8.92468e+28,0.03468,1.57948e-06,5.77959e-15,1.02946e-69,1.07197e+13,2.89938e+14,1.65664e+11,3.00823e+14,5.74896e+15,166.994
2.68532e+08,3573.36,4.7407e+06,2.43986e+30,4.49953e+30,8.2329e+11,0.169251,4.57245e+28,0.03468,1.04045e-06,1.339e-15,0,8.28539e+12,2.32616e+14,1.27368e+11,2.41029e+14,3.36899e+15,158.008
2.73532e+08,3043.11,4.42795e+06,2.45515e+30,4.49953e+30,8.26281e+11,0.192061,2.28303e+28,0.03468,6.74378e-07,2.93217e-16,0,6.33939e+12,1.85029e+14,9.69394e+10,1.91466e+14,1.92951e+15,149.175
2.78532e+08,2574.14,4.12425e+06,2.46862e+30,4.49953e+30,8.2917e+11,0.219059,1.10778e+28,0.03468,4.29328e-07,6.0317e-17,0,4.7963e+12,1.4578e+14,7.29576e+10,1.50649e+14,1.07741e+15,140.525
2.83532e+08,2161.12,3.82937e+06,2.48039e+30,4.49953e+30,8.31956e+11,0.251279,5.20612e+27,0.03468,2.67895e-07,1.15704e-17,0,3.58358e+12,1.13639e+14,5.42249e+10,1.17277e+14,5.84867e+14,132.376
2.88532e+08,1799.07,3.54306e+06,2.49058e+30,4.49953e+30,8.34637e+11,0.290092,2.36025e+27,0.03468,1.63432e-07,2.05171e-18,0,2.63998e+12,8.75281e+13,3.97377e+10,9.02079e+13,3.07598e+14,124.425
2.93532e+08,1483.36,3.26507e+06,2.49933e+30,4.49953e+30,8.37211e+11,0.337345,1.02727e+27,0.03468,9.71836e-08,3.32774e-19,0,1.91395e+12,6.65059e+13,2.8659e+10,6.84485e+13,1.56085e+14,116.692
2.98532e+08,1209.68,2.99516e+06,2.50675e+30,4.49953e+30,8.39678e+11,0.395574,4.26716e+26,0.03468,5.61208e-08,4.87366e-20,0,1.36239e+12,4.9752e+13,2.0294e+10,5.11347e+13,7.60301e+13,109.198
3.03532e+08,974.04,2.73306e+06,2.51298e+30,4.49953e+30,8.42034e+11,0.468337,1.67942e+26,0.03468,3.13291e-08,6.34352e-21,0,9.49466e+11,3.65549e+13,1.40697e+10,3.75185e+13,3.53299e+13,102.186
3.08532e+08,772.737,2.47853e+06,2.51813e+30,4.49953e+30,8.44277e+11,0.560753,6.20564e+25,0.03468,1.68105e-08,7.19318e-22,0,6.45513e+11,2.62994e+13,9.5162e+09,2.69544e+13,1.5539e+13,95.4123
3.13532e+08,602.348,2.2313e+06,2.52231e+30,4.49953e+30,8.46405e+11,0.680401,2.12804e+25,0.03468,8.6071e-09,6.92787e-23,0,4.26184e+11,1.84555e+13,6.25063e+09,1.8888e+13,6.40438e+12,88.8909
3.18532e+08,459.7,1.99113e+06,2.52565e+30,4.49953e+30,8.48414e+11,0.838891,6.67072e+24,0.03468,4.16536e-09,5.48299e-24,0,2.71629e+11,1.25688e+13,3.96363e+09,1.28444e+13,2.44142e+12,82.6323
3.23532e+08,341.858,1.75777e+06,2.52825e+30,4.49953e+30,8.50301e+11,1.05475,1.87332e+24,0.03468,1.88135e-09,3.4122e-25,0,1.65804e+11,8.25142e+12,2.40735e+09,8.41963e+12,8.4598e+11,76.6445
3.28532e+08,246.104,1.53096e+06,2.53021e+30,4.49953e+30,8.52061e+11,1.35905,4.58419e+23,0.03468,7.79379e-10,1.57158e-26,0,9.58772e+10,5.17371e+12,1.3853e+09,5.27098e+12,2.60155e+11,70.9336
3.33532e+08,169.913,1.31045e+06,2.53164e+30,4.49953e+30,8.53688e+11,1.80721,9.39586e+22,0.03468,2.88861e-10,4.91309e-28,0,5.17087e+10,3.05752e+12,7.43663e+08,3.10997e+12,6.8612e+10,65.5031
3.38532e+08,110.937,1.096e+06,2.53264e+30,4.49953e+30,8.55175e+11,2.50631,1.52013e+22,0.03468,9.22787e-11,9.15767e-30,0,2.54084e+10,1.66958e+12,3.63865e+08,1.69536e+12,1.4743e+10,60.2214
3.43532e+08,66.9739,887370,2.53329e+30,4.49953e+30,8.56513e+11,3.68632,1.76574e+21,0.03468,2.39387e-11,8.27245e-32,0,1.09571e+10,8.16077e+11,1.56354e+08,8.2719e+11,2.37766e+09,55.2432
3.48532e+08,35.9442,684305,2.53367e+30,4.49953e+30,8.5769e+11,5.92096,1.24764e+20,0.03468,4.54363e-12,2.52079e-34,0,3.88358e+09,3.37752e+11,5.52953e+07,3.41691e+11,2.49302e+08,50.5645
3.53532e+08,15.8454,486561,2.53387e+30,4.49953e+30,8.58691e+11,11.0098,3.84783e+18,0.03468,5.11951e-13,1.25422e-37,0,9.91651e+08,1.05867e+11,1.41331e+07,1.06873e+11,1.27409e+07,46.0778
3.58532e+08,5.49092,293782,2.53394e+30,4.49953e+30,8.59411e+11,30.6541,2.4159e+16,0.03468,2.35788e-14,1.89577e-42,0,1.69535e+08,2.21509e+10,1.87841e+06,2.23223e+10,209137,41.8038
3.62182e+08,1.78147,156194,2.53396e+30,4.49953e+30,8.59899e+11,127.218,4.67076e+13,0.03468,6.11232e-16,2.13361e-48,0,2.59705e+07,3.82086e+09,150087,3.84698e+09,1794.93,37.8424
3.63552e+08,0.687536,105265,2.53396e+30,4.49953e+30,8.60188e+11,259.977,8.32227e+11,0.03468,4.86644e-17,3.20041e-52,0,5.31306e+06,9.93805e+08,30962.1,9.99149e+08,55.5712,34.1052
3.64841e+08,0.223148,57575.6,2.53396e+30,4.49953e+30,8.6037e+11,977.249,2.07719e+09,0.03468,1.41359e-18,6.33558e-58,0,814405,1.76422e+08,2771.06,1.77239e+08,0.527638,30.6014
3.65577e+08,0.0724956,30504.5,2.53396e+30,4.49953e+30,8.60497e+11,4109.32,3.89459e+06,0.03468,3.61862e-20,6.66186e-64,0,125037,3.03666e+07,218.346,3.04918e+07,0.00440578,27.2759
3.65831e+08,0.0300556,21186.8,2.53396e+30,4.49953e+30,8.60566e+11,7945.93,94315,0.03468,3.4911e-21,1.95464e-67,0,28822.2,8.74401e+06,50.8103,8.77289e+06,0.000176465,24.2045
3.66063e+08,0.0103142,12682.4,2.53396e+30,4.49953e+30,8.60591e+11,22648.1,545.194,0.03468,1.53821e-22,0,0,4848.2,1.79621e+06,6.52366,1.80107e+06,2.67161e-06,21.3369
3.66073e+08,0.00960881,12313.2,2.53396e+30,4.49953e+30,8.60591e+11,23900,403.368,0.03468,1.27329e-22,0,0,4308.25,1.62465e+06,5.7966,1.62897e+06,2.06036e-06,18.6846
3.66083e+08,0.00893224,11944,2.53396e+30,4.49953e+30,8.60591e+11,25262.5,295.7,0.03468,1.04793e-22,0,0,3814.63,1.46497e+06,5.13199,1.46879e+06,1.57639e-06,16.2179
3.66093e+08,0.00828497,11575.2,2.53396e+30,4.49953e+30,8.60591e+11,26747.6,214.743,0.03468,8.57383e-23,0,0,3365.14,1.31686e+06,4.52687,1.32023e+06,1.19635e-06,13.9528
3.66103e+08,0.00766761,11207.4,2.53396e+30,4.49953e+30,8.60591e+11,28367.5,154.491,0.03468,6.97358e-23,0,0,2957.69,1.18001e+06,3.97841,1.18297e+06,9.00603e-07,11.8983
3.66114e+08,0.00706493,10831.3,2.53396e+30,4.49953e+30,8.60591e+11,30186.6,109.074,0.03468,5.60547e-23,0,0,2580.47,1.05078e+06,3.47071,1.05336e+06,6.67056e-07,10.0347
3.66124e+08,0.00649524,10458.3,2.53396e+30,4.49953e+30,8.60591e+11,32176.3,76.2886,0.03468,4.47927e-23,0,0,2243.07,932771,3.01666,935017,4.90082e-07,8.35143
3.66134e+08,0.00595829,10088.7,2.53396e+30,4.49953e+30,8.60591e+11,34354.6,52.8586,0.03468,3.5583e-23,0,0,1942.62,825426,2.61237,827372,3.57152e-07,6.84372
3.66144e+08,0.0054416,9714.32,2.53396e+30,4.49953e+30,8.60591e+11,36803.6,35.9423,0.03468,2.79353e-23,0,0,1670.05,725871,2.24564,727544,2.5609e-07,5.50982
3.66154e+08,0.00495873,9345.21,2.53396e+30,4.49953e+30,8.60591e+11,39493.3,24.2112,0.03468,2.18023e-23,0,0,1430.44,636327,1.9233,637759,1.82143e-07,4.33886
3.66164e+08,0.00449877,8973.57,2.53396e+30,4.49953e+30,8.60591e+11,42522,16.0052,0.03468,1.68163e-23,0,0,1216.21,554344,1.63512,555561,1.27463e-07,3.32725
3.66174e+08,0.00406345,8600.84,2.53396e+30,4.49953e+30,8.60591e+11,45936.7,10.3835,0.03468,1.28184e-23,0,0,1026.46,479906,1.37992,480933,8.77635e-08,2.46823
3.66185e+08,0.00365405,8228.41,2.53396e+30,4.49953e+30,8.60591e+11,49792.2,6.61092,0.03468,9.65638e-24,0,0,859.954,412868,1.15599,413729,5.94564e-08,1.75562
3.66195e+08,0.00327139,7857.62,2.53396e+30,4.49953e+30,8.60591e+11,54152.6,4.13063,0.03468,7.18907e-24,0,0,715.164,352975,0.961291,353691,3.96314e-08,1.18291
3.66205e+08,0.00291588,7489.73,2.53396e+30,4.49953e+30,8.60591e+11,59092.6,2.53285,0.03468,5.28944e-24,0,0,590.383,299886,0.793514,300477,2.59918e-08,0.763874
3.66215e+08,0.00258181,7119.35,2.53396e+30,4.49953e+30,8.60591e+11,64808.3,1.50993,0.03468,3.8235e-24,0,0,482.012,252397,0.647817,252880,1.66367e-08,0.484593
3.66225e+08,0.00227089,6748.61,2.53396e+30,4.49953e+30,8.60591e+11,71435.2,0.875101,0.03468,2.71537e-24,0,0,389.205,210441,0.523056,210831,1.03928e-08,0.305231
3.66235e+08,0.0019842,6379.52,2.53396e+30,4.49953e+30,8.60591e+11,79136.7,0.493078,0.03468,1.89459e-24,0,0,310.81,173818,0.417679,174129,6.33622e-09,0.191593
3.66245e+08,0.00171844,6008.43,2.53396e+30,4.49953e+30,8.60591e+11,88258.2,0.267576,0.03468,1.29108e-24,0,0,244.572,141780,0.328651,142025,3.73974e-09,0.119915
3.66255e+08,0.00147515,5638.11,2.53396e+30,4.49953e+30,8.60591e+11,99093.2,0.139847,0.03468,8.59308e-25,0,0,189.633,114207,0.254815,114397,2.1368e-09,0.0750353
3.66265e+08,0.00125516,5271.16,2.53396e+30,4.49953e+30,8.60591e+11,112007,0.070394,0.03468,5.58599e-25,0,0,144.883,90850.2,0.194677,90995.2,1.18195e-09,0.0469479
