X = 0.734
Y = 0.25
Z = 0.016
mu = 0.601142
Radius,Density,Temp,Mass,Lum,OptD,Kff,KH,Kes,PP,CNO,3a,Deg,Gas,Rad,TotPres, dLdr, dPdT
0,0,0,0,0,0,-nan,0,0.03468,0,0,0,0,0,0,0,0,0
0.01,373413,2.46604e+07,1.56415e+06,3.91824e+07,12950,0.0136571,1.30354e+36,0.03468,0.0796097,24.9707,1.48478e-35,1.92089e+16,1.26448e+17,9.32589e+13,1.4575e+17,11754.7,2.91182e+09
10708.9,373413,2.46604e+07,1.92096e+18,4.81206e+19,1.38693e+08,0.0136571,1.30354e+36,0.03468,0.0796097,24.9707,1.48477e-35,1.92089e+16,1.26448e+17,9.32589e+13,1.4575e+17,1.34805e+16,2.91182e+09
21268.5,373413,2.46604e+07,1.50483e+19,3.76965e+20,2.75439e+08,0.0136571,1.30354e+36,0.03468,0.0796097,24.9707,1.48477e-35,1.92089e+16,1.26448e+17,9.32589e+13,1.4575e+17,5.31723e+16,2.91182e+09
32101.9,373413,2.46604e+07,5.17453e+19,1.29623e+21,4.15732e+08,0.0136571,1.30354e+36,0.03468,0.0796097,24.9707,1.48477e-35,1.92089e+16,1.26448e+17,9.32589e+13,1.4575e+17,1.21136e+17,2.91182e+09
42240.3,373413,2.46604e+07,1.17885e+20,2.95305e+21,5.47024e+08,0.0136571,1.30354e+36,0.03468,0.0796096,24.9706,1.48477e-35,1.92089e+16,1.26448e+17,9.32588e+13,1.4575e+17,2.09732e+17,2.91182e+09
55580.6,373413,2.46604e+07,2.68564e+20,6.72759e+21,7.1978e+08,0.0136571,1.30354e+36,0.03468,0.0796096,24.9706,1.48476e-35,1.92088e+16,1.26448e+17,9.32588e+13,1.4575e+17,3.63126e+17,2.91182e+09
73133.9,373413,2.46604e+07,6.11837e+20,1.53266e+22,9.47096e+08,0.0136571,1.30354e+36,0.03468,0.0796095,24.9705,1.48475e-35,1.92088e+16,1.26447e+17,9.32588e+13,1.4575e+17,6.28706e+17,2.91182e+09
83891.3,373413,2.46604e+07,9.23484e+20,2.31334e+22,1.0864e+09,0.0136571,1.30354e+36,0.03468,0.0796095,24.9705,1.48475e-35,1.92088e+16,1.26447e+17,9.32587e+13,1.4575e+17,8.27262e+17,2.91182e+09
96231,373413,2.46604e+07,1.39387e+21,3.49167e+22,1.2462e+09,0.0136571,1.30354e+36,0.03468,0.0796094,24.9704,1.48474e-35,1.92088e+16,1.26447e+17,9.32587e+13,1.45749e+17,1.08852e+18,2.91182e+09
110386,373413,2.46604e+07,2.10386e+21,5.2702e+22,1.42951e+09,0.0136571,1.30353e+36,0.03468,0.0796094,24.9703,1.48473e-35,1.92088e+16,1.26447e+17,9.32586e+13,1.45749e+17,1.43229e+18,2.91182e+09
126623,373413,2.46604e+07,3.1755e+21,7.95462e+22,1.63977e+09,0.0136571,1.30353e+36,0.03468,0.0796093,24.9702,1.48471e-35,1.92088e+16,1.26447e+17,9.32586e+13,1.45749e+17,1.88463e+18,2.91182e+09
145248,373413,2.46604e+07,4.79298e+21,1.20064e+23,1.88097e+09,0.0136571,1.30353e+36,0.03468,0.0796091,24.9701,1.48469e-35,1.92088e+16,1.26447e+17,9.32585e+13,1.45749e+17,2.47982e+18,2.91181e+09
166612,373412,2.46604e+07,7.23435e+21,1.81219e+23,2.15764e+09,0.0136572,1.30352e+36,0.03468,0.0796089,24.9699,1.48467e-35,1.92088e+16,1.26447e+17,9.32583e+13,1.45749e+17,3.26296e+18,2.91181e+09
191120,373412,2.46603e+07,1.09193e+22,2.73524e+23,2.475e+09,0.0136572,1.30352e+36,0.03468,0.0796087,24.9696,1.48463e-35,1.92087e+16,1.26447e+17,9.32581e+13,1.45749e+17,4.29342e+18,2.91181e+09
219232,373411,2.46603e+07,1.64811e+22,4.12844e+23,2.83905e+09,0.0136572,1.30351e+36,0.03468,0.0796084,24.9693,1.48459e-35,1.92087e+16,1.26447e+17,9.32579e+13,1.45748e+17,5.64927e+18,2.91181e+09
251479,373411,2.46603e+07,2.4876e+22,6.23124e+23,3.25665e+09,0.0136572,1.3035e+36,0.03468,0.079608,24.9688,1.48453e-35,1.92086e+16,1.26446e+17,9.32576e+13,1.45748e+17,7.43327e+18,2.9118e+09
288469,373410,2.46603e+07,3.7547e+22,9.40508e+23,3.73567e+09,0.0136572,1.30348e+36,0.03468,0.0796075,24.9682,1.48445e-35,1.92085e+16,1.26446e+17,9.32572e+13,1.45748e+17,9.78059e+18,2.9118e+09
330901,373409,2.46602e+07,5.6672e+22,1.41954e+24,4.28515e+09,0.0136573,1.30346e+36,0.03468,0.0796068,24.9675,1.48435e-35,1.92084e+16,1.26445e+17,9.32567e+13,1.45747e+17,1.28691e+19,2.91179e+09
379574,373407,2.46602e+07,8.55386e+22,2.14255e+24,4.91545e+09,0.0136573,1.30344e+36,0.03468,0.0796059,24.9664,1.48422e-35,1.92083e+16,1.26444e+17,9.3256e+13,1.45746e+17,1.69326e+19,2.91179e+09
429574,373405,2.46601e+07,1.2399e+23,3.10557e+24,5.56294e+09,0.0136574,1.30341e+36,0.03468,0.0796048,24.9652,1.48407e-35,1.92082e+16,1.26444e+17,9.32552e+13,1.45745e+17,2.16862e+19,2.91178e+09
479574,373403,2.46601e+07,1.72519e+23,4.32095e+24,6.21042e+09,0.0136574,1.30338e+36,0.03468,0.0796036,24.9639,1.48389e-35,1.9208e+16,1.26443e+17,9.32543e+13,1.45744e+17,2.70267e+19,2.91177e+09
529574,373401,2.466e+07,2.323e+23,5.81802e+24,6.8579e+09,0.0136575,1.30334e+36,0.03468,0.0796022,24.9624,1.4837e-35,1.92078e+16,1.26441e+17,9.32533e+13,1.45742e+17,3.29539e+19,2.91176e+09
579574,373398,2.466e+07,3.04505e+23,7.62612e+24,7.50538e+09,0.0136576,1.3033e+36,0.03468,0.0796008,24.9608,1.48348e-35,1.92076e+16,1.2644e+17,9.32522e+13,1.45741e+17,3.94676e+19,2.91174e+09
629574,373396,2.46599e+07,3.90306e+23,9.77455e+24,8.15285e+09,0.0136577,1.30326e+36,0.03468,0.0795992,24.959,1.48325e-35,1.92073e+16,1.26439e+17,9.3251e+13,1.4574e+17,4.65674e+19,2.91173e+09
679574,373393,2.46598e+07,4.90878e+23,1.22926e+25,8.80031e+09,0.0136578,1.30322e+36,0.03468,0.0795974,24.957,1.483e-35,1.92071e+16,1.26437e+17,9.32497e+13,1.45738e+17,5.42531e+19,2.91172e+09
729574,373390,2.46597e+07,6.07392e+23,1.52096e+25,9.44778e+09,0.0136579,1.30317e+36,0.03468,0.0795956,24.955,1.48273e-35,1.92068e+16,1.26436e+17,9.32483e+13,1.45736e+17,6.25245e+19,2.9117e+09
779574,373386,2.46596e+07,7.41022e+23,1.85548e+25,1.00952e+10,0.013658,1.30311e+36,0.03468,0.0795936,24.9527,1.48244e-35,1.92065e+16,1.26434e+17,9.32467e+13,1.45734e+17,7.13812e+19,2.91168e+09
829574,373383,2.46595e+07,8.92939e+23,2.23575e+25,1.07427e+10,0.0136581,1.30306e+36,0.03468,0.0795914,24.9504,1.48213e-35,1.92062e+16,1.26433e+17,9.32451e+13,1.45732e+17,8.08228e+19,2.91166e+09
879574,373379,2.46594e+07,1.06432e+24,2.66469e+25,1.13901e+10,0.0136582,1.303e+36,0.03468,0.0795892,24.9478,1.4818e-35,1.92059e+16,1.26431e+17,9.32434e+13,1.4573e+17,9.0849e+19,2.91164e+09
929574,373375,2.46593e+07,1.25633e+24,3.14521e+25,1.20376e+10,0.0136583,1.30293e+36,0.03468,0.0795868,24.9452,1.48145e-35,1.92056e+16,1.26429e+17,9.32416e+13,1.45728e+17,1.01459e+20,2.91162e+09
979574,373371,2.46591e+07,1.47014e+24,3.68025e+25,1.2685e+10,0.0136585,1.30287e+36,0.03468,0.0795842,24.9423,1.48109e-35,1.92052e+16,1.26427e+17,9.32397e+13,1.45725e+17,1.12654e+20,2.9116e+09
1.02957e+06,373366,2.4659e+07,1.70694e+24,4.27272e+25,1.33324e+10,0.0136586,1.30279e+36,0.03468,0.0795816,24.9394,1.4807e-35,1.92048e+16,1.26424e+17,9.32377e+13,1.45722e+17,1.24431e+20,2.91158e+09
1.07957e+06,373362,2.46589e+07,1.96788e+24,4.92554e+25,1.39798e+10,0.0136588,1.30272e+36,0.03468,0.0795788,24.9363,1.4803e-35,1.92044e+16,1.26422e+17,9.32356e+13,1.4572e+17,1.36792e+20,2.91156e+09
1.12957e+06,373357,2.46587e+07,2.25415e+24,5.64161e+25,1.46272e+10,0.0136589,1.30264e+36,0.03468,0.0795758,24.933,1.47987e-35,1.9204e+16,1.2642e+17,9.32334e+13,1.45717e+17,1.49734e+20,2.91153e+09
1.17957e+06,373352,2.46586e+07,2.56691e+24,6.42385e+25,1.52746e+10,0.0136591,1.30256e+36,0.03468,0.0795728,24.9296,1.47943e-35,1.92036e+16,1.26417e+17,9.32311e+13,1.45714e+17,1.63259e+20,2.91151e+09
1.22957e+06,373346,2.46584e+07,2.90734e+24,7.27517e+25,1.5922e+10,0.0136593,1.30248e+36,0.03468,0.0795696,24.9261,1.47897e-35,1.92031e+16,1.26415e+17,9.32287e+13,1.45711e+17,1.77365e+20,2.91148e+09
1.27957e+06,373341,2.46582e+07,3.2766e+24,8.19847e+25,1.65694e+10,0.0136594,1.30239e+36,0.03468,0.0795663,24.9224,1.47849e-35,1.92026e+16,1.26412e+17,9.32262e+13,1.45708e+17,1.92052e+20,2.91145e+09
1.32957e+06,373335,2.46581e+07,3.67588e+24,9.19666e+25,1.72168e+10,0.0136596,1.3023e+36,0.03468,0.0795628,24.9185,1.47799e-35,1.92021e+16,1.26409e+17,9.32236e+13,1.45704e+17,2.07319e+20,2.91142e+09
1.37957e+06,373329,2.46579e+07,4.10633e+24,1.02726e+26,1.78641e+10,0.0136598,1.3022e+36,0.03468,0.0795592,24.9145,1.47747e-35,1.92016e+16,1.26406e+17,9.32209e+13,1.45701e+17,2.23166e+20,2.91139e+09
1.42957e+06,373323,2.46577e+07,4.56914e+24,1.14293e+26,1.85115e+10,0.01366,1.3021e+36,0.03468,0.0795555,24.9104,1.47693e-35,1.92011e+16,1.26403e+17,9.32181e+13,1.45697e+17,2.39592e+20,2.91136e+09
1.47957e+06,373316,2.46575e+07,5.06548e+24,1.26695e+26,1.91588e+10,0.0136602,1.302e+36,0.03468,0.0795517,24.9061,1.47638e-35,1.92005e+16,1.264e+17,9.32152e+13,1.45694e+17,2.56596e+20,2.91133e+09
1.52957e+06,373309,2.46573e+07,5.59651e+24,1.39962e+26,1.98061e+10,0.0136604,1.30189e+36,0.03468,0.0795477,24.9016,1.4758e-35,1.91999e+16,1.26397e+17,9.32122e+13,1.4569e+17,2.74178e+20,2.91129e+09
1.57957e+06,373302,2.46571e+07,6.16341e+24,1.54123e+26,2.04534e+10,0.0136606,1.30178e+36,0.03468,0.0795436,24.8971,1.47521e-35,1.91993e+16,1.26393e+17,9.32091e+13,1.45686e+17,2.92337e+20,2.91126e+09
1.62957e+06,373295,2.46569e+07,6.76734e+24,1.69205e+26,2.11007e+10,0.0136609,1.30167e+36,0.03468,0.0795393,24.8923,1.47459e-35,1.91987e+16,1.2639e+17,9.32059e+13,1.45682e+17,3.11073e+20,2.91122e+09
1.67957e+06,373288,2.46567e+07,7.40949e+24,1.85239e+26,2.1748e+10,0.0136611,1.30155e+36,0.03468,0.0795349,24.8875,1.47396e-35,1.91981e+16,1.26386e+17,9.32026e+13,1.45677e+17,3.30384e+20,2.91118e+09
1.72957e+06,373280,2.46564e+07,8.09101e+24,2.02253e+26,2.23953e+10,0.0136614,1.30143e+36,0.03468,0.0795304,24.8825,1.47331e-35,1.91975e+16,1.26382e+17,9.31992e+13,1.45673e+17,3.50269e+20,2.91115e+09
1.77957e+06,373273,2.46562e+07,8.81309e+24,2.20276e+26,2.30426e+10,0.0136616,1.30131e+36,0.03468,0.0795258,24.8773,1.47264e-35,1.91968e+16,1.26378e+17,9.31957e+13,1.45668e+17,3.70729e+20,2.91111e+09
1.82957e+06,373265,2.4656e+07,9.57689e+24,2.39336e+26,2.36898e+10,0.0136619,1.30118e+36,0.03468,0.079521,24.872,1.47195e-35,1.91961e+16,1.26375e+17,9.31921e+13,1.45664e+17,3.91763e+20,2.91107e+09
1.87957e+06,373256,2.46557e+07,1.03836e+25,2.59462e+26,2.4337e+10,0.0136621,1.30105e+36,0.03468,0.0795161,24.8665,1.47124e-35,1.91954e+16,1.26371e+17,9.31884e+13,1.45659e+17,4.13368e+20,2.91103e+09
1.92957e+06,373248,2.46555e+07,1.12343e+25,2.80682e+26,2.49843e+10,0.0136624,1.30092e+36,0.03468,0.079511,24.8609,1.47052e-35,1.91947e+16,1.26366e+17,9.31846e+13,1.45654e+17,4.35546e+20,2.91098e+09
1.97957e+06,373239,2.46552e+07,1.21303e+25,3.03026e+26,2.56315e+10,0.0136627,1.30078e+36,0.03468,0.0795059,24.8552,1.46977e-35,1.91939e+16,1.26362e+17,9.31807e+13,1.45649e+17,4.58294e+20,2.91094e+09
2.02957e+06,373230,2.4655e+07,1.30727e+25,3.26521e+26,2.62787e+10,0.013663,1.30064e+36,0.03468,0.0795006,24.8493,1.46901e-35,1.91932e+16,1.26358e+17,9.31767e+13,1.45644e+17,4.81612e+20,2.91089e+09
2.07957e+06,373221,2.46547e+07,1.40627e+25,3.51197e+26,2.69258e+10,0.0136632,1.3005e+36,0.03468,0.0794951,24.8432,1.46823e-35,1.91924e+16,1.26353e+17,9.31726e+13,1.45639e+17,5.05499e+20,2.91085e+09
2.12957e+06,373212,2.46544e+07,1.51014e+25,3.77081e+26,2.7573e+10,0.0136635,1.30035e+36,0.03468,0.0794896,24.837,1.46743e-35,1.91916e+16,1.26349e+17,9.31684e+13,1.45633e+17,5.29954e+20,2.9108e+09
2.17957e+06,373202,2.46541e+07,1.619e+25,4.04202e+26,2.82201e+10,0.0136639,1.3002e+36,0.03468,0.0794839,24.8307,1.46661e-35,1.91908e+16,1.26344e+17,9.31641e+13,1.45628e+17,5.54976e+20,2.91075e+09
2.22957e+06,373193,2.46538e+07,1.73297e+25,4.32588e+26,2.88673e+10,0.0136642,1.30004e+36,0.03468,0.079478,24.8242,1.46577e-35,1.91899e+16,1.26339e+17,9.31598e+13,1.45622e+17,5.80565e+20,2.9107e+09
2.27957e+06,373183,2.46535e+07,1.85216e+25,4.62268e+26,2.95144e+10,0.0136645,1.29988e+36,0.03468,0.0794721,24.8176,1.46492e-35,1.91891e+16,1.26334e+17,9.31553e+13,1.45616e+17,6.06718e+20,2.91065e+09
2.32957e+06,373172,2.46532e+07,1.97669e+25,4.93269e+26,3.01614e+10,0.0136648,1.29972e+36,0.03468,0.079466,24.8109,1.46404e-35,1.91882e+16,1.26329e+17,9.31507e+13,1.45611e+17,6.33436e+20,2.9106e+09
2.37957e+06,373162,2.46529e+07,2.10669e+25,5.25621e+26,3.08085e+10,0.0136651,1.29956e+36,0.03468,0.0794597,24.8039,1.46315e-35,1.91873e+16,1.26324e+17,9.3146e+13,1.45605e+17,6.60717e+20,2.91055e+09
2.42957e+06,373151,2.46526e+07,2.24226e+25,5.5935e+26,3.14556e+10,0.0136655,1.29939e+36,0.03468,0.0794534,24.7969,1.46224e-35,1.91864e+16,1.26319e+17,9.31412e+13,1.45598e+17,6.88559e+20,2.91049e+09
2.47957e+06,373140,2.46523e+07,2.38352e+25,5.94486e+26,3.21026e+10,0.0136658,1.29921e+36,0.03468,0.0794469,24.7897,1.46131e-35,1.91854e+16,1.26314e+17,9.31363e+13,1.45592e+17,7.16963e+20,2.91044e+09
2.52957e+06,373129,2.4652e+07,2.53059e+25,6.31056e+26,3.27496e+10,0.0136662,1.29904e+36,0.03468,0.0794403,24.7823,1.46036e-35,1.91845e+16,1.26308e+17,9.31313e+13,1.45586e+17,7.45926e+20,2.91038e+09
2.57957e+06,373118,2.46516e+07,2.68359e+25,6.69088e+26,3.33966e+10,0.0136666,1.29886e+36,0.03468,0.0794335,24.7749,1.45939e-35,1.91835e+16,1.26303e+17,9.31262e+13,1.45579e+17,7.75449e+20,2.91032e+09
2.62957e+06,373106,2.46513e+07,2.84263e+25,7.0861e+26,3.40436e+10,0.0136669,1.29868e+36,0.03468,0.0794266,24.7672,1.45841e-35,1.91825e+16,1.26297e+17,9.3121e+13,1.45573e+17,8.05528e+20,2.91027e+09
2.67957e+06,373095,2.46509e+07,3.00783e+25,7.4965e+26,3.46906e+10,0.0136673,1.29849e+36,0.03468,0.0794196,24.7594,1.45741e-35,1.91815e+16,1.26291e+17,9.31157e+13,1.45566e+17,8.36165e+20,2.91021e+09
2.72957e+06,373083,2.46506e+07,3.1793e+25,7.92236e+26,3.53375e+10,0.0136677,1.2983e+36,0.03468,0.0794125,24.7515,1.45639e-35,1.91805e+16,1.26285e+17,9.31104e+13,1.45559e+17,8.67356e+20,2.91015e+09
2.77957e+06,373070,2.46502e+07,3.35717e+25,8.36395e+26,3.59844e+10,0.0136681,1.29811e+36,0.03468,0.0794052,24.7435,1.45535e-35,1.91795e+16,1.26279e+17,9.31049e+13,1.45552e+17,8.99102e+20,2.91008e+09
2.82957e+06,373058,2.46498e+07,3.54155e+25,8.82155e+26,3.66313e+10,0.0136685,1.29791e+36,0.03468,0.0793978,24.7352,1.45429e-35,1.91784e+16,1.26273e+17,9.30993e+13,1.45545e+17,9.314e+20,2.91002e+09
2.87957e+06,373045,2.46495e+07,3.73255e+25,9.29544e+26,3.72782e+10,0.0136689,1.29771e+36,0.03468,0.0793902,24.7269,1.45322e-35,1.91773e+16,1.26267e+17,9.30936e+13,1.45537e+17,9.6425e+20,2.90996e+09
2.92957e+06,373032,2.46491e+07,3.9303e+25,9.7859e+26,3.7925e+10,0.0136693,1.29751e+36,0.03468,0.0793826,24.7184,1.45212e-35,1.91762e+16,1.26261e+17,9.30878e+13,1.4553e+17,9.9765e+20,2.90989e+09
2.97957e+06,373019,2.46487e+07,4.13491e+25,1.02932e+27,3.85718e+10,0.0136697,1.2973e+36,0.03468,0.0793747,24.7098,1.45101e-35,1.91751e+16,1.26254e+17,9.30819e+13,1.45522e+17,1.0316e+21,2.90983e+09
3.02957e+06,373006,2.46483e+07,4.34649e+25,1.08176e+27,3.92187e+10,0.0136701,1.29709e+36,0.03468,0.0793668,24.701,1.44988e-35,1.91739e+16,1.26248e+17,9.3076e+13,1.45515e+17,1.0661e+21,2.90976e+09
3.07957e+06,372992,2.46479e+07,4.56516e+25,1.13594e+27,3.98654e+10,0.0136706,1.29687e+36,0.03468,0.0793587,24.6921,1.44874e-35,1.91728e+16,1.26241e+17,9.30699e+13,1.45507e+17,1.10114e+21,2.90969e+09
3.12957e+06,372979,2.46475e+07,4.79105e+25,1.19188e+27,4.05122e+10,0.013671,1.29666e+36,0.03468,0.0793505,24.683,1.44757e-35,1.91716e+16,1.26234e+17,9.30637e+13,1.45499e+17,1.13673e+21,2.90962e+09
3.17957e+06,372965,2.46471e+07,5.02426e+25,1.24962e+27,4.11589e+10,0.0136715,1.29643e+36,0.03468,0.0793422,24.6738,1.44639e-35,1.91704e+16,1.26227e+17,9.30574e+13,1.45491e+17,1.17286e+21,2.90955e+09
3.22957e+06,372950,2.46466e+07,5.26491e+25,1.30918e+27,4.18056e+10,0.0136719,1.29621e+36,0.03468,0.0793338,24.6644,1.44519e-35,1.91692e+16,1.2622e+17,9.3051e+13,1.45483e+17,1.20953e+21,2.90948e+09
3.27957e+06,372936,2.46462e+07,5.51312e+25,1.37058e+27,4.24523e+10,0.0136724,1.29598e+36,0.03468,0.0793252,24.6549,1.44397e-35,1.91679e+16,1.26213e+17,9.30446e+13,1.45474e+17,1.24675e+21,2.90941e+09
3.32957e+06,372921,2.46458e+07,5.76901e+25,1.43386e+27,4.3099e+10,0.0136729,1.29575e+36,0.03468,0.0793164,24.6453,1.44273e-35,1.91667e+16,1.26206e+17,9.3038e+13,1.45466e+17,1.2845e+21,2.90933e+09
3.37957e+06,372906,2.46453e+07,6.03268e+25,1.49904e+27,4.37456e+10,0.0136733,1.29552e+36,0.03468,0.0793076,24.6355,1.44148e-35,1.91654e+16,1.26199e+17,9.30313e+13,1.45457e+17,1.32279e+21,2.90926e+09
3.42957e+06,372891,2.46449e+07,6.30427e+25,1.56615e+27,4.43922e+10,0.0136738,1.29528e+36,0.03468,0.0792986,24.6256,1.44021e-35,1.91641e+16,1.26191e+17,9.30245e+13,1.45449e+17,1.36162e+21,2.90918e+09
3.47957e+06,372876,2.46444e+07,6.58387e+25,1.63521e+27,4.50388e+10,0.0136743,1.29503e+36,0.03468,0.0792895,24.6155,1.43892e-35,1.91628e+16,1.26184e+17,9.30177e+13,1.4544e+17,1.40098e+21,2.9091e+09
3.52957e+06,372861,2.4644e+07,6.87162e+25,1.70626e+27,4.56854e+10,0.0136748,1.29479e+36,0.03468,0.0792802,24.6053,1.43762e-35,1.91615e+16,1.26176e+17,9.30107e+13,1.45431e+17,1.44088e+21,2.90902e+09
3.57957e+06,372845,2.46435e+07,7.16763e+25,1.77931e+27,4.63319e+10,0.0136753,1.29454e+36,0.03468,0.0792709,24.595,1.43629e-35,1.91601e+16,1.26169e+17,9.30036e+13,1.45422e+17,1.48131e+21,2.90894e+09
3.62957e+06,372829,2.4643e+07,7.47201e+25,1.8544e+27,4.69784e+10,0.0136758,1.29429e+36,0.03468,0.0792614,24.5845,1.43495e-35,1.91588e+16,1.26161e+17,9.29964e+13,1.45412e+17,1.52226e+21,2.90886e+09
3.67957e+06,372813,2.46425e+07,7.78487e+25,1.93154e+27,4.76249e+10,0.0136763,1.29403e+36,0.03468,0.0792517,24.5739,1.43359e-35,1.91574e+16,1.26153e+17,9.29892e+13,1.45403e+17,1.56375e+21,2.90878e+09
3.72957e+06,372796,2.46421e+07,8.10635e+25,2.01078e+27,4.82713e+10,0.0136769,1.29377e+36,0.03468,0.079242,24.5631,1.43222e-35,1.9156e+16,1.26145e+17,9.29818e+13,1.45394e+17,1.60576e+21,2.9087e+09
3.77957e+06,372780,2.46416e+07,8.43654e+25,2.09213e+27,4.89177e+10,0.0136774,1.29351e+36,0.03468,0.0792321,24.5522,1.43083e-35,1.91545e+16,1.26137e+17,9.29743e+13,1.45384e+17,1.6483e+21,2.90861e+09
3.82957e+06,372763,2.46411e+07,8.77557e+25,2.17562e+27,4.95641e+10,0.0136779,1.29324e+36,0.03468,0.079222,24.5412,1.42942e-35,1.91531e+16,1.26128e+17,9.29668e+13,1.45374e+17,1.69137e+21,2.90853e+09
3.87957e+06,372746,2.46406e+07,9.12356e+25,2.26128e+27,5.02105e+10,0.0136785,1.29298e+36,0.03468,0.0792119,24.53,1.42799e-35,1.91516e+16,1.2612e+17,9.29591e+13,1.45364e+17,1.73495e+21,2.90844e+09
3.92957e+06,372728,2.464e+07,9.48061e+25,2.34912e+27,5.08568e+10,0.013679,1.2927e+36,0.03468,0.0792016,24.5186,1.42655e-35,1.91502e+16,1.26111e+17,9.29513e+13,1.45355e+17,1.77906e+21,2.90836e+09
3.97957e+06,372711,2.46395e+07,9.84686e+25,2.43919e+27,5.15031e+10,0.0136796,1.29243e+36,0.03468,0.0791912,24.5072,1.42509e-35,1.91487e+16,1.26103e+17,9.29435e+13,1.45344e+17,1.82368e+21,2.90827e+09
4.02957e+06,372693,2.4639e+07,1.02224e+26,2.5315e+27,5.21493e+10,0.0136802,1.29215e+36,0.03468,0.0791806,24.4956,1.42361e-35,1.91471e+16,1.26094e+17,9.29355e+13,1.45334e+17,1.86882e+21,2.90818e+09
4.07957e+06,372675,2.46385e+07,1.06074e+26,2.62608e+27,5.27956e+10,0.0136808,1.29186e+36,0.03468,0.0791699,24.4838,1.42211e-35,1.91456e+16,1.26085e+17,9.29275e+13,1.45324e+17,1.91448e+21,2.90809e+09
4.12957e+06,372657,2.46379e+07,1.10019e+26,2.72296e+27,5.34418e+10,0.0136813,1.29158e+36,0.03468,0.0791591,24.4719,1.4206e-35,1.9144e+16,1.26076e+17,9.29193e+13,1.45313e+17,1.96065e+21,2.90799e+09
4.17957e+06,372639,2.46374e+07,1.1406e+26,2.82216e+27,5.4088e+10,0.0136819,1.29129e+36,0.03468,0.0791482,24.4599,1.41908e-35,1.91425e+16,1.26067e+17,9.2911e+13,1.45303e+17,2.00733e+21,2.9079e+09
4.22957e+06,372620,2.46368e+07,1.18199e+26,2.9237e+27,5.47341e+10,0.0136825,1.29099e+36,0.03468,0.0791371,24.4478,1.41753e-35,1.91409e+16,1.26058e+17,9.29027e+13,1.45292e+17,2.05453e+21,2.90781e+09
4.27957e+06,372601,2.46363e+07,1.22437e+26,3.02762e+27,5.53802e+10,0.0136831,1.2907e+36,0.03468,0.0791259,24.4355,1.41597e-35,1.91393e+16,1.26049e+17,9.28942e+13,1.45281e+17,2.10223e+21,2.90771e+09
4.32957e+06,372582,2.46357e+07,1.26775e+26,3.13393e+27,5.60263e+10,0.0136837,1.2904e+36,0.03468,0.0791146,24.423,1.41439e-35,1.91376e+16,1.2604e+17,9.28857e+13,1.4527e+17,2.15043e+21,2.90762e+09
4.37957e+06,372563,2.46351e+07,1.31214e+26,3.24267e+27,5.66723e+10,0.0136844,1.29009e+36,0.03468,0.0791031,24.4104,1.4128e-35,1.9136e+16,1.2603e+17,9.2877e+13,1.45259e+17,2.19914e+21,2.90752e+09
4.42957e+06,372543,2.46345e+07,1.35755e+26,3.35385e+27,5.73183e+10,0.013685,1.28978e+36,0.03468,0.0790915,24.3977,1.41119e-35,1.91343e+16,1.26021e+17,9.28683e+13,1.45248e+17,2.24836e+21,2.90742e+09
4.47957e+06,372524,2.46339e+07,1.404e+26,3.46751e+27,5.79643e+10,0.0136856,1.28947e+36,0.03468,0.0790798,24.3849,1.40956e-35,1.91326e+16,1.26011e+17,9.28594e+13,1.45236e+17,2.29807e+21,2.90732e+09
4.52957e+06,372504,2.46334e+07,1.45149e+26,3.58367e+27,5.86102e+10,0.0136863,1.28916e+36,0.03468,0.0790679,24.3719,1.40792e-35,1.91309e+16,1.26001e+17,9.28505e+13,1.45225e+17,2.34828e+21,2.90722e+09
4.57957e+06,372483,2.46328e+07,1.50004e+26,3.70235e+27,5.92561e+10,0.0136869,1.28884e+36,0.03468,0.079056,24.3588,1.40626e-35,1.91292e+16,1.25991e+17,9.28415e+13,1.45213e+17,2.39899e+21,2.90712e+09
4.62957e+06,372463,2.46321e+07,1.54966e+26,3.82358e+27,5.9902e+10,0.0136876,1.28852e+36,0.03468,0.0790439,24.3455,1.40458e-35,1.91274e+16,1.25981e+17,9.28323e+13,1.45202e+17,2.4502e+21,2.90701e+09
4.67957e+06,372442,2.46315e+07,1.60037e+26,3.94738e+27,6.05478e+10,0.0136882,1.2882e+36,0.03468,0.0790316,24.3321,1.40289e-35,1.91257e+16,1.25971e+17,9.28231e+13,1.4519e+17,2.5019e+21,2.90691e+09
4.72957e+06,372422,2.46309e+07,1.65216e+26,4.07378e+27,6.11936e+10,0.0136889,1.28787e+36,0.03468,0.0790192,24.3186,1.40118e-35,1.91239e+16,1.25961e+17,9.28137e+13,1.45178e+17,2.55409e+21,2.9068e+09
4.77957e+06,372401,2.46303e+07,1.70506e+26,4.2028e+27,6.18394e+10,0.0136896,1.28754e+36,0.03468,0.0790067,24.3049,1.39945e-35,1.91221e+16,1.25951e+17,9.28043e+13,1.45166e+17,2.60676e+21,2.9067e+09
4.82957e+06,372379,2.46297e+07,1.75907e+26,4.33446e+27,6.24851e+10,0.0136903,1.2872e+36,0.03468,0.0789941,24.2911,1.39771e-35,1.91203e+16,1.2594e+17,9.27948e+13,1.45153e+17,2.65993e+21,2.90659e+09
4.87957e+06,372358,2.4629e+07,1.81421e+26,4.4688e+27,6.31308e+10,0.0136909,1.28687e+36,0.03468,0.0789814,24.2771,1.39596e-35,1.91184e+16,1.2593e+17,9.27851e+13,1.45141e+17,2.71358e+21,2.90648e+09
4.92957e+06,372336,2.46284e+07,1.87048e+26,4.60583e+27,6.37765e+10,0.0136916,1.28653e+36,0.03468,0.0789685,24.2631,1.39418e-35,1.91166e+16,1.25919e+17,9.27754e+13,1.45128e+17,2.76771e+21,2.90637e+09
4.97957e+06,372314,2.46277e+07,1.92791e+26,4.74558e+27,6.44221e+10,0.0136924,1.28618e+36,0.03468,0.0789555,24.2488,1.3924e-35,1.91147e+16,1.25908e+17,9.27656e+13,1.45116e+17,2.82232e+21,2.90626e+09
5.02957e+06,372292,2.46271e+07,1.9865e+26,4.88807e+27,6.50677e+10,0.0136931,1.28583e+36,0.03468,0.0789423,24.2345,1.39059e-35,1.91128e+16,1.25897e+17,9.27556e+13,1.45103e+17,2.87741e+21,2.90615e+09
5.07957e+06,372270,2.46264e+07,2.04626e+26,5.03333e+27,6.57132e+10,0.0136938,1.28548e+36,0.03468,0.078929,24.22,1.38877e-35,1.91109e+16,1.25886e+17,9.27456e+13,1.4509e+17,2.93298e+21,2.90604e+09
5.12957e+06,372247,2.46257e+07,2.10721e+26,5.18138e+27,6.63587e+10,0.0136945,1.28513e+36,0.03468,0.0789156,24.2054,1.38694e-35,1.9109e+16,1.25875e+17,9.27355e+13,1.45077e+17,2.98902e+21,2.90592e+09
5.17957e+06,372224,2.4625e+07,2.16935e+26,5.33224e+27,6.70041e+10,0.0136952,1.28477e+36,0.03468,0.0789021,24.1906,1.38509e-35,1.9107e+16,1.25864e+17,9.27253e+13,1.45064e+17,3.04554e+21,2.90581e+09
5.22957e+06,372201,2.46244e+07,2.2327e+26,5.48594e+27,6.76496e+10,0.013696,1.28441e+36,0.03468,0.0788885,24.1758,1.38322e-35,1.91051e+16,1.25853e+17,9.27149e+13,1.45051e+17,3.10252e+21,2.90569e+09
5.27957e+06,372178,2.46237e+07,2.29727e+26,5.6425e+27,6.82949e+10,0.0136967,1.28404e+36,0.03468,0.0788747,24.1607,1.38134e-35,1.91031e+16,1.25842e+17,9.27045e+13,1.45037e+17,3.15998e+21,2.90557e+09
5.32957e+06,372155,2.4623e+07,2.36307e+26,5.80194e+27,6.89403e+10,0.0136975,1.28368e+36,0.03468,0.0788607,24.1456,1.37945e-35,1.91011e+16,1.2583e+17,9.2694e+13,1.45024e+17,3.2179e+21,2.90545e+09
5.37957e+06,372131,2.46223e+07,2.43011e+26,5.9643e+27,6.95856e+10,0.0136983,1.2833e+36,0.03468,0.0788467,24.1303,1.37753e-35,1.9099e+16,1.25818e+17,9.26834e+13,1.4501e+17,3.27628e+21,2.90533e+09
5.42957e+06,372107,2.46216e+07,2.49841e+26,6.12958e+27,7.02308e+10,0.013699,1.28293e+36,0.03468,0.0788325,24.1149,1.37561e-35,1.9097e+16,1.25807e+17,9.26727e+13,1.44996e+17,3.33512e+21,2.90521e+09
5.47957e+06,372083,2.46208e+07,2.56797e+26,6.29782e+27,7.0876e+10,0.0136998,1.28255e+36,0.03468,0.0788182,24.0993,1.37367e-35,1.90949e+16,1.25795e+17,9.26619e+13,1.44983e+17,3.39442e+21,2.90509e+09
5.52957e+06,372059,2.46201e+07,2.6388e+26,6.46903e+27,7.15212e+10,0.0137006,1.28217e+36,0.03468,0.0788038,24.0836,1.37171e-35,1.90928e+16,1.25783e+17,9.2651e+13,1.44968e+17,3.45418e+21,2.90497e+09
5.57957e+06,372034,2.46194e+07,2.71093e+26,6.64324e+27,7.21663e+10,0.0137014,1.28178e+36,0.03468,0.0787892,24.0678,1.36974e-35,1.90907e+16,1.25771e+17,9.264e+13,1.44954e+17,3.5144e+21,2.90484e+09
5.62957e+06,372009,2.46186e+07,2.78435e+26,6.82048e+27,7.28114e+10,0.0137022,1.2814e+36,0.03468,0.0787746,24.0519,1.36775e-35,1.90886e+16,1.25759e+17,9.26289e+13,1.4494e+17,3.57506e+21,2.90472e+09
5.67957e+06,371984,2.46179e+07,2.85908e+26,7.00076e+27,7.34565e+10,0.013703,1.281e+36,0.03468,0.0787597,24.0358,1.36575e-35,1.90865e+16,1.25747e+17,9.26177e+13,1.44926e+17,3.63618e+21,2.90459e+09
5.72957e+06,371959,2.46171e+07,2.93514e+26,7.18411e+27,7.41015e+10,0.0137038,1.28061e+36,0.03468,0.0787448,24.0196,1.36373e-35,1.90843e+16,1.25734e+17,9.26064e+13,1.44911e+17,3.69774e+21,2.90446e+09
5.77957e+06,371934,2.46164e+07,3.01253e+26,7.37054e+27,7.47464e+10,0.0137046,1.28021e+36,0.03468,0.0787297,24.0033,1.3617e-35,1.90822e+16,1.25722e+17,9.2595e+13,1.44897e+17,3.75975e+21,2.90433e+09
5.82957e+06,371908,2.46156e+07,3.09127e+26,7.56009e+27,7.53913e+10,0.0137054,1.27981e+36,0.03468,0.0787145,23.9868,1.35966e-35,1.908e+16,1.25709e+17,9.25835e+13,1.44882e+17,3.8222e+21,2.9042e+09
5.87957e+06,371882,2.46149e+07,3.17136e+26,7.75277e+27,7.60362e+10,0.0137063,1.2794e+36,0.03468,0.0786992,23.9702,1.3576e-35,1.90778e+16,1.25696e+17,9.25719e+13,1.44867e+17,3.8851e+21,2.90407e+09
5.92957e+06,371856,2.46141e+07,3.25282e+26,7.94861e+27,7.6681e+10,0.0137071,1.279e+36,0.03468,0.0786837,23.9534,1.35552e-35,1.90755e+16,1.25684e+17,9.25602e+13,1.44852e+17,3.94843e+21,2.90394e+09
5.97957e+06,371830,2.46133e+07,3.33566e+26,8.14762e+27,7.73258e+10,0.013708,1.27858e+36,0.03468,0.0786682,23.9366,1.35343e-35,1.90733e+16,1.25671e+17,9.25484e+13,1.44837e+17,4.01219e+21,2.90381e+09
6.02957e+06,371803,2.46125e+07,3.41989e+26,8.34984e+27,7.79705e+10,0.0137088,1.27817e+36,0.03468,0.0786524,23.9196,1.35133e-35,1.9071e+16,1.25658e+17,9.25365e+13,1.44821e+17,4.07639e+21,2.90367e+09
6.07957e+06,371777,2.46117e+07,3.50553e+26,8.55527e+27,7.86152e+10,0.0137097,1.27775e+36,0.03468,0.0786366,23.9025,1.34921e-35,1.90687e+16,1.25645e+17,9.25246e+13,1.44806e+17,4.14102e+21,2.90354e+09
6.12957e+06,371750,2.46109e+07,3.59258e+26,8.76395e+27,7.92599e+10,0.0137105,1.27733e+36,0.03468,0.0786206,23.8852,1.34708e-35,1.90664e+16,1.25632e+17,9.25125e+13,1.4479e+17,4.20608e+21,2.9034e+09
6.17957e+06,371722,2.46101e+07,3.68105e+26,8.97589e+27,7.99044e+10,0.0137114,1.27691e+36,0.03468,0.0786046,23.8679,1.34494e-35,1.90641e+16,1.25618e+17,9.25003e+13,1.44775e+17,4.27156e+21,2.90326e+09
6.22957e+06,371695,2.46093e+07,3.77096e+26,9.19111e+27,8.0549e+10,0.0137123,1.27648e+36,0.03468,0.0785883,23.8503,1.34278e-35,1.90618e+16,1.25605e+17,9.2488e+13,1.44759e+17,4.33747e+21,2.90313e+09
6.27957e+06,371667,2.46085e+07,3.86232e+26,9.40964e+27,8.11935e+10,0.0137132,1.27605e+36,0.03468,0.078572,23.8327,1.3406e-35,1.90594e+16,1.25591e+17,9.24757e+13,1.44743e+17,4.4038e+21,2.90299e+09
6.32957e+06,371640,2.46076e+07,3.95514e+26,9.6315e+27,8.18379e+10,0.0137141,1.27561e+36,0.03468,0.0785555,23.815,1.33842e-35,1.9057e+16,1.25578e+17,9.24632e+13,1.44727e+17,4.47055e+21,2.90285e+09
6.37957e+06,371612,2.46068e+07,4.04943e+26,9.8567e+27,8.24823e+10,0.013715,1.27517e+36,0.03468,0.0785389,23.7971,1.33622e-35,1.90546e+16,1.25564e+17,9.24507e+13,1.44711e+17,4.53771e+21,2.9027e+09
6.42957e+06,371583,2.46059e+07,4.1452e+26,1.00853e+28,8.31267e+10,0.0137159,1.27473e+36,0.03468,0.0785222,23.779,1.334e-35,1.90522e+16,1.2555e+17,9.2438e+13,1.44695e+17,4.60529e+21,2.90256e+09
6.47957e+06,371555,2.46051e+07,4.24246e+26,1.03172e+28,8.3771e+10,0.0137168,1.27429e+36,0.03468,0.0785053,23.7609,1.33178e-35,1.90498e+16,1.25536e+17,9.24252e+13,1.44678e+17,4.67327e+21,2.90242e+09
6.52957e+06,371526,2.46042e+07,4.34123e+26,1.05526e+28,8.44152e+10,0.0137178,1.27384e+36,0.03468,0.0784884,23.7426,1.32953e-35,1.90473e+16,1.25522e+17,9.24124e+13,1.44662e+17,4.74167e+21,2.90227e+09
6.57957e+06,371497,2.46034e+07,4.44152e+26,1.07914e+28,8.50594e+10,0.0137187,1.27339e+36,0.03468,0.0784712,23.7242,1.32728e-35,1.90448e+16,1.25508e+17,9.23994e+13,1.44645e+17,4.81047e+21,2.90212e+09
6.62957e+06,371468,2.46025e+07,4.54334e+26,1.10337e+28,8.57036e+10,0.0137196,1.27293e+36,0.03468,0.078454,23.7057,1.32501e-35,1.90424e+16,1.25494e+17,9.23864e+13,1.44628e+17,4.87967e+21,2.90198e+09
6.67957e+06,371439,2.46016e+07,4.64669e+26,1.12794e+28,8.63477e+10,0.0137206,1.27248e+36,0.03468,0.0784367,23.6871,1.32273e-35,1.90398e+16,1.25479e+17,9.23732e+13,1.44611e+17,4.94928e+21,2.90183e+09
6.72957e+06,371409,2.46008e+07,4.75159e+26,1.15286e+28,8.69917e+10,0.0137215,1.27202e+36,0.03468,0.0784192,23.6683,1.32044e-35,1.90373e+16,1.25465e+17,9.236e+13,1.44594e+17,5.01928e+21,2.90168e+09
6.77957e+06,371379,2.45999e+07,4.85806e+26,1.17813e+28,8.76357e+10,0.0137225,1.27155e+36,0.03468,0.0784016,23.6494,1.31813e-35,1.90348e+16,1.2545e+17,9.23467e+13,1.44577e+17,5.08968e+21,2.90153e+09
6.82957e+06,371349,2.4599e+07,4.9661e+26,1.20376e+28,8.82797e+10,0.0137235,1.27108e+36,0.03468,0.0783838,23.6304,1.31581e-35,1.90322e+16,1.25435e+17,9.23332e+13,1.4456e+17,5.16046e+21,2.90138e+09
6.87957e+06,371319,2.45981e+07,5.07572e+26,1.22974e+28,8.89236e+10,0.0137245,1.27061e+36,0.03468,0.0783659,23.6113,1.31348e-35,1.90296e+16,1.25421e+17,9.23197e+13,1.44543e+17,5.23164e+21,2.90122e+09
6.92957e+06,371289,2.45972e+07,5.18695e+26,1.25608e+28,8.95674e+10,0.0137254,1.27014e+36,0.03468,0.078348,23.592,1.31113e-35,1.9027e+16,1.25406e+17,9.23061e+13,1.44525e+17,5.30321e+21,2.90107e+09
6.97957e+06,371258,2.45962e+07,5.29977e+26,1.28277e+28,9.02112e+10,0.0137264,1.26966e+36,0.03468,0.0783298,23.5726,1.30877e-35,1.90244e+16,1.25391e+17,9.22924e+13,1.44507e+17,5.37516e+21,2.90091e+09
7.02957e+06,371227,2.45953e+07,5.41422e+26,1.30983e+28,9.0855e+10,0.0137274,1.26918e+36,0.03468,0.0783116,23.5531,1.3064e-35,1.90218e+16,1.25376e+17,9.22785e+13,1.4449e+17,5.44749e+21,2.90076e+09
7.07957e+06,371196,2.45944e+07,5.5303e+26,1.33725e+28,9.14986e+10,0.0137284,1.2687e+36,0.03468,0.0782932,23.5334,1.30402e-35,1.90191e+16,1.2536e+17,9.22646e+13,1.44472e+17,5.52021e+21,2.9006e+09
7.12957e+06,371165,2.45935e+07,5.64802e+26,1.36503e+28,9.21423e+10,0.0137295,1.26821e+36,0.03468,0.0782747,23.5137,1.30162e-35,1.90164e+16,1.25345e+17,9.22506e+13,1.44454e+17,5.59329e+21,2.90044e+09
7.17957e+06,371133,2.45925e+07,5.76739e+26,1.39318e+28,9.27858e+10,0.0137305,1.26772e+36,0.03468,0.0782561,23.4938,1.29921e-35,1.90138e+16,1.2533e+17,9.22365e+13,1.44436e+17,5.66675e+21,2.90028e+09
7.22957e+06,371101,2.45916e+07,5.88842e+26,1.4217e+28,9.34294e+10,0.0137315,1.26723e+36,0.03468,0.0782374,23.4738,1.29679e-35,1.9011e+16,1.25314e+17,9.22223e+13,1.44417e+17,5.74059e+21,2.90012e+09
7.27957e+06,371069,2.45906e+07,6.01113e+26,1.45059e+28,9.40728e+10,0.0137325,1.26673e+36,0.03468,0.0782185,23.4537,1.29436e-35,1.90083e+16,1.25298e+17,9.2208e+13,1.44399e+17,5.81479e+21,2.89996e+09
7.32957e+06,371037,2.45897e+07,6.13553e+26,1.47985e+28,9.47162e+10,0.0137336,1.26623e+36,0.03468,0.0781995,23.4334,1.29191e-35,1.90056e+16,1.25283e+17,9.21936e+13,1.4438e+17,5.88935e+21,2.89979e+09
7.37957e+06,371005,2.45887e+07,6.26162e+26,1.50948e+28,9.53596e+10,0.0137346,1.26573e+36,0.03468,0.0781804,23.4131,1.28945e-35,1.90028e+16,1.25267e+17,9.21791e+13,1.44362e+17,5.96428e+21,2.89963e+09
7.42957e+06,370972,2.45877e+07,6.38943e+26,1.53949e+28,9.60029e+10,0.0137357,1.26522e+36,0.03468,0.0781611,23.3926,1.28698e-35,1.9e+16,1.25251e+17,9.21645e+13,1.44343e+17,6.03957e+21,2.89946e+09
7.47957e+06,370939,2.45867e+07,6.51895e+26,1.56988e+28,9.66461e+10,0.0137368,1.26471e+36,0.03468,0.0781418,23.372,1.2845e-35,1.89972e+16,1.25235e+17,9.21498e+13,1.44324e+17,6.11521e+21,2.8993e+09
7.52957e+06,370906,2.45858e+07,6.6502e+26,1.60064e+28,9.72893e+10,0.0137378,1.2642e+36,0.03468,0.0781223,23.3512,1.28201e-35,1.89944e+16,1.25218e+17,9.21351e+13,1.44305e+17,6.19121e+21,2.89913e+09
7.57957e+06,370873,2.45848e+07,6.7832e+26,1.63179e+28,9.79324e+10,0.0137389,1.26368e+36,0.03468,0.0781026,23.3304,1.2795e-35,1.89915e+16,1.25202e+17,9.21202e+13,1.44286e+17,6.26756e+21,2.89896e+09
7.62957e+06,370840,2.45838e+07,6.91796e+26,1.66332e+28,9.85755e+10,0.01374,1.26316e+36,0.03468,0.0780829,23.3094,1.27699e-35,1.89887e+16,1.25186e+17,9.21052e+13,1.44267e+17,6.34425e+21,2.89879e+09
7.67957e+06,370806,2.45828e+07,7.05447e+26,1.69523e+28,9.92185e+10,0.0137411,1.26264e+36,0.03468,0.078063,23.2884,1.27446e-35,1.89858e+16,1.25169e+17,9.20901e+13,1.44247e+17,6.4213e+21,2.89862e+09
7.72957e+06,370772,2.45818e+07,7.19277e+26,1.72753e+28,9.98614e+10,0.0137422,1.26212e+36,0.03468,0.078043,23.2672,1.27192e-35,1.89829e+16,1.25153e+17,9.2075e+13,1.44228e+17,6.49868e+21,2.89845e+09
7.77957e+06,370738,2.45807e+07,7.33285e+26,1.76022e+28,1.00504e+11,0.0137433,1.26159e+36,0.03468,0.0780229,23.2458,1.26937e-35,1.898e+16,1.25136e+17,9.20597e+13,1.44208e+17,6.57641e+21,2.89828e+09
7.82957e+06,370703,2.45797e+07,7.47473e+26,1.7933e+28,1.01147e+11,0.0137444,1.26106e+36,0.03468,0.0780027,23.2244,1.26681e-35,1.89771e+16,1.25119e+17,9.20444e+13,1.44188e+17,6.65447e+21,2.8981e+09
7.87957e+06,370669,2.45787e+07,7.61843e+26,1.82677e+28,1.0179e+11,0.0137455,1.26052e+36,0.03468,0.0779823,23.2028,1.26424e-35,1.89741e+16,1.25102e+17,9.20289e+13,1.44168e+17,6.73286e+21,2.89793e+09
7.92957e+06,370634,2.45776e+07,7.76394e+26,1.86063e+28,1.02433e+11,0.0137467,1.25998e+36,0.03468,0.0779618,23.1812,1.26165e-35,1.89712e+16,1.25085e+17,9.20134e+13,1.44148e+17,6.81159e+21,2.89775e+09
7.97957e+06,370599,2.45766e+07,7.91129e+26,1.89488e+28,1.03075e+11,0.0137478,1.25944e+36,0.03468,0.0779412,23.1594,1.25906e-35,1.89682e+16,1.25068e+17,9.19977e+13,1.44128e+17,6.89064e+21,2.89757e+09
8.02957e+06,370564,2.45755e+07,8.06048e+26,1.92954e+28,1.03718e+11,0.0137489,1.2589e+36,0.03468,0.0779205,23.1375,1.25645e-35,1.89652e+16,1.25051e+17,9.1982e+13,1.44108e+17,6.97002e+21,2.8974e+09
8.07957e+06,370528,2.45745e+07,8.21152e+26,1.96458e+28,1.0436e+11,0.0137501,1.25835e+36,0.03468,0.0778996,23.1155,1.25383e-35,1.89621e+16,1.25034e+17,9.19661e+13,1.44088e+17,7.04972e+21,2.89722e+09
8.12957e+06,370493,2.45734e+07,8.36444e+26,2.00003e+28,1.05003e+11,0.0137512,1.2578e+36,0.03468,0.0778786,23.0933,1.25121e-35,1.89591e+16,1.25016e+17,9.19502e+13,1.44067e+17,7.12974e+21,2.89704e+09
8.17957e+06,370457,2.45724e+07,8.51923e+26,2.03588e+28,1.05645e+11,0.0137524,1.25724e+36,0.03468,0.0778575,23.0711,1.24857e-35,1.8956e+16,1.24999e+17,9.19342e+13,1.44047e+17,7.21008e+21,2.89685e+09
8.22957e+06,370421,2.45713e+07,8.6759e+26,2.07214e+28,1.06288e+11,0.0137536,1.25669e+36,0.03468,0.0778363,23.0487,1.24592e-35,1.8953e+16,1.24981e+17,9.19181e+13,1.44026e+17,7.29073e+21,2.89667e+09
8.27957e+06,370384,2.45702e+07,8.83448e+26,2.10879e+28,1.0693e+11,0.0137548,1.25613e+36,0.03468,0.0778149,23.0262,1.24326e-35,1.89499e+16,1.24963e+17,9.19019e+13,1.44005e+17,7.37169e+21,2.89649e+09
8.32957e+06,370348,2.45691e+07,8.99497e+26,2.14585e+28,1.07572e+11,0.0137559,1.25556e+36,0.03468,0.0777934,23.0037,1.24059e-35,1.89468e+16,1.24945e+17,9.18855e+13,1.43984e+17,7.45295e+21,2.8963e+09
8.37957e+06,370311,2.4568e+07,9.15739e+26,2.18332e+28,1.08214e+11,0.0137571,1.255e+36,0.03468,0.0777718,22.981,1.23791e-35,1.89436e+16,1.24927e+17,9.18691e+13,1.43963e+17,7.53452e+21,2.89611e+09
8.42957e+06,370274,2.45669e+07,9.32173e+26,2.2212e+28,1.08856e+11,0.0137583,1.25443e+36,0.03468,0.0777501,22.9581,1.23522e-35,1.89405e+16,1.24909e+17,9.18526e+13,1.43942e+17,7.6164e+21,2.89593e+09
8.47957e+06,370237,2.45658e+07,9.48802e+26,2.25949e+28,1.09498e+11,0.0137595,1.25385e+36,0.03468,0.0777282,22.9352,1.23252e-35,1.89373e+16,1.24891e+17,9.1836e+13,1.4392e+17,7.69856e+21,2.89574e+09
8.52957e+06,370200,2.45647e+07,9.65627e+26,2.29819e+28,1.1014e+11,0.0137608,1.25328e+36,0.03468,0.0777063,22.9122,1.22981e-35,1.89341e+16,1.24873e+17,9.18194e+13,1.43899e+17,7.78103e+21,2.89555e+09
8.57957e+06,370162,2.45636e+07,9.82648e+26,2.3373e+28,1.10782e+11,0.013762,1.2527e+36,0.03468,0.0776842,22.889,1.22709e-35,1.89309e+16,1.24854e+17,9.18026e+13,1.43877e+17,7.86379e+21,2.89536e+09
8.62957e+06,370124,2.45624e+07,9.99867e+26,2.37682e+28,1.11424e+11,0.0137632,1.25212e+36,0.03468,0.077662,22.8657,1.22436e-35,1.89277e+16,1.24836e+17,9.17857e+13,1.43855e+17,7.94683e+21,2.89517e+09
8.67957e+06,370086,2.45613e+07,1.01729e+27,2.41677e+28,1.12066e+11,0.0137645,1.25153e+36,0.03468,0.0776396,22.8424,1.22162e-35,1.89245e+16,1.24817e+17,9.17687e+13,1.43833e+17,8.03016e+21,2.89497e+09
8.72957e+06,370048,2.45601e+07,1.0349e+27,2.45713e+28,1.12708e+11,0.0137657,1.25094e+36,0.03468,0.0776172,22.8189,1.21887e-35,1.89212e+16,1.24799e+17,9.17517e+13,1.43812e+17,8.11378e+21,2.89478e+09
8.77957e+06,370010,2.4559e+07,1.05272e+27,2.4979e+28,1.13349e+11,0.013767,1.25035e+36,0.03468,0.0775946,22.7953,1.21611e-35,1.89179e+16,1.2478e+17,9.17345e+13,1.43789e+17,8.19767e+21,2.89459e+09
8.82957e+06,369971,2.45578e+07,1.07074e+27,2.5391e+28,1.13991e+11,0.0137682,1.24976e+36,0.03468,0.0775719,22.7716,1.21335e-35,1.89146e+16,1.24761e+17,9.17172e+13,1.43767e+17,8.28184e+21,2.89439e+09
8.87957e+06,369932,2.45567e+07,1.08897e+27,2.58072e+28,1.14632e+11,0.0137695,1.24916e+36,0.03468,0.077549,22.7478,1.21057e-35,1.89113e+16,1.24742e+17,9.16999e+13,1.43745e+17,8.36628e+21,2.89419e+09
8.92957e+06,369893,2.45555e+07,1.1074e+27,2.62277e+28,1.15274e+11,0.0137708,1.24856e+36,0.03468,0.0775261,22.7238,1.20778e-35,1.8908e+16,1.24723e+17,9.16824e+13,1.43722e+17,8.451e+21,2.89399e+09
8.97957e+06,369854,2.45543e+07,1.12603e+27,2.66523e+28,1.15915e+11,0.013772,1.24795e+36,0.03468,0.077503,22.6998,1.20499e-35,1.89046e+16,1.24704e+17,9.16649e+13,1.437e+17,8.53598e+21,2.89379e+09
9.02957e+06,369814,2.45532e+07,1.14487e+27,2.70813e+28,1.16556e+11,0.0137733,1.24735e+36,0.03468,0.0774798,22.6757,1.20218e-35,1.89013e+16,1.24684e+17,9.16473e+13,1.43677e+17,8.62123e+21,2.89359e+09
9.07957e+06,369774,2.4552e+07,1.16392e+27,2.75145e+28,1.17198e+11,0.0137746,1.24674e+36,0.03468,0.0774565,22.6514,1.19937e-35,1.88979e+16,1.24665e+17,9.16295e+13,1.43654e+17,8.70673e+21,2.89339e+09
9.12957e+06,369734,2.45508e+07,1.18318e+27,2.7952e+28,1.17839e+11,0.0137759,1.24613e+36,0.03468,0.0774331,22.627,1.19655e-35,1.88945e+16,1.24645e+17,9.16117e+13,1.43631e+17,8.7925e+21,2.89319e+09
9.17957e+06,369694,2.45496e+07,1.20265e+27,2.83937e+28,1.1848e+11,0.0137772,1.24551e+36,0.03468,0.0774095,22.6026,1.19371e-35,1.8891e+16,1.24626e+17,9.15938e+13,1.43608e+17,8.87852e+21,2.89299e+09
9.22957e+06,369654,2.45484e+07,1.22233e+27,2.88398e+28,1.19121e+11,0.0137785,1.24489e+36,0.03468,0.0773858,22.578,1.19087e-35,1.88876e+16,1.24606e+17,9.15758e+13,1.43585e+17,8.96479e+21,2.89278e+09
9.27957e+06,369613,2.45472e+07,1.24222e+27,2.92902e+28,1.19762e+11,0.0137799,1.24427e+36,0.03468,0.077362,22.5533,1.18803e-35,1.88842e+16,1.24586e+17,9.15577e+13,1.43562e+17,9.05131e+21,2.89257e+09
9.40386e+06,369511,2.45441e+07,1.29259e+27,3.04287e+28,1.21355e+11,0.0137832,1.24271e+36,0.03468,0.0773024,22.4915,1.18091e-35,1.88755e+16,1.24536e+17,9.15122e+13,1.43503e+17,9.26743e+21,2.89237e+09
9.66208e+06,369295,2.45377e+07,1.40153e+27,3.28801e+28,1.24663e+11,0.0137902,1.23941e+36,0.03468,0.077176,22.3611,1.16596e-35,1.88571e+16,1.24431e+17,9.1416e+13,1.43379e+17,9.72107e+21,2.89216e+09
1.01281e+07,368891,2.45256e+07,1.61321e+27,3.76039e+28,1.30628e+11,0.0138034,1.23325e+36,0.03468,0.0769397,22.1187,1.13846e-35,1.88227e+16,1.24233e+17,9.12361e+13,1.43147e+17,1.05543e+22,2.89195e+09
1.08826e+07,368196,2.45048e+07,1.99902e+27,4.60871e+28,1.40272e+11,0.0138261,1.22274e+36,0.03468,0.0765351,21.7082,1.09271e-35,1.87636e+16,1.23894e+17,9.09277e+13,1.42749e+17,1.19373e+22,2.89174e+09
1.20082e+07,367068,2.44711e+07,2.68078e+27,6.07132e+28,1.54624e+11,0.013863,1.20584e+36,0.03468,0.075882,21.0574,1.02225e-35,1.86679e+16,1.23345e+17,9.04288e+13,1.42103e+17,1.40566e+22,2.89153e+09
1.35896e+07,365302,2.44183e+07,3.87438e+27,8.53362e+28,1.74709e+11,0.0139212,1.17978e+36,0.03468,0.0748672,20.0744,9.20647e-36,1.85184e+16,1.22486e+17,8.96509e+13,1.41095e+17,1.70818e+22,2.89132e+09
1.57182e+07,362595,2.43373e+07,5.96858e+27,1.25991e+29,2.01581e+11,0.014011,1.14073e+36,0.03468,0.0733303,18.6494,7.83559e-36,1.82903e+16,1.21175e+17,8.8466e+13,1.39554e+17,2.10769e+22,2.8911e+09
1.84995e+07,358505,2.42142e+07,9.6654e+27,1.91393e+29,2.36369e+11,0.014149,1.0837e+36,0.03468,0.0710479,16.6698,6.12855e-36,1.79477e+16,1.19203e+17,8.66904e+13,1.37237e+17,2.5811e+22,2.89089e+09
2.20621e+07,352387,2.40289e+07,1.62273e+28,2.92234e+29,2.80307e+11,0.0143606,1.00263e+36,0.03468,0.0677219,14.0622,4.22265e-36,1.74402e+16,1.16272e+17,8.40666e+13,1.33796e+17,3.04555e+22,2.89067e+09
2.65675e+07,343327,2.37513e+07,2.79033e+28,4.37322e+29,3.34698e+11,0.0146865,8.91385e+35,0.03468,0.0629842,10.8722,2.4039e-36,1.66993e+16,1.11974e+17,8.02486e+13,1.28753e+17,3.33002e+22,2.89045e+09
3.15675e+07,331703,2.33892e+07,4.58637e+28,6.03355e+29,3.93276e+11,0.0151285,7.63032e+35,0.03468,0.0572251,7.73741,1.14145e-36,1.57676e+16,1.06533e+17,7.54661e+13,1.22376e+17,3.2377e+22,2.89024e+09
3.65675e+07,318639,2.29737e+07,6.96178e+28,7.5589e+29,4.49716e+11,0.0156613,6.36435e+35,0.03468,0.0511678,5.20267,4.78652e-37,1.47463e+16,1.00519e+17,7.02445e+13,1.15336e+17,2.81304e+22,2.89002e+09
4.15675e+07,304366,2.25085e+07,9.95326e+28,8.82179e+29,5.03786e+11,0.0162925,5.17434e+35,0.03468,0.0450362,3.30788,1.77566e-37,1.36619e+16,9.40728e+16,6.47262e+13,1.07799e+17,2.21584e+22,2.8898e+09
4.65675e+07,289118,2.1998e+07,1.35783e+29,9.77537e+29,5.55298e+11,0.0170309,4.10216e+35,0.03468,0.0390285,1.99037,5.83814e-38,1.25404e+16,8.7333e+16,5.90502e+13,9.99325e+16,1.59889e+22,2.88958e+09
5.15675e+07,273131,2.14464e+07,1.78355e+29,1.0438e+30,6.04102e+11,0.0178873,3.17253e+35,0.03468,0.0333093,1.1344,1.7046e-38,1.14061e+16,8.04352e+16,5.33468e+13,9.18946e+16,1.06578e+22,2.88935e+09
5.65675e+07,256637,2.08584e+07,2.27054e+29,1.08652e+30,6.50089e+11,0.0188741,2.39454e+35,0.03468,0.0280041,0.612997,4.42892e-39,1.02814e+16,7.35058e+16,4.77326e+13,8.3835e+16,6.6149e+21,2.88913e+09
6.15675e+07,239861,2.02387e+07,2.81523e+29,1.11227e+30,6.9319e+11,0.020006,1.76462e+35,0.03468,0.0231988,0.314362,1.02618e-39,9.18583e+15,6.66597e+16,4.23077e+13,7.58878e+16,3.85678e+21,2.88891e+09
6.65675e+07,223013,1.95919e+07,3.41263e+29,1.12693e+30,7.33374e+11,0.0213003,1.27025e+35,0.03468,0.0189415,0.153146,2.12488e-40,8.1358e+15,5.99966e+16,3.71534e+13,6.81696e+16,2.13704e+21,2.88868e+09
7.15675e+07,206283,1.89228e+07,4.05653e+29,1.13491e+30,7.70645e+11,0.0227774,8.93567e+34,0.03468,0.0152469,0.0709425,3.94049e-41,7.14429e+15,5.36006e+16,3.23318e+13,6.07773e+16,1.14435e+21,2.88845e+09
7.65675e+07,189846,1.82358e+07,4.73981e+29,1.13916e+30,8.05037e+11,0.0244608,6.14544e+34,0.03468,0.0121025,0.0312784,6.558e-42,6.22092e+15,4.75387e+16,2.78862e+13,5.37875e+16,6.06736e+20,2.88822e+09
8.15675e+07,173850,1.75353e+07,5.4547e+29,1.14143e+30,8.36615e+11,0.0263784,4.13376e+34,0.03468,0.00947561,0.0131373,9.81418e-43,5.37208e+15,4.1861e+16,2.38422e+13,4.72569e+16,3.28682e+20,2.888e+09
8.65675e+07,158421,1.68256e+07,6.19304e+29,1.14269e+30,8.65465e+11,0.0285628,2.72061e+34,0.03468,0.0073193,0.00526087,1.32309e-43,4.60123e+15,3.66019e+16,2.02102e+13,4.12234e+16,1.87681e+20,2.88777e+09
9.15675e+07,143663,1.61104e+07,6.94652e+29,1.14343e+30,8.91695e+11,0.0310522,1.75254e+34,0.03468,0.00557892,0.0020101,1.60948e-44,3.90926e+15,3.17814e+16,1.69871e+13,3.57077e+16,1.14875e+20,2.88753e+09
9.65675e+07,129656,1.53935e+07,7.70696e+29,1.14389e+30,9.15428e+11,0.0338919,1.10527e+34,0.03468,0.00419683,0.00073327,1.76908e-45,3.29487e+15,2.74063e+16,1.41593e+13,3.07154e+16,7.49065e+19,2.8873e+09
1.01568e+08,116458,1.46782e+07,8.46643e+29,1.1442e+30,9.37354e+11,0.0371353,6.82616e+33,0.03468,0.0031163,0.000255513,1.75895e-46,2.75507e+15,2.34727e+16,1.17053e+13,2.62395e+16,5.0904e+19,2.88707e+09
1.06568e+08,104108,1.39675e+07,9.21752e+29,1.14442e+30,9.58879e+11,0.0408456,4.12907e+33,0.03468,0.00228423,8.50774e-05,1.58319e-47,2.28556e+15,1.99676e+16,9.59777e+12,2.22627e+16,3.52019e+19,2.88683e+09
1.11568e+08,92627.4,1.32642e+07,9.95338e+29,1.14457e+30,9.80038e+11,0.0450982,2.44642e+33,0.03468,0.00165288,2.7073e-05,1.29043e-48,1.88112e+15,1.6871e+16,7.80576e+12,1.87599e+16,2.434e+19,2.8866e+09
1.16568e+08,82020.8,1.25706e+07,1.06679e+30,1.14467e+30,1.00082e+12,0.0499834,1.41971e+33,0.03468,0.00118066,8.23296e-06,9.52374e-50,1.536e+15,1.4158e+16,6.29674e+12,1.57003e+16,1.66507e+19,2.88636e+09
1.21568e+08,72280.1,1.18888e+07,1.13558e+30,1.14474e+30,1.0212e+12,0.0556096,8.06858e+32,0.03468,0.000832442,2.39189e-06,6.36015e-51,1.24418e+15,1.17999e+16,5.0379e+12,1.30491e+16,1.12063e+19,2.88612e+09
1.26568e+08,63385.5,1.12207e+07,1.20124e+30,1.14478e+30,1.04119e+12,0.062108,4.4896e+32,0.03468,0.000579225,6.63491e-07,3.83844e-52,9.9962e+14,9.76632e+15,3.99734e+12,1.07699e+16,7.39927e+18,2.88589e+09
1.31568e+08,55308.2,1.05677e+07,1.26341e+30,1.14481e+30,1.06075e+12,0.0696381,2.44483e+32,0.03468,0.000397638,1.75567e-07,2.08931e-53,7.96467e+14,8.02584e+15,3.14494e+12,8.82545e+15,4.78604e+18,2.88565e+09
1.36568e+08,48012.3,9.93105e+06,1.32181e+30,1.14483e+30,1.07988e+12,0.0783951,1.30216e+32,0.03468,0.000269222,4.42589e-08,1.02278e-54,6.29177e+14,6.54739e+15,2.45285e+12,7.17902e+15,3.02997e+18,2.88541e+09
1.41568e+08,41456.6,9.31175e+06,1.37622e+30,1.14484e+30,1.09858e+12,0.08862,6.77812e+31,0.03468,0.000179678,1.06111e-08,4.4859e-56,4.92616e+14,5.30086e+15,1.8959e+12,5.79537e+15,1.87608e+18,2.88516e+09
1.46568e+08,35596.4,8.71054e+06,1.42651e+30,1.14485e+30,1.11681e+12,0.100613,3.4446e+31,0.03468,0.000118131,2.41404e-09,1.75419e-57,3.82115e+14,4.25766e+15,1.45168e+12,4.64123e+15,1.13517e+18,2.88492e+09
1.51568e+08,30384.5,8.12796e+06,1.47261e+30,1.14486e+30,1.13459e+12,0.114748,1.70683e+31,0.03468,7.64459e-05,5.19666e-10,6.07815e-59,2.93498e+14,3.3912e+15,1.10057e+12,3.6858e+15,6.7055e+17,2.88468e+09
1.56568e+08,25773,7.56435e+06,1.51453e+30,1.14486e+30,1.15188e+12,0.131504,8.23299e+30,0.03468,4.86438e-05,1.05478e-10,1.85167e-60,2.2308e+14,2.67705e+15,8.25614e+11,2.90096e+15,3.86195e+17,2.88443e+09
1.61568e+08,21713.9,7.01989e+06,1.55232e+30,1.14486e+30,1.16868e+12,0.151491,3.85808e+30,0.03468,3.03972e-05,2.00979e-11,4.91231e-62,1.67654e+14,2.09309e+15,6.12366e+11,2.26136e+15,2.16516e+17,2.88418e+09
1.66568e+08,18160,6.49459e+06,1.58607e+30,1.14486e+30,1.18498e+12,0.175499,1.75209e+30,0.03468,1.86252e-05,3.57554e-12,1.1215e-63,1.24464e+14,1.61953e+15,4.4864e+11,1.74444e+15,1.17925e+17,2.88394e+09
1.71568e+08,15065.7,5.98835e+06,1.61593e+30,1.14486e+30,1.20076e+12,0.20457,7.68761e+29,0.03468,1.11685e-05,5.89994e-13,2.17163e-65,9.1166e+13,1.23884e+15,3.2428e+11,1.33033e+15,6.22391e+16,2.88369e+09
1.76568e+08,12387.2,5.50094e+06,1.64209e+30,1.14486e+30,1.21601e+12,0.240092,3.24675e+29,0.03468,6.53878e-06,8.95588e-14,3.50309e-67,6.57869e+13,9.35686e+14,2.30907e+11,1.0017e+15,3.17323e+16,2.88344e+09
1.81568e+08,10083.1,5.03203e+06,1.66475e+30,1.14486e+30,1.23071e+12,0.28395,1.31375e+29,0.03468,3.72686e-06,1.238e-14,4.60427e-69,4.66849e+13,6.9672e+14,1.61682e+11,7.43567e+14,1.55677e+16,2.88319e+09
1.86568e+08,8114.58,4.5812e+06,1.68413e+30,1.14486e+30,1.24485e+12,0.338753,5.06384e+28,0.03468,2.06044e-06,1.53887e-15,0,3.25059e+13,5.10465e+14,1.11073e+11,5.43082e+14,7.31322e+15,2.88294e+09
1.91568e+08,6445.35,4.14799e+06,1.7005e+30,1.14486e+30,1.25842e+12,0.408194,1.84584e+28,0.03468,1.09995e-06,1.69301e-16,0,2.21444e+13,3.67118e+14,7.4652e+10,3.89337e+14,3.26945e+15,2.88268e+09
1.96568e+08,5041.92,3.73185e+06,1.7141e+30,1.14486e+30,1.27139e+12,0.497631,6.30444e+27,0.03468,5.63727e-07,1.61559e-17,0,1.47066e+13,2.58369e+14,4.89088e+10,2.73125e+14,1.38006e+15,2.88243e+09
2.01568e+08,3873.44,3.3322e+06,1.7252e+30,1.14486e+30,1.28374e+12,0.615084,1.9937e+27,0.03468,2.75295e-07,1.30284e-18,0,9.4772e+12,1.77235e+14,3.10896e+10,1.86743e+14,5.44435e+14,2.88217e+09
2.06568e+08,2911.71,2.94842e+06,1.73408e+30,1.14486e+30,1.29545e+12,0.772973,5.74665e+26,0.03468,1.26848e-07,8.5789e-20,0,5.88978e+12,1.17885e+14,1.90568e+10,1.23794e+14,1.98047e+14,2.88151e+09
2.11568e+08,2131.02,2.57987e+06,1.74101e+30,1.14486e+30,1.30648e+12,0.991385,1.47812e+26,0.03468,5.44198e-08,4.4039e-21,0,3.50077e+12,7.54929e+13,1.11708e+10,7.90049e+13,6.52308e+13,2.88005e+09
2.16568e+08,1508.01,2.22588e+06,1.74625e+30,1.14486e+30,1.31682e+12,1.30452,3.2942e+25,0.03468,2.13397e-08,1.65248e-22,0,1.96724e+12,4.6092e+13,6.19011e+09,4.80655e+13,1.89665e+13,2.87725e+09
2.21568e+08,1021.5,1.88577e+06,1.75006e+30,1.14486e+30,1.32641e+12,1.77453,6.096e+24,0.03468,7.44679e-09,4.12951e-24,0,1.02782e+12,2.64514e+13,3.18892e+09,2.74824e+13,4.69278e+12,2.87237e+09
2.26568e+08,652.327,1.55884e+06,1.75269e+30,1.14486e+30,1.33521e+12,2.52432,8.77971e+23,0.03468,2.22049e-09,5.96575e-26,0,4.86737e+11,1.39633e+13,1.48901e+09,1.44515e+13,9.34373e+11,2.86437e+09
2.31568e+08,383.065,1.2444e+06,1.75439e+30,1.14486e+30,1.34315e+12,3.82611,8.85741e+22,0.03468,5.29528e-10,3.95747e-28,0,2.00435e+11,6.54566e+12,6.04686e+08,6.7467e+12,1.36687e+11,2.85176e+09
2.36568e+08,197.807,941732,1.75538e+30,1.14486e+30,1.35015e+12,6.38925,5.18199e+21,0.03468,8.96865e-11,7.97693e-31,0,6.66175e+10,2.55794e+12,1.98335e+08,2.62475e+12,1.24764e+10,2.83238e+09
2.41568e+08,81.7918,650103,1.75587e+30,1.14486e+30,1.3561e+12,12.5975,1.18639e+20,0.03468,8.42201e-12,2.06777e-34,0,1.52886e+10,7.30152e+11,4.50422e+07,7.45485e+11,5.05141e+08,2.80301e+09
2.46568e+08,26.7673,368246,1.75604e+30,1.14486e+30,1.36026e+12,42.1371,4.07455e+17,0.03468,2.8375e-13,8.28329e-40,0,2.37607e+09,1.35352e+11,4.63708e+06,1.37733e+11,5.80259e+06,2.75901e+09
2.49312e+08,9.09766,218001,1.75607e+30,1.14486e+30,1.36281e+12,124.013,2.12144e+15,0.03468,1.18452e-14,8.29303e-45,0,3.9331e+08,2.72339e+10,569545,2.76278e+10,84172.5,2.69821e+09
2.50672e+08,3.39568,144678,1.75608e+30,1.14486e+30,1.36424e+12,261.254,3.23687e+13,0.03468,8.57664e-16,8.85925e-49,0,7.61022e+07,6.74608e+09,110485,6.82229e+09,2299.67,2.62884e+09
2.51953e+08,1.09796,95916.1,1.75608e+30,1.14486e+30,1.36514e+12,499.594,4.55352e+11,0.03468,5.3571e-17,8.02914e-53,0,1.15922e+07,1.44611e+09,21343,1.45772e+09,46.9208,2.55178e+09
2.52647e+08,0.388139,58906,1.75608e+30,1.14486e+30,1.36546e+12,1329.1,3.36481e+09,0.03468,2.69403e-18,1.73622e-57,0,2.04879e+06,3.13955e+08,3036.19,3.16007e+08,0.838744,2.46792e+09
2.53148e+08,0.12599,32334.6,1.75608e+30,1.14486e+30,1.36566e+12,4934.3,8.67373e+06,0.03468,7.93931e-20,3.69114e-63,0,314108,5.59403e+07,275.651,5.62547e+07,0.00805521,2.37819e+09
2.53432e+08,0.0408389,17282.5,1.75608e+30,1.14486e+30,1.3658e+12,20088.9,17580.1,0.03468,2.10026e-21,4.61184e-69,0,48044.2,9.69171e+06,22.4965,9.73977e+06,6.92276e-05,2.28354e+09
2.53536e+08,0.0161558,11773.3,1.75608e+30,1.14486e+30,1.36581e+12,40226.2,349.371,0.03468,1.78938e-22,0,0,10242.4,2.61186e+06,4.84492,2.6221e+06,2.33518e-06,2.18493e+09
2.53546e+08,0.0144635,11242.1,1.75608e+30,1.14486e+30,1.36581e+12,43757.9,218.163,0.03468,1.33179e-22,0,0,8517.43,2.23275e+06,4.02786,2.24128e+06,1.55608e-06,2.08333e+09
2.53556e+08,0.012863,10705.2,1.75608e+30,1.14486e+30,1.36581e+12,47839.4,132.449,0.03468,9.73859e-23,0,0,7005.24,1.89085e+06,3.31182,1.89786e+06,1.01204e-06,1.97967e+09
2.53566e+08,0.0113891,10175.2,1.75608e+30,1.14486e+30,1.36581e+12,52477.3,78.9142,0.03468,7.03777e-23,0,0,5719.2,1.5913e+06,2.70308,1.59703e+06,6.47616e-07,1.87483e+09
2.53576e+08,0.0100174,9644.71,1.75608e+30,1.14486e+30,1.36581e+12,57855.2,45.7098,0.03468,4.99675e-23,0,0,4617.89,1.32668e+06,2.18196,1.3313e+06,4.04454e-07,1.76967e+09
2.53586e+08,0.00873327,9108.24,1.75608e+30,1.14486e+30,1.36581e+12,64213.9,25.4993,0.03468,3.4649e-23,0,0,3674.06,1.09227e+06,1.73551,1.09595e+06,2.44528e-07,1.66496e+09
2.53596e+08,0.00756338,8577.86,1.75608e+30,1.14486e+30,1.36581e+12,71630.9,13.8293,0.03468,2.36052e-23,0,0,2890.98,890873,1.36523,893765,1.44285e-07,1.56143e+09
2.53606e+08,0.00649251,8048.65,1.75608e+30,1.14486e+30,1.36581e+12,80442.3,7.2234,0.03468,1.57065e-23,0,0,2241.5,717556,1.05823,719798,8.2418e-08,1.45972e+09
2.53616e+08,0.00551194,7517.35,1.75608e+30,1.14486e+30,1.36581e+12,91098.6,3.59971,0.03468,1.01471e-23,0,0,1706.19,568971,0.805286,570678,4.52074e-08,1.36041e+09
2.53626e+08,0.00461777,6982.41,1.75608e+30,1.14486e+30,1.36581e+12,104210,1.69549,0.03468,6.32746e-24,0,0,1270.3,442750,0.599393,444021,2.3619e-08,1.26397e+09
2.53637e+08,0.00381765,6449.77,1.75608e+30,1.14486e+30,1.36581e+12,120414,0.754792,0.03468,3.80846e-24,0,0,925.077,338112,0.436383,339037,1.17538e-08,1.17084e+09
2.53647e+08,0.00310766,5919.46,1.75608e+30,1.14486e+30,1.36581e+12,140780,0.314619,0.03468,2.19957e-24,0,0,656.509,252602,0.309612,253258,5.52635e-09,1.08134e+09
2.53657e+08,0.00247985,5387.88,1.75608e+30,1.14486e+30,1.36581e+12,167094,0.120504,0.03468,1.20468e-24,0,0,450.705,183469,0.212501,183920,2.41545e-09,9.95752e+08
2.53667e+08,0.00193129,4854.57,1.75608e+30,1.14486e+30,1.36581e+12,202018,0.0416209,0.03468,6.18339e-25,0,0,297.119,128742,0.140053,129039,9.65629e-10,9.14273e+08
