X = 0.734
Y = 0.25
Z = 0.016
mu = 0.601142
Radius,Density,Temp,Mass,Lum,OptD,Kff,KH,Kes,PP,CNO,3a,Deg,Gas,Rad,TotPres, dLdr, dPdT
0,0,0,0,0,0,-nan,0,0.03468,0,0,0,0,0,0,0,0,0
100,250150,4.32514e+06,1.04783e+06,52.8768,1.14226e+06,4.56632,1.67545e+29,0.03468,5.04634e-05,1.51022e-14,3.62812e-69,9.85188e+15,1.48567e+16,8.8245e+10,2.47086e+16,1.58631e+06,3.43503e+09
50258.5,250150,4.32514e+06,1.3302e+20,6.71264e+15,5.72954e+10,4.56632,1.67544e+29,0.03468,5.04633e-05,1.51021e-14,3.62806e-69,9.85187e+15,1.48566e+16,8.82449e+10,2.47086e+16,4.00686e+11,3.43502e+09
100431,250149,4.32513e+06,1.06144e+21,5.35636e+16,1.14606e+11,4.56633,1.67542e+29,0.03468,5.0463e-05,1.51018e-14,3.62787e-69,9.85184e+15,1.48566e+16,8.82445e+10,2.47085e+16,1.6e+12,3.43502e+09
151090,250148,4.32512e+06,3.61407e+21,1.82376e+17,1.72472e+11,4.56635,1.67539e+29,0.03468,5.04624e-05,1.51012e-14,3.62756e-69,9.85178e+15,1.48565e+16,8.82439e+10,2.47084e+16,3.62117e+12,3.43501e+09
201693,250147,4.32511e+06,8.5973e+21,4.3384e+17,2.30274e+11,4.56638,1.67535e+29,0.03468,5.04617e-05,1.51003e-14,3.62712e-69,9.8517e+15,1.48564e+16,8.8243e+10,2.47082e+16,6.45284e+12,3.43499e+09
252364,250146,4.3251e+06,1.6841e+22,8.49829e+17,2.88154e+11,4.56641,1.67529e+29,0.03468,5.04607e-05,1.50993e-14,3.62656e-69,9.8516e+15,1.48563e+16,8.82418e+10,2.47079e+16,1.01021e+13,3.43497e+09
303431,250144,4.32508e+06,2.92728e+22,1.47713e+18,3.46486e+11,4.56645,1.67523e+29,0.03468,5.04595e-05,1.50979e-14,3.62586e-69,9.85147e+15,1.48561e+16,8.82404e+10,2.47076e+16,1.46037e+13,3.43494e+09
354091,250141,4.32506e+06,4.65183e+22,2.34732e+18,4.04353e+11,4.56649,1.67515e+29,0.03468,5.04581e-05,1.50964e-14,3.62504e-69,9.85132e+15,1.48559e+16,8.82387e+10,2.47073e+16,1.98864e+13,3.43491e+09
405058,250139,4.32504e+06,6.96351e+22,3.51373e+18,4.62571e+11,4.56655,1.67506e+29,0.03468,5.04564e-05,1.50946e-14,3.62409e-69,9.85115e+15,1.48556e+16,8.82368e+10,2.47069e+16,2.6022e+13,3.43487e+09
456489,250136,4.32501e+06,9.96702e+22,5.02917e+18,5.21319e+11,4.56661,1.67495e+29,0.03468,5.04546e-05,1.50925e-14,3.623e-69,9.85095e+15,1.48554e+16,8.82346e+10,2.47064e+16,3.30481e+13,3.43483e+09
506821,250132,4.32498e+06,1.36407e+23,6.88264e+18,5.78812e+11,4.56668,1.67484e+29,0.03468,5.04525e-05,1.50902e-14,3.62181e-69,9.85073e+15,1.48551e+16,8.82322e+10,2.47059e+16,4.07354e+13,3.43478e+09
557126,250129,4.32495e+06,1.81187e+23,9.14188e+18,6.36274e+11,4.56675,1.67471e+29,0.03468,5.04502e-05,1.50878e-14,3.6205e-69,9.85049e+15,1.48547e+16,8.82295e+10,2.47053e+16,4.92202e+13,3.43473e+09
609381,250125,4.32491e+06,2.37099e+23,1.19626e+19,6.95964e+11,4.56684,1.67457e+29,0.03468,5.04477e-05,1.50849e-14,3.619e-69,9.85022e+15,1.48544e+16,8.82265e+10,2.47047e+16,5.88824e+13,3.43467e+09
662376,250120,4.32487e+06,3.04488e+23,1.53621e+19,7.56499e+11,4.56693,1.67441e+29,0.03468,5.04448e-05,1.50818e-14,3.61735e-69,9.84991e+15,1.4854e+16,8.82231e+10,2.4704e+16,6.95638e+13,3.43455e+09
781692,250108,4.32476e+06,5.0044e+23,2.52461e+19,8.92792e+11,4.56717,1.674e+29,0.03468,5.04375e-05,1.50737e-14,3.61313e-69,9.84914e+15,1.48529e+16,8.82145e+10,2.47021e+16,9.6864e+13,3.43445e+09
882578,250097,4.32466e+06,7.20267e+23,3.63329e+19,1.00803e+12,4.5674,1.6736e+29,0.03468,5.04304e-05,1.50659e-14,3.60902e-69,9.84838e+15,1.48519e+16,8.82061e+10,2.47003e+16,1.23457e+14,3.4343e+09
1.01861e+06,250079,4.3245e+06,1.10722e+24,5.58449e+19,1.16342e+12,4.56776,1.67299e+29,0.03468,5.04194e-05,1.50539e-14,3.6027e-69,9.84722e+15,1.48503e+16,8.81932e+10,2.46976e+16,1.64398e+14,3.43405e+09
1.1964e+06,250052,4.32426e+06,1.79397e+24,9.04647e+19,1.36651e+12,4.56831,1.67206e+29,0.03468,5.04027e-05,1.50356e-14,3.5931e-69,9.84545e+15,1.48478e+16,8.81735e+10,2.46934e+16,2.26697e+14,3.43368e+09
1.42387e+06,250011,4.3239e+06,3.02381e+24,1.52436e+20,1.62636e+12,4.56913,1.67066e+29,0.03468,5.03775e-05,1.50079e-14,3.57861e-69,9.84276e+15,1.48441e+16,8.81438e+10,2.4687e+16,3.20882e+14,3.43312e+09
1.71072e+06,249949,4.32335e+06,5.24345e+24,2.64212e+20,1.95404e+12,4.57038,1.66854e+29,0.03468,5.03394e-05,1.49662e-14,3.55687e-69,9.83871e+15,1.48386e+16,8.80989e+10,2.46774e+16,4.6273e+14,3.43227e+09
2.06897e+06,249856,4.32252e+06,9.27361e+24,4.6697e+20,2.36331e+12,4.57225,1.66535e+29,0.03468,5.02821e-05,1.49037e-14,3.52437e-69,9.83262e+15,1.48302e+16,8.80314e+10,2.46629e+16,6.75808e+14,3.431e+09
2.51355e+06,249717,4.32127e+06,1.66227e+25,8.36175e+20,2.87122e+12,4.57508,1.66057e+29,0.03468,5.0196e-05,1.48101e-14,3.47603e-69,9.82345e+15,1.48177e+16,8.79299e+10,2.46412e+16,9.95182e+14,3.42908e+09
3.01355e+06,249527,4.31958e+06,2.86337e+25,1.43836e+21,3.44248e+12,4.57892,1.65411e+29,0.03468,5.00795e-05,1.46841e-14,3.41152e-69,9.81103e+15,1.48006e+16,8.77924e+10,2.46117e+16,1.42608e+15,3.42645e+09
3.51355e+06,249304,4.31759e+06,4.53574e+25,2.27471e+21,4.0138e+12,4.58345,1.64651e+29,0.03468,4.99423e-05,1.45367e-14,3.33688e-69,9.79639e+15,1.47805e+16,8.76303e+10,2.4577e+16,1.93152e+15,3.42334e+09
4.01355e+06,249046,4.31529e+06,6.75658e+25,3.38207e+21,4.58518e+12,4.58869,1.63778e+29,0.03468,4.97845e-05,1.43685e-14,3.25285e-69,9.77955e+15,1.47574e+16,8.74437e+10,2.45371e+16,2.50982e+15,3.41976e+09
4.51355e+06,248755,4.31268e+06,9.60267e+25,4.79641e+21,5.15662e+12,4.59463,1.62796e+29,0.03468,4.96065e-05,1.41804e-14,3.1602e-69,9.76051e+15,1.47313e+16,8.72329e+10,2.44919e+16,3.15906e+15,3.41571e+09
5.01355e+06,248431,4.30978e+06,1.31502e+26,6.55268e+21,5.72814e+12,4.60128,1.61705e+29,0.03468,4.94083e-05,1.39731e-14,3.05982e-69,9.7393e+15,1.47021e+16,8.69979e+10,2.44415e+16,3.87709e+15,3.41119e+09
5.51355e+06,248073,4.30657e+06,1.7475e+26,8.6847e+21,6.29975e+12,4.60864,1.60509e+29,0.03468,4.91903e-05,1.37476e-14,2.95261e-69,9.71592e+15,1.467e+16,8.6739e+10,2.4386e+16,4.66156e+15,3.4062e+09
6.01355e+06,247682,4.30305e+06,2.26519e+26,1.1225e+22,6.87146e+12,4.61671,1.59209e+29,0.03468,4.89527e-05,1.35049e-14,2.83952e-69,9.69039e+15,1.46349e+16,8.64564e+10,2.43254e+16,5.50988e+15,3.40074e+09
6.51355e+06,247257,4.29924e+06,2.87554e+26,1.4205e+22,7.44327e+12,4.62551,1.57808e+29,0.03468,4.86958e-05,1.3246e-14,2.72154e-69,9.66273e+15,1.45969e+16,8.61503e+10,2.42597e+16,6.41928e+15,3.39482e+09
7.01355e+06,246800,4.29513e+06,3.5859e+26,1.76543e+22,8.01519e+12,4.63502,1.5631e+29,0.03468,4.842e-05,1.2972e-14,2.59964e-69,9.63296e+15,1.4556e+16,8.58211e+10,2.4189e+16,7.38679e+15,3.38844e+09
7.51355e+06,246310,4.29071e+06,4.40355e+26,2.16012e+22,8.58724e+12,4.64526,1.54716e+29,0.03468,4.81255e-05,1.26841e-14,2.47481e-69,9.6011e+15,1.45121e+16,8.54689e+10,2.41133e+16,8.40925e+15,3.3816e+09
8.01355e+06,245787,4.286e+06,5.33568e+26,2.60725e+22,9.15941e+12,4.65622,1.53031e+29,0.03468,4.78128e-05,1.23834e-14,2.34802e-69,9.56716e+15,1.44654e+16,8.50941e+10,2.40327e+16,9.48338e+15,3.3743e+09
8.51355e+06,245232,4.28099e+06,6.38939e+26,3.10932e+22,9.73173e+12,4.66793,1.51258e+29,0.03468,4.74822e-05,1.20713e-14,2.2202e-69,9.53118e+15,1.44159e+16,8.4697e+10,2.39472e+16,1.06057e+16,3.36655e+09
9.01355e+06,244645,4.27569e+06,7.57167e+26,3.66863e+22,1.03042e+13,4.68037,1.494e+29,0.03468,4.71341e-05,1.17488e-14,2.09224e-69,9.49317e+15,1.43636e+16,8.42779e+10,2.38568e+16,1.17726e+16,3.35835e+09
9.51355e+06,244026,4.27009e+06,8.88942e+26,4.28733e+22,1.08768e+13,4.69356,1.47461e+29,0.03468,4.6769e-05,1.14173e-14,1.965e-69,9.45317e+15,1.43085e+16,8.38372e+10,2.37617e+16,1.29804e+16,3.3497e+09
1.00136e+07,243375,4.26419e+06,1.03494e+27,4.96737e+22,1.14496e+13,4.7075,1.45445e+29,0.03468,4.63872e-05,1.10781e-14,1.83926e-69,9.41119e+15,1.42506e+16,8.33752e+10,2.36619e+16,1.42253e+16,3.34062e+09
1.05136e+07,242693,4.258e+06,1.19584e+27,5.7105e+22,1.20226e+13,4.7222,1.43355e+29,0.03468,4.59893e-05,1.07324e-14,1.71576e-69,9.36727e+15,1.419e+16,8.28923e+10,2.35574e+16,1.55032e+16,3.33109e+09
1.10136e+07,241979,4.25152e+06,1.37228e+27,6.51828e+22,1.25957e+13,4.73767,1.41196e+29,0.03468,4.55757e-05,1.03814e-14,1.59515e-69,9.32143e+15,1.41268e+16,8.23889e+10,2.34483e+16,1.68103e+16,3.32112e+09
1.15136e+07,241235,4.24475e+06,1.56491e+27,7.39207e+22,1.31691e+13,4.75391,1.38971e+29,0.03468,4.51468e-05,1.00265e-14,1.47801e-69,9.27371e+15,1.40609e+16,8.18654e+10,2.33347e+16,1.81425e+16,3.31073e+09
1.20136e+07,240461,4.2377e+06,1.77435e+27,8.33302e+22,1.37426e+13,4.77092,1.36685e+29,0.03468,4.47033e-05,9.66875e-15,1.36485e-69,9.22413e+15,1.39925e+16,8.13223e+10,2.32167e+16,1.94956e+16,3.29991e+09
1.25136e+07,239656,4.23035e+06,2.00124e+27,9.34207e+22,1.43164e+13,4.78872,1.34342e+29,0.03468,4.42456e-05,9.30941e-15,1.2561e-69,9.17273e+15,1.39215e+16,8.076e+10,2.30943e+16,2.08655e+16,3.28866e+09
1.30136e+07,238821,4.22272e+06,2.24616e+27,1.042e+23,1.48903e+13,4.80732,1.31947e+29,0.03468,4.37743e-05,8.94963e-15,1.15212e-69,9.11955e+15,1.3848e+16,8.01789e+10,2.29676e+16,2.22481e+16,3.277e+09
1.35136e+07,237957,4.21481e+06,2.5097e+27,1.15672e+23,1.54646e+13,4.82672,1.29503e+29,0.03468,4.32898e-05,8.5905e-15,1.05318e-69,9.06461e+15,1.3772e+16,7.95796e+10,2.28367e+16,2.36392e+16,3.26492e+09
1.40136e+07,237064,4.20661e+06,2.79244e+27,1.27842e+23,1.6039e+13,4.84694,1.27015e+29,0.03468,4.27928e-05,8.23309e-15,9.59492e-70,9.00795e+15,1.36936e+16,7.89624e+10,2.27016e+16,2.50347e+16,3.25244e+09
1.45136e+07,236141,4.19814e+06,3.09493e+27,1.40709e+23,1.66137e+13,4.86797,1.24487e+29,0.03468,4.22838e-05,7.8784e-15,8.7119e-70,8.94962e+15,1.36128e+16,7.83279e+10,2.25625e+16,2.64303e+16,3.23955e+09
1.50136e+07,235190,4.18938e+06,3.41772e+27,1.54274e+23,1.71886e+13,4.88984,1.21924e+29,0.03468,4.17633e-05,7.52739e-15,7.88348e-70,8.88964e+15,1.35298e+16,7.76766e+10,2.24195e+16,2.78222e+16,3.22627e+09
1.55136e+07,234211,4.18035e+06,3.76132e+27,1.68533e+23,1.77638e+13,4.91255,1.1933e+29,0.03468,4.1232e-05,7.18095e-15,7.10978e-70,8.82805e+15,1.34444e+16,7.70089e+10,2.22725e+16,2.92062e+16,3.21259e+09
1.60136e+07,233205,4.17104e+06,4.12626e+27,1.83481e+23,1.83393e+13,4.93611,1.16708e+29,0.03468,4.06904e-05,6.83991e-15,6.39041e-70,8.76489e+15,1.33568e+16,7.63255e+10,2.21218e+16,3.05784e+16,3.19852e+09
1.65136e+07,232170,4.16147e+06,4.51301e+27,1.99112e+23,1.89151e+13,4.96053,1.14065e+29,0.03468,4.01392e-05,6.50505e-15,5.72448e-70,8.70021e+15,1.3267e+16,7.56268e+10,2.19673e+16,3.19349e+16,3.18407e+09
1.70136e+07,231109,4.15162e+06,4.92207e+27,2.15417e+23,1.94911e+13,4.98583,1.11402e+29,0.03468,3.95788e-05,6.17707e-15,5.11066e-70,8.63405e+15,1.31751e+16,7.49134e+10,2.18093e+16,3.32721e+16,3.16925e+09
1.75136e+07,230022,4.1415e+06,5.35387e+27,2.32384e+23,2.00674e+13,5.01202,1.08726e+29,0.03468,3.90099e-05,5.85661e-15,4.5473e-70,8.56643e+15,1.30812e+16,7.41858e+10,2.16477e+16,3.45862e+16,3.15406e+09
1.80136e+07,228908,4.13112e+06,5.80886e+27,2.50003e+23,2.06441e+13,5.0391,1.06039e+29,0.03468,3.84332e-05,5.54423e-15,4.03242e-70,8.49742e+15,1.29852e+16,7.34445e+10,2.14827e+16,3.58737e+16,3.1385e+09
1.85136e+07,227769,4.12047e+06,6.28747e+27,2.68257e+23,2.12211e+13,5.0671,1.03346e+29,0.03468,3.78491e-05,5.24045e-15,3.56379e-70,8.42704e+15,1.28873e+16,7.26902e+10,2.13144e+16,3.71312e+16,3.12258e+09
1.90136e+07,226604,4.10956e+06,6.79009e+27,2.87133e+23,2.17984e+13,5.09602,1.00651e+29,0.03468,3.72583e-05,4.9457e-15,3.13902e-70,8.35535e+15,1.27874e+16,7.19234e+10,2.11428e+16,3.83555e+16,3.10631e+09
1.95136e+07,225415,4.09839e+06,7.31711e+27,3.06612e+23,2.2376e+13,5.12588,9.79574e+28,0.03468,3.66614e-05,4.66036e-15,2.75558e-70,8.28238e+15,1.26857e+16,7.11446e+10,2.09682e+16,3.95434e+16,3.0897e+09
2.00136e+07,224201,4.08696e+06,7.86889e+27,3.26675e+23,2.29539e+13,5.15669,9.52689e+28,0.03468,3.6059e-05,4.38474e-15,2.41084e-70,8.20818e+15,1.25822e+16,7.03544e+10,2.07905e+16,4.0692e+16,3.07274e+09
2.05136e+07,222963,4.07528e+06,8.44578e+27,3.47303e+23,2.35322e+13,5.18847,9.25892e+28,0.03468,3.54517e-05,4.11908e-15,2.10213e-70,8.13279e+15,1.2477e+16,6.95534e+10,2.06099e+16,4.17986e+16,3.05545e+09
2.10136e+07,221702,4.06334e+06,9.04811e+27,3.68472e+23,2.41109e+13,5.22123,8.99218e+28,0.03468,3.484e-05,3.86357e-15,1.82678e-70,8.05627e+15,1.23701e+16,6.87422e+10,2.04264e+16,4.28605e+16,3.03784e+09
2.15136e+07,220418,4.05116e+06,9.67618e+27,3.90161e+23,2.469e+13,5.25499,8.727e+28,0.03468,3.42246e-05,3.61835e-15,1.58217e-70,7.97865e+15,1.22616e+16,6.79214e+10,2.02403e+16,4.38752e+16,3.01991e+09
2.20136e+07,219111,4.03872e+06,1.03303e+28,4.12346e+23,2.52694e+13,5.28976,8.46369e+28,0.03468,3.3606e-05,3.38349e-15,1.3657e-70,7.89998e+15,1.21515e+16,6.70914e+10,2.00515e+16,4.48406e+16,3.00166e+09
2.25136e+07,217783,4.02605e+06,1.10107e+28,4.35e+23,2.58492e+13,5.32557,8.20258e+28,0.03468,3.29848e-05,3.15901e-15,1.17488e-70,7.8203e+15,1.20399e+16,6.6253e+10,1.98603e+16,4.57546e+16,2.98311e+09
2.30136e+07,216432,4.01313e+06,1.17176e+28,4.58099e+23,2.64293e+13,5.36243,7.94396e+28,0.03468,3.23616e-05,2.94491e-15,1.00733e-70,7.73966e+15,1.19268e+16,6.54066e+10,1.96666e+16,4.66154e+16,2.96426e+09
2.35136e+07,215061,3.99997e+06,1.24513e+28,4.81614e+23,2.70099e+13,5.40035,7.68809e+28,0.03468,3.17368e-05,2.7411e-15,0,7.65812e+15,1.18124e+16,6.45529e+10,1.94706e+16,4.74212e+16,2.94512e+09
2.40136e+07,213670,3.98657e+06,1.3212e+28,5.05518e+23,2.75909e+13,5.43936,7.43525e+28,0.03468,3.11112e-05,2.54748e-15,0,7.57571e+15,1.16967e+16,6.36924e+10,1.92725e+16,4.81706e+16,2.92569e+09
2.45136e+07,212258,3.97294e+06,1.39998e+28,5.29783e+23,2.81723e+13,5.47948,7.18569e+28,0.03468,3.04851e-05,2.36391e-15,0,7.49247e+15,1.15797e+16,6.28257e+10,1.90722e+16,4.88623e+16,2.90599e+09
2.50136e+07,210827,3.95908e+06,1.4815e+28,5.54379e+23,2.87541e+13,5.52072,6.93964e+28,0.03468,2.98591e-05,2.1902e-15,0,7.40847e+15,1.14615e+16,6.19534e+10,1.887e+16,4.94953e+16,2.88601e+09
2.55136e+07,209377,3.94498e+06,1.56577e+28,5.79277e+23,2.93364e+13,5.56311,6.69732e+28,0.03468,2.92338e-05,2.02614e-15,0,7.32373e+15,1.13421e+16,6.10761e+10,1.86659e+16,5.00686e+16,2.86577e+09
2.60136e+07,207908,3.93067e+06,1.65279e+28,6.04447e+23,2.99191e+13,5.60666,6.45894e+28,0.03468,2.86096e-05,1.87149e-15,0,7.23832e+15,1.12217e+16,6.01942e+10,1.84601e+16,5.05816e+16,2.84528e+09
2.65136e+07,206422,3.91612e+06,1.74258e+28,6.29858e+23,3.05023e+13,5.65141,6.22467e+28,0.03468,2.79871e-05,1.726e-15,0,7.15227e+15,1.11002e+16,5.93084e+10,1.82526e+16,5.10339e+16,2.82454e+09
2.70136e+07,204918,3.90136e+06,1.83516e+28,6.5548e+23,3.10859e+13,5.69737,5.9947e+28,0.03468,2.73666e-05,1.58938e-15,0,7.06563e+15,1.09778e+16,5.84192e+10,1.80435e+16,5.1425e+16,2.80355e+09
2.75136e+07,203397,3.88638e+06,1.93051e+28,6.81283e+23,3.16699e+13,5.74456,5.76918e+28,0.03468,2.67488e-05,1.46132e-15,0,6.97845e+15,1.08545e+16,5.75272e+10,1.7833e+16,5.17549e+16,2.78234e+09
2.80136e+07,201860,3.87119e+06,2.02866e+28,7.07235e+23,3.22545e+13,5.79301,5.54826e+28,0.03468,2.61339e-05,1.34153e-15,0,6.89078e+15,1.07304e+16,5.66329e+10,1.76212e+16,5.20236e+16,2.7609e+09
2.85136e+07,200307,3.85579e+06,2.1296e+28,7.33306e+23,3.28395e+13,5.84275,5.33206e+28,0.03468,2.55225e-05,1.22966e-15,0,6.80265e+15,1.06055e+16,5.57368e+10,1.74082e+16,5.22315e+16,2.73924e+09
2.90136e+07,198739,3.84017e+06,2.23333e+28,7.59467e+23,3.3425e+13,5.8938,5.1207e+28,0.03468,2.49151e-05,1.1254e-15,0,6.71411e+15,1.04798e+16,5.48395e+10,1.7194e+16,5.23788e+16,2.71737e+09
2.95136e+07,197156,3.82436e+06,2.33985e+28,7.85686e+23,3.40111e+13,5.94618,4.91427e+28,0.03468,2.43119e-05,1.02839e-15,0,6.62522e+15,1.03535e+16,5.39415e+10,1.69788e+16,5.24662e+16,2.69529e+09
3.00136e+07,195558,3.80834e+06,2.44916e+28,8.11934e+23,3.45976e+13,5.99993,4.71286e+28,0.03468,2.37133e-05,9.3831e-16,0,6.536e+15,1.02266e+16,5.30433e+10,1.67627e+16,5.24945e+16,2.67302e+09
3.05136e+07,193947,3.79211e+06,2.56124e+28,8.38182e+23,3.51846e+13,6.05507,4.51654e+28,0.03468,2.31199e-05,8.54804e-16,0,6.44652e+15,1.00992e+16,5.21454e+10,1.65457e+16,5.24645e+16,2.65056e+09
3.10136e+07,192323,3.7757e+06,2.6761e+28,8.644e+23,3.57722e+13,6.11164,4.32536e+28,0.03468,2.25319e-05,7.77535e-16,0,6.3568e+15,9.97126e+15,5.12483e+10,1.63281e+16,5.23772e+16,2.62793e+09
3.15136e+07,190687,3.75909e+06,2.79372e+28,8.90561e+23,3.63602e+13,6.16966,4.13937e+28,0.03468,2.19496e-05,7.06165e-16,0,6.2669e+15,9.84292e+15,5.03525e+10,1.61099e+16,5.22339e+16,2.60511e+09
3.20136e+07,189038,3.74229e+06,2.9141e+28,9.16637e+23,3.69489e+13,6.22916,3.9586e+28,0.03468,2.13735e-05,6.40363e-16,0,6.17685e+15,9.71421e+15,4.94584e+10,1.58911e+16,5.20358e+16,2.58214e+09
3.25136e+07,187378,3.7253e+06,3.03721e+28,9.426e+23,3.7538e+13,6.29017,3.78308e+28,0.03468,2.08037e-05,5.798e-16,0,6.08671e+15,9.58519e+15,4.85666e+10,1.56719e+16,5.17843e+16,2.55901e+09
3.30136e+07,185707,3.70814e+06,3.16304e+28,9.68425e+23,3.81277e+13,6.35274,3.6128e+28,0.03468,2.02407e-05,5.2416e-16,0,5.9965e+15,9.45592e+15,4.76774e+10,1.54525e+16,5.14811e+16,2.53572e+09
3.35136e+07,184025,3.69079e+06,3.29157e+28,9.94085e+23,3.8718e+13,6.41688,3.44777e+28,0.03468,1.96847e-05,4.73131e-16,0,5.90627e+15,9.32645e+15,4.67913e+10,1.52328e+16,5.11277e+16,2.5123e+09
3.40136e+07,182334,3.67326e+06,3.4228e+28,1.01956e+24,3.93088e+13,6.48265,3.28796e+28,0.03468,1.91359e-05,4.26415e-16,0,5.81607e+15,9.19684e+15,4.59088e+10,1.5013e+16,5.07258e+16,2.48874e+09
3.45136e+07,180633,3.65556e+06,3.55668e+28,1.04482e+24,3.99003e+13,6.55007,3.13337e+28,0.03468,1.85946e-05,3.8372e-16,0,5.72593e+15,9.06715e+15,4.50303e+10,1.47931e+16,5.02774e+16,2.46505e+09
3.50136e+07,178923,3.63769e+06,3.69321e+28,1.06984e+24,4.04923e+13,6.61918,2.98394e+28,0.03468,1.80611e-05,3.4477e-16,0,5.63589e+15,8.93742e+15,4.41561e+10,1.45734e+16,4.97842e+16,2.44125e+09
3.55136e+07,177205,3.61965e+06,3.83235e+28,1.09461e+24,4.10848e+13,6.69002,2.83965e+28,0.03468,1.75355e-05,3.09297e-16,0,5.54598e+15,8.80771e+15,4.32868e+10,1.43537e+16,4.92483e+16,2.41733e+09
3.60136e+07,175479,3.60144e+06,3.97408e+28,1.11909e+24,4.1678e+13,6.76263,2.70044e+28,0.03468,1.7018e-05,2.77047e-16,0,5.45626e+15,8.67807e+15,4.24226e+10,1.41344e+16,4.86717e+16,2.39331e+09
3.65136e+07,173746,3.58308e+06,4.11838e+28,1.14328e+24,4.22718e+13,6.83705,2.56624e+28,0.03468,1.65089e-05,2.47778e-16,0,5.36675e+15,8.54856e+15,4.15639e+10,1.39153e+16,4.80565e+16,2.36919e+09
3.70136e+07,172007,3.56456e+06,4.26521e+28,1.16716e+24,4.28662e+13,6.91333,2.437e+28,0.03468,1.60083e-05,2.2126e-16,0,5.27749e+15,8.41922e+15,4.07112e+10,1.36967e+16,4.74047e+16,2.34498e+09
3.75136e+07,170261,3.54588e+06,4.41453e+28,1.19069e+24,4.34612e+13,6.9915,2.31264e+28,0.03468,1.55163e-05,1.97276e-16,0,5.18851e+15,8.2901e+15,3.98647e+10,1.34787e+16,4.67186e+16,2.32069e+09
3.80136e+07,168509,3.52706e+06,4.56633e+28,1.21388e+24,4.40568e+13,7.07161,2.19308e+28,0.03468,1.50331e-05,1.7562e-16,0,5.09986e+15,8.16125e+15,3.90248e+10,1.32611e+16,4.60003e+16,2.29632e+09
3.85136e+07,166753,3.50808e+06,4.72056e+28,1.2367e+24,4.46531e+13,7.15372,2.07824e+28,0.03468,1.45589e-05,1.56101e-16,0,5.01156e+15,8.03273e+15,3.81918e+10,1.30443e+16,4.5252e+16,2.27189e+09
3.90136e+07,164991,3.48897e+06,4.87718e+28,1.25914e+24,4.525e+13,7.23786,1.96802e+28,0.03468,1.40936e-05,1.38536e-16,0,4.92364e+15,7.90457e+15,3.7366e+10,1.28282e+16,4.44759e+16,2.24739e+09
3.95136e+07,163226,3.46971e+06,5.03616e+28,1.28119e+24,4.58476e+13,7.32409,1.86234e+28,0.03468,1.36375e-05,1.22759e-16,0,4.83615e+15,7.77682e+15,3.65478e+10,1.2613e+16,4.36743e+16,2.22285e+09
4.00136e+07,161457,3.45031e+06,5.19746e+28,1.30282e+24,4.64458e+13,7.41246,1.76108e+28,0.03468,1.31906e-05,1.0861e-16,0,4.7491e+15,7.64953e+15,3.57373e+10,1.23987e+16,4.28493e+16,2.19825e+09
4.05136e+07,159684,3.43078e+06,5.36104e+28,1.32405e+24,4.70447e+13,7.50302,1.66415e+28,0.03468,1.27529e-05,9.59431e-17,0,4.66254e+15,7.52273e+15,3.49349e+10,1.21853e+16,4.20031e+16,2.17362e+09
4.10136e+07,157910,3.41111e+06,5.52686e+28,1.34484e+24,4.76442e+13,7.59583,1.57145e+28,0.03468,1.23245e-05,8.46224e-17,0,4.57649e+15,7.39649e+15,3.41409e+10,1.1973e+16,4.1138e+16,2.14896e+09
4.15136e+07,156133,3.39132e+06,5.69487e+28,1.36519e+24,4.82444e+13,7.69093,1.48286e+28,0.03468,1.19055e-05,7.45218e-17,0,4.49098e+15,7.27082e+15,3.33555e+10,1.17618e+16,4.0256e+16,2.12427e+09
4.20136e+07,154354,3.37141e+06,5.86503e+28,1.3851e+24,4.88453e+13,7.7884,1.39827e+28,0.03468,1.14958e-05,6.55251e-17,0,4.40604e+15,7.14579e+15,3.25789e+10,1.15519e+16,3.93592e+16,2.09956e+09
4.25136e+07,152574,3.35137e+06,6.03728e+28,1.40456e+24,4.94469e+13,7.88829,1.31758e+28,0.03468,1.10955e-05,5.7525e-17,0,4.32169e+15,7.02142e+15,3.18113e+10,1.13431e+16,3.84498e+16,2.07484e+09
4.30136e+07,150794,3.33122e+06,6.2116e+28,1.42356e+24,5.00492e+13,7.99066,1.24066e+28,0.03468,1.07047e-05,5.04232e-17,0,4.23796e+15,6.89775e+15,3.1053e+10,1.11357e+16,3.75298e+16,2.05012e+09
4.35136e+07,149013,3.31095e+06,6.38792e+28,1.4421e+24,5.06522e+13,8.09558,1.1674e+28,0.03468,1.03231e-05,4.41294e-17,0,4.15488e+15,6.77482e+15,3.03041e+10,1.09297e+16,3.66012e+16,2.02539e+09
4.40136e+07,147233,3.29057e+06,6.56619e+28,1.46017e+24,5.12559e+13,8.2031,1.09768e+28,0.03468,9.95098e-06,3.8561e-17,0,4.07247e+15,6.65267e+15,2.95649e+10,1.07252e+16,3.56659e+16,2.00068e+09
4.45136e+07,145453,3.27009e+06,6.74637e+28,1.47778e+24,5.18603e+13,8.31332,1.03139e+28,0.03468,9.58815e-06,3.36427e-17,0,3.99076e+15,6.53133e+15,2.88355e+10,1.05221e+16,3.47257e+16,1.97598e+09
4.50136e+07,143674,3.24949e+06,6.92841e+28,1.49491e+24,5.24654e+13,8.42628,9.68415e+27,0.03468,9.2346e-06,2.93058e-17,0,3.90976e+15,6.41084e+15,2.8116e+10,1.03206e+16,3.37826e+16,1.9513e+09
4.55136e+07,141897,3.2288e+06,7.11224e+28,1.51157e+24,5.30713e+13,8.54206,9.08634e+27,0.03468,8.89027e-06,2.54881e-17,0,3.82949e+15,6.29123e+15,2.74066e+10,1.01208e+16,3.28383e+16,1.92665e+09
4.60136e+07,140122,3.20801e+06,7.29782e+28,1.52776e+24,5.36779e+13,8.66075,8.51933e+27,0.03468,8.55512e-06,2.2133e-17,0,3.74999e+15,6.17253e+15,2.67075e+10,9.92255e+15,3.18944e+16,1.90203e+09
4.65136e+07,138350,3.18712e+06,7.4851e+28,1.54348e+24,5.42852e+13,8.78241,7.98198e+27,0.03468,8.22906e-06,1.91894e-17,0,3.67126e+15,6.05477e+15,2.60188e+10,9.72606e+15,3.09526e+16,1.87745e+09
4.70136e+07,136580,3.16615e+06,7.67401e+28,1.55872e+24,5.48933e+13,8.90714,7.47316e+27,0.03468,7.91203e-06,1.66111e-17,0,3.59333e+15,5.93799e+15,2.53405e+10,9.53134e+15,3.00145e+16,1.85291e+09
4.75136e+07,134814,3.14508e+06,7.8645e+28,1.5735e+24,5.55021e+13,9.035,6.99174e+27,0.03468,7.60393e-06,1.43566e-17,0,3.51622e+15,5.8222e+15,2.46728e+10,9.33844e+15,2.90816e+16,1.82843e+09
4.80136e+07,133051,3.12393e+06,8.05651e+28,1.58782e+24,5.61117e+13,9.16609,6.53661e+27,0.03468,7.30468e-06,1.23885e-17,0,3.43993e+15,5.70744e+15,2.40157e+10,9.1474e+15,2.81551e+16,1.80401e+09
4.85136e+07,131293,3.1027e+06,8.24999e+28,1.60167e+24,5.6722e+13,9.3005,6.10671e+27,0.03468,7.01416e-06,1.06733e-17,0,3.3645e+15,5.59373e+15,2.33695e+10,8.95825e+15,2.72366e+16,1.77964e+09
4.90136e+07,129539,3.08139e+06,8.44487e+28,1.61507e+24,5.73331e+13,9.43831,5.70095e+27,0.03468,6.73228e-06,9.18107e-18,0,3.28993e+15,5.4811e+15,2.2734e+10,8.77105e+15,2.63272e+16,1.75535e+09
4.95136e+07,127790,3.06e+06,8.6411e+28,1.62801e+24,5.7945e+13,9.57963,5.3183e+27,0.03468,6.45891e-06,7.88491e-18,0,3.21623e+15,5.36957e+15,2.21094e+10,8.58582e+15,2.54282e+16,1.73113e+09
5.00136e+07,126047,3.03854e+06,8.83861e+28,1.64051e+24,5.85577e+13,9.72455,4.95772e+27,0.03468,6.19395e-06,6.76097e-18,0,3.14343e+15,5.25916e+15,2.14957e+10,8.40261e+15,2.45405e+16,1.70699e+09
5.05136e+07,124309,3.01701e+06,9.03735e+28,1.65256e+24,5.91712e+13,9.87317,4.61823e+27,0.03468,5.93726e-06,5.78801e-18,0,3.07152e+15,5.1499e+15,2.08929e+10,8.22145e+15,2.36654e+16,1.68293e+09
5.10136e+07,122577,2.99542e+06,9.23726e+28,1.66418e+24,5.97854e+13,10.0256,4.29885e+27,0.03468,5.68872e-06,4.94715e-18,0,3.00054e+15,5.04181e+15,2.03011e+10,8.04237e+15,2.28036e+16,1.65896e+09
5.15136e+07,120851,2.97376e+06,9.43827e+28,1.67538e+24,6.04005e+13,10.1819,3.99863e+27,0.03468,5.44819e-06,4.22168e-18,0,2.93047e+15,4.9349e+15,1.97204e+10,7.8654e+15,2.19562e+16,1.63509e+09
5.20136e+07,119133,2.95204e+06,9.64031e+28,1.68615e+24,6.10163e+13,10.3423,3.71665e+27,0.03468,5.21554e-06,3.59681e-18,0,2.86135e+15,4.8292e+15,1.91506e+10,7.69056e+15,2.11239e+16,1.61132e+09
5.25136e+07,117421,2.93027e+06,9.84334e+28,1.69651e+24,6.1633e+13,10.5068,3.45201e+27,0.03468,4.99061e-06,3.0595e-18,0,2.79317e+15,4.72471e+15,1.85918e+10,7.5179e+15,2.03074e+16,1.58765e+09
5.30136e+07,115717,2.90844e+06,1.00473e+29,1.70647e+24,6.22505e+13,10.6756,3.20386e+27,0.03468,4.77327e-06,2.59825e-18,0,2.72594e+15,4.62146e+15,1.8044e+10,7.34742e+15,1.95074e+16,1.56409e+09
5.35136e+07,114021,2.88656e+06,1.02521e+29,1.71603e+24,6.28688e+13,10.8488,2.97134e+27,0.03468,4.56337e-06,2.20298e-18,0,2.65967e+15,4.51947e+15,1.75071e+10,7.17916e+15,1.87245e+16,1.54064e+09
5.40136e+07,112333,2.86464e+06,1.04577e+29,1.7252e+24,6.34879e+13,11.0265,2.75366e+27,0.03468,4.36076e-06,1.8648e-18,0,2.59437e+15,4.41874e+15,1.69812e+10,7.01312e+15,1.79591e+16,1.51731e+09
5.45136e+07,110654,2.84267e+06,1.0664e+29,1.734e+24,6.41078e+13,11.2089,2.55002e+27,0.03468,4.16528e-06,1.57597e-18,0,2.53004e+15,4.31928e+15,1.64662e+10,6.84934e+15,1.72119e+16,1.49411e+09
5.50136e+07,108983,2.82065e+06,1.0871e+29,1.74242e+24,6.47286e+13,11.396,2.35969e+27,0.03468,3.97678e-06,1.3297e-18,0,2.46669e+15,4.22112e+15,1.5962e+10,6.68783e+15,1.64831e+16,1.47103e+09
5.55136e+07,107321,2.7986e+06,1.10785e+29,1.75049e+24,6.53503e+13,11.5881,2.18192e+27,0.03468,3.79511e-06,1.12007e-18,0,2.40432e+15,4.12426e+15,1.54687e+10,6.5286e+15,1.57731e+16,1.44808e+09
5.60136e+07,105669,2.77651e+06,1.12866e+29,1.75821e+24,6.59727e+13,11.7853,2.01603e+27,0.03468,3.62009e-06,9.41945e-19,0,2.34294e+15,4.02871e+15,1.49861e+10,6.37167e+15,1.50821e+16,1.42527e+09
5.65136e+07,104026,2.75439e+06,1.14952e+29,1.76558e+24,6.6596e+13,11.9877,1.86135e+27,0.03468,3.45159e-06,7.90837e-19,0,2.28255e+15,3.93448e+15,1.45142e+10,6.21705e+15,1.44104e+16,1.4026e+09
5.70136e+07,102393,2.73224e+06,1.17042e+29,1.77263e+24,6.72202e+13,12.1955,1.71724e+27,0.03468,3.28943e-06,6.62871e-19,0,2.22315e+15,3.84158e+15,1.40528e+10,6.06474e+15,1.3758e+16,1.38007e+09
5.75136e+07,100770,2.71006e+06,1.19135e+29,1.77935e+24,6.78452e+13,12.4089,1.58308e+27,0.03468,3.13345e-06,5.54687e-19,0,2.16474e+15,3.75001e+15,1.36021e+10,5.91476e+15,1.31252e+16,1.35769e+09
5.80136e+07,99158.2,2.68785e+06,1.21232e+29,1.78576e+24,6.84711e+13,12.628,1.4583e+27,0.03468,2.98351e-06,4.63385e-19,0,2.10733e+15,3.65978e+15,1.31617e+10,5.76712e+15,1.25119e+16,1.33545e+09
5.85136e+07,97556.7,2.66563e+06,1.2333e+29,1.79187e+24,6.90979e+13,12.8531,1.34231e+27,0.03468,2.83943e-06,3.86463e-19,0,2.05091e+15,3.5709e+15,1.27318e+10,5.62182e+15,1.19182e+16,1.31337e+09
5.90136e+07,95966.1,2.64338e+06,1.2543e+29,1.79769e+24,6.97255e+13,13.0842,1.23461e+27,0.03468,2.70106e-06,3.21768e-19,0,1.99548e+15,3.48336e+15,1.2312e+10,5.47886e+15,1.1344e+16,1.29145e+09
5.95136e+07,94386.8,2.62112e+06,1.2753e+29,1.80322e+24,7.0354e+13,13.3217,1.13467e+27,0.03468,2.56824e-06,2.6745e-19,0,1.94105e+15,3.39718e+15,1.19025e+10,5.33824e+15,1.07892e+16,1.26969e+09
6.00136e+07,92818.9,2.59884e+06,1.29631e+29,1.80849e+24,7.09834e+13,13.5656,1.04201e+27,0.03468,2.44081e-06,2.21924e-19,0,1.88761e+15,3.31236e+15,1.1503e+10,5.19998e+15,1.02536e+16,1.24809e+09
6.05136e+07,91262.6,2.57656e+06,1.31732e+29,1.81348e+24,7.16137e+13,13.8163,9.56169e+26,0.03468,2.31861e-06,1.83834e-19,0,1.83515e+15,3.22889e+15,1.11135e+10,5.06405e+15,9.73723e+15,1.22666e+09
6.10136e+07,89718.1,2.55426e+06,1.33832e+29,1.81823e+24,7.22448e+13,14.0739,8.76715e+26,0.03468,2.20149e-06,1.5202e-19,0,1.78369e+15,3.14678e+15,1.07338e+10,4.93047e+15,9.23975e+15,1.2054e+09
6.15136e+07,88185.7,2.53196e+06,1.3593e+29,1.82273e+24,7.28769e+13,14.3386,8.0323e+26,0.03468,2.0893e-06,1.25496e-19,0,1.7332e+15,3.06602e+15,1.03638e+10,4.79924e+15,8.76095e+15,1.18431e+09
6.20136e+07,86665.6,2.50965e+06,1.38026e+29,1.827e+24,7.35098e+13,14.6107,7.35324e+26,0.03468,1.98188e-06,1.0342e-19,0,1.68369e+15,2.98663e+15,1.00034e+10,4.67033e+15,8.30057e+15,1.16339e+09
6.25136e+07,85157.9,2.48735e+06,1.40119e+29,1.83104e+24,7.41436e+13,14.8904,6.72623e+26,0.03468,1.87909e-06,8.50791e-20,0,1.63516e+15,2.90859e+15,9.65242e+09,4.54376e+15,7.85833e+15,1.14265e+09
6.30136e+07,83662.9,2.46504e+06,1.42209e+29,1.83486e+24,7.47784e+13,15.1779,6.14776e+26,0.03468,1.78077e-06,6.98686e-20,0,1.58759e+15,2.8319e+15,9.31083e+09,4.4195e+15,7.43391e+15,1.1221e+09
6.35136e+07,82180.6,2.44274e+06,1.44294e+29,1.83848e+24,7.5414e+13,15.4736,5.61453e+26,0.03468,1.68677e-06,5.72764e-20,0,1.54099e+15,2.75656e+15,8.97844e+09,4.29756e+15,7.02697e+15,1.10172e+09
6.40136e+07,80711.4,2.42045e+06,1.46375e+29,1.8419e+24,7.60505e+13,15.7777,5.12341e+26,0.03468,1.59696e-06,4.68706e-20,0,1.49535e+15,2.68257e+15,8.65512e+09,4.17793e+15,6.63716e+15,1.08153e+09
6.45136e+07,79255.2,2.39816e+06,1.48451e+29,1.84512e+24,7.6688e+13,16.0905,4.67144e+26,0.03468,1.51119e-06,3.82871e-20,0,1.45066e+15,2.60992e+15,8.34074e+09,4.06059e+15,6.26409e+15,1.06153e+09
6.50136e+07,77812.4,2.37589e+06,1.50521e+29,1.84817e+24,7.73263e+13,16.4123,4.25586e+26,0.03468,1.42932e-06,3.12194e-20,0,1.40691e+15,2.53861e+15,8.03515e+09,3.94552e+15,5.90738e+15,1.04171e+09
6.55136e+07,76383,2.35363e+06,1.52585e+29,1.85104e+24,7.79656e+13,16.7433,3.87406e+26,0.03468,1.35121e-06,2.54106e-20,0,1.3641e+15,2.46862e+15,7.73821e+09,3.83273e+15,5.56662e+15,1.02209e+09
6.60136e+07,74967.2,2.33138e+06,1.54642e+29,1.85374e+24,7.86058e+13,17.084,3.52359e+26,0.03468,1.27673e-06,2.06451e-20,0,1.32222e+15,2.39997e+15,7.44978e+09,3.72219e+15,5.2414e+15,1.00266e+09
6.65136e+07,73565.1,2.30915e+06,1.56691e+29,1.85628e+24,7.92469e+13,17.4346,3.20215e+26,0.03468,1.20575e-06,1.67427e-20,0,1.28126e+15,2.33263e+15,7.16971e+09,3.61389e+15,4.93129e+15,9.83421e+08
6.70136e+07,72176.8,2.28695e+06,1.58733e+29,1.85868e+24,7.9889e+13,17.7954,2.90759e+26,0.03468,1.13814e-06,1.35529e-20,0,1.24122e+15,2.2666e+15,6.89786e+09,3.50782e+15,4.63586e+15,9.6438e+08
6.75136e+07,70802.4,2.26476e+06,1.60765e+29,1.86092e+24,8.05319e+13,18.1669,2.63789e+26,0.03468,1.07378e-06,1.09506e-20,0,1.20208e+15,2.20187e+15,6.63408e+09,3.40395e+15,4.35466e+15,9.45536e+08
6.80136e+07,69442.1,2.2426e+06,1.62789e+29,1.86304e+24,8.11758e+13,18.5494,2.39117e+26,0.03468,1.01253e-06,8.83143e-21,0,1.16383e+15,2.13843e+15,6.37821e+09,3.30227e+15,4.08725e+15,9.26892e+08
6.85136e+07,68096,2.22047e+06,1.64803e+29,1.86502e+24,8.18206e+13,18.9433,2.16567e+26,0.03468,9.54279e-07,7.109e-21,0,1.12647e+15,2.07628e+15,6.13011e+09,3.20276e+15,3.83318e+15,9.08448e+08
6.90136e+07,66764.1,2.19836e+06,1.66807e+29,1.86687e+24,8.24664e+13,19.349,1.95973e+26,0.03468,8.98911e-07,5.71166e-21,0,1.08999e+15,2.01541e+15,5.88963e+09,3.10541e+15,3.59201e+15,8.90206e+08
6.95136e+07,65446.5,2.17629e+06,1.688e+29,1.86861e+24,8.31131e+13,19.7669,1.77183e+26,0.03468,8.46309e-07,4.58023e-21,0,1.05438e+15,1.9558e+15,5.65661e+09,3.01018e+15,3.36329e+15,8.72167e+08
7.00136e+07,64143.4,2.15425e+06,1.70782e+29,1.87024e+24,8.37607e+13,20.1975,1.60054e+26,0.03468,7.96362e-07,3.66586e-21,0,1.01962e+15,1.89744e+15,5.43091e+09,2.91707e+15,3.14657e+15,8.54331e+08
7.05136e+07,62854.8,2.13224e+06,1.72752e+29,1.87176e+24,8.44092e+13,20.6412,1.44453e+26,0.03468,7.48962e-07,2.92834e-21,0,9.8571e+14,1.84033e+15,5.21237e+09,2.82604e+15,2.94139e+15,8.36701e+08
7.10136e+07,61580.8,2.11027e+06,1.7471e+29,1.87318e+24,8.50587e+13,21.0986,1.30256e+26,0.03468,7.04002e-07,2.33463e-21,0,9.52635e+14,1.78445e+15,5.00084e+09,2.73709e+15,2.74733e+15,8.19276e+08
7.15136e+07,60321.3,2.08834e+06,1.76656e+29,1.87451e+24,8.57092e+13,21.5701,1.17348e+26,0.03468,6.61381e-07,1.85762e-21,0,9.20386e+14,1.72979e+15,4.79618e+09,2.65018e+15,2.56395e+15,8.02057e+08
7.20136e+07,59076.6,2.06645e+06,1.78588e+29,1.87575e+24,8.63605e+13,22.0562,1.05623e+26,0.03468,6.20998e-07,1.47512e-21,0,8.88951e+14,1.67634e+15,4.59821e+09,2.56529e+15,2.39081e+15,7.85046e+08
7.25136e+07,57846.6,2.0446e+06,1.80507e+29,1.87691e+24,8.70128e+13,22.5575,9.49829e+25,0.03468,5.82758e-07,1.16904e-21,0,8.58318e+14,1.62408e+15,4.40681e+09,2.4824e+15,2.22748e+15,7.68243e+08
7.30136e+07,56631.4,2.0228e+06,1.82411e+29,1.87798e+24,8.76661e+13,23.0746,8.53351e+25,0.03468,5.46565e-07,9.24582e-22,0,8.28478e+14,1.57301e+15,4.22181e+09,2.40149e+15,2.07356e+15,7.51648e+08
7.35136e+07,55431,2.00104e+06,1.84301e+29,1.87898e+24,8.83202e+13,23.608,7.65956e+25,0.03468,5.1233e-07,7.29748e-22,0,7.99417e+14,1.5231e+15,4.04307e+09,2.32252e+15,1.92862e+15,7.35262e+08
7.40136e+07,54245.5,1.97933e+06,1.86177e+29,1.87991e+24,8.89754e+13,24.1585,6.86861e+25,0.03468,4.79965e-07,5.7478e-22,0,7.71125e+14,1.47435e+15,3.87044e+09,2.24548e+15,1.79228e+15,7.19085e+08
7.45136e+07,53074.9,1.95766e+06,1.88037e+29,1.88078e+24,8.96314e+13,24.7266,6.15346e+25,0.03468,4.49385e-07,4.51774e-22,0,7.4359e+14,1.42675e+15,3.70376e+09,2.17034e+15,1.66413e+15,7.03117e+08
7.50136e+07,51919.2,1.93605e+06,1.89881e+29,1.88158e+24,9.02884e+13,25.313,5.50745e+25,0.03468,4.20507e-07,3.54343e-22,0,7.168e+14,1.38027e+15,3.54291e+09,2.09708e+15,1.5438e+15,6.87359e+08
7.55136e+07,50778.4,1.9145e+06,1.91709e+29,1.88232e+24,9.09464e+13,25.9186,4.92445e+25,0.03468,3.93253e-07,2.77331e-22,0,6.90742e+14,1.33491e+15,3.38772e+09,2.02566e+15,1.4309e+15,6.71811e+08
7.60136e+07,49652.5,1.89299e+06,1.9352e+29,1.88301e+24,9.16052e+13,26.5439,4.39883e+25,0.03468,3.67545e-07,2.16589e-22,0,6.65406e+14,1.29065e+15,3.23805e+09,1.95606e+15,1.32508e+15,6.56473e+08
7.65136e+07,48541.5,1.87154e+06,1.95315e+29,1.88365e+24,9.22651e+13,27.1899,3.92539e+25,0.03468,3.43311e-07,1.68782e-22,0,6.40778e+14,1.24748e+15,3.09377e+09,1.88826e+15,1.22599e+15,6.41344e+08
7.70136e+07,47445.5,1.85015e+06,1.97093e+29,1.88424e+24,9.29258e+13,27.8572,3.49938e+25,0.03468,3.20479e-07,1.31237e-22,0,6.16846e+14,1.20538e+15,2.95473e+09,1.82223e+15,1.13328e+15,6.26426e+08
7.75136e+07,46364.4,1.82882e+06,1.98852e+29,1.88479e+24,9.35875e+13,28.5469,3.11641e+25,0.03468,2.9898e-07,1.01816e-22,0,5.93599e+14,1.16433e+15,2.82079e+09,1.75793e+15,1.04663e+15,6.11717e+08
7.80136e+07,45298.3,1.80754e+06,2.00594e+29,1.88529e+24,9.42501e+13,29.2598,2.7725e+25,0.03468,2.78749e-07,7.88118e-23,0,5.71025e+14,1.12432e+15,2.69182e+09,1.69535e+15,9.65707e+14,5.97217e+08
7.85136e+07,44247.1,1.78633e+06,2.02318e+29,1.88575e+24,9.49137e+13,29.9969,2.46395e+25,0.03468,2.59722e-07,6.08659e-23,0,5.49109e+14,1.08534e+15,2.56767e+09,1.63446e+15,8.90211e+14,5.82926e+08
7.90136e+07,43210.7,1.76518e+06,2.04023e+29,1.88618e+24,9.55782e+13,30.7592,2.18743e+25,0.03468,2.41839e-07,4.68975e-23,0,5.27842e+14,1.04737e+15,2.44821e+09,1.57522e+15,8.19843e+14,5.68844e+08
7.95136e+07,42189.2,1.7441e+06,2.05709e+29,1.88657e+24,9.62436e+13,31.5477,1.93986e+25,0.03468,2.25041e-07,3.605e-23,0,5.07209e+14,1.0104e+15,2.33332e+09,1.51761e+15,7.54318e+14,5.54971e+08
8.00136e+07,41182.5,1.72308e+06,2.07376e+29,1.88694e+24,9.69099e+13,32.3636,1.71844e+25,0.03468,2.09271e-07,2.76457e-23,0,4.87199e+14,9.74403e+14,2.22285e+09,1.4616e+15,6.93362e+14,5.41305e+08
8.05136e+07,40190.7,1.70213e+06,2.09023e+29,1.88727e+24,9.75772e+13,33.208,1.52061e+25,0.03468,1.94477e-07,2.11496e-23,0,4.678e+14,9.39372e+14,2.11669e+09,1.40717e+15,6.3671e+14,5.27846e+08
8.10136e+07,39213.6,1.68124e+06,2.10651e+29,1.88757e+24,9.82454e+13,34.0821,1.34406e+25,0.03468,1.80606e-07,1.61404e-23,0,4.48999e+14,9.05288e+14,2.0147e+09,1.35429e+15,5.84109e+14,5.14594e+08
8.15136e+07,38251.2,1.66043e+06,2.12259e+29,1.88785e+24,9.89145e+13,34.9872,1.18666e+25,0.03468,1.67609e-07,1.22872e-23,0,4.30784e+14,8.72137e+14,1.91676e+09,1.30292e+15,5.35319e+14,5.01548e+08
8.20136e+07,37303.5,1.63968e+06,2.13846e+29,1.88811e+24,9.95845e+13,35.9248,1.04649e+25,0.03468,1.55439e-07,9.33027e-24,0,4.13143e+14,8.39903e+14,1.82275e+09,1.25305e+15,4.90108e+14,4.88707e+08
8.25136e+07,36370.4,1.61901e+06,2.15413e+29,1.88835e+24,1.00255e+14,36.8961,9.21803e+24,0.03468,1.44051e-07,7.0669e-24,0,3.96064e+14,8.08569e+14,1.73254e+09,1.20463e+15,4.48256e+14,4.76071e+08
8.30136e+07,35451.9,1.5984e+06,2.16959e+29,1.88856e+24,1.00927e+14,37.9028,8.11011e+24,0.03468,1.33401e-07,5.33873e-24,0,3.79534e+14,7.7812e+14,1.64602e+09,1.15766e+15,4.09551e+14,4.63638e+08
8.35136e+07,34547.9,1.57787e+06,2.18484e+29,1.88876e+24,1.016e+14,38.9464,7.12677e+24,0.03468,1.23449e-07,4.02257e-24,0,3.63542e+14,7.4854e+14,1.56308e+09,1.11208e+15,3.73795e+14,4.51408e+08
8.40136e+07,33658.4,1.55742e+06,2.19988e+29,1.88893e+24,1.02274e+14,40.0287,6.25502e+24,0.03468,1.14154e-07,3.02279e-24,0,3.48076e+14,7.19813e+14,1.48359e+09,1.06789e+15,3.40796e+14,4.3938e+08
8.45136e+07,32783.2,1.53704e+06,2.2147e+29,1.8891e+24,1.02948e+14,41.1512,5.48309e+24,0.03468,1.0548e-07,2.26534e-24,0,3.33123e+14,6.91923e+14,1.40745e+09,1.02505e+15,3.10373e+14,4.27553e+08
8.50136e+07,31922.4,1.51674e+06,2.22931e+29,1.88925e+24,1.03624e+14,42.3161,4.80037e+24,0.03468,9.73901e-08,1.69301e-24,0,3.18673e+14,6.64855e+14,1.33454e+09,9.83529e+14,2.82356e+14,4.15925e+08
8.55136e+07,31075.9,1.49651e+06,2.24371e+29,1.88938e+24,1.043e+14,43.5251,4.19726e+24,0.03468,8.98506e-08,1.26173e-24,0,3.04712e+14,6.38593e+14,1.26477e+09,9.43307e+14,2.56581e+14,4.04497e+08
8.60136e+07,30243.5,1.47637e+06,2.25788e+29,1.8895e+24,1.04977e+14,44.7805,3.66515e+24,0.03468,8.28292e-08,9.37632e-25,0,2.91231e+14,6.13121e+14,1.19803e+09,9.04353e+14,2.32894e+14,3.93266e+08
8.65136e+07,29425.2,1.4563e+06,2.27183e+29,1.88961e+24,1.05655e+14,46.0844,3.19625e+24,0.03468,7.62949e-08,6.94763e-25,0,2.78217e+14,5.88423e+14,1.1342e+09,8.66641e+14,2.11151e+14,3.82231e+08
8.70136e+07,28620.9,1.43631e+06,2.28557e+29,1.88971e+24,1.06334e+14,47.4392,2.78357e+24,0.03468,7.02184e-08,5.13282e-25,0,2.65659e+14,5.64485e+14,1.0732e+09,8.30145e+14,1.91213e+14,3.71392e+08
8.75136e+07,27830.6,1.4164e+06,2.29908e+29,1.88981e+24,1.07014e+14,48.8473,2.42084e+24,0.03468,6.45718e-08,3.78065e-25,0,2.53546e+14,5.41289e+14,1.01493e+09,7.94836e+14,1.72952e+14,3.60747e+08
8.80136e+07,27054.1,1.39657e+06,2.31236e+29,1.88989e+24,1.07695e+14,50.3113,2.10243e+24,0.03468,5.93287e-08,2.77616e-25,0,2.41866e+14,5.18822e+14,9.5928e+08,7.60688e+14,1.56246e+14,3.50295e+08
8.85136e+07,26291.4,1.37683e+06,2.32542e+29,1.88996e+24,1.08376e+14,51.8342,1.82329e+24,0.03468,5.4464e-08,2.03219e-25,0,2.30608e+14,4.97067e+14,9.0617e+08,7.27676e+14,1.40979e+14,3.40035e+08
8.90136e+07,25542.4,1.35717e+06,2.33826e+29,1.89003e+24,1.09058e+14,53.4187,1.57891e+24,0.03468,4.9954e-08,1.48286e-25,0,2.19763e+14,4.76009e+14,8.55505e+08,6.95773e+14,1.27044e+14,3.29964e+08
8.95136e+07,24807,1.33759e+06,2.35087e+29,1.89009e+24,1.09741e+14,55.0681,1.36526e+24,0.03468,4.5776e-08,1.07851e-25,0,2.09318e+14,4.55634e+14,8.07195e+08,6.64953e+14,1.1434e+14,3.20083e+08
9.00136e+07,24085,1.31809e+06,2.36325e+29,1.89014e+24,1.10425e+14,56.7857,1.17873e+24,0.03468,4.19088e-08,7.81818e-26,0,1.99264e+14,4.35926e+14,7.61154e+08,6.35191e+14,1.02773e+14,3.10389e+08
9.05136e+07,23376.4,1.29868e+06,2.3754e+29,1.89019e+24,1.1111e+14,58.575,1.01611e+24,0.03468,3.83322e-08,5.64829e-26,0,1.8959e+14,4.16871e+14,7.17298e+08,6.06461e+14,9.22527e+13,3.00881e+08
9.10136e+07,22681.2,1.27935e+06,2.38732e+29,1.89024e+24,1.11796e+14,60.4398,8.74544e+23,0.03468,3.50272e-08,4.06655e-26,0,1.80285e+14,3.98453e+14,6.75545e+08,5.78739e+14,8.26975e+13,2.91558e+08
9.15136e+07,21999.1,1.26011e+06,2.39902e+29,1.89028e+24,1.12482e+14,62.3841,7.51487e+23,0.03468,3.19757e-08,2.91744e-26,0,1.7134e+14,3.80658e+14,6.35814e+08,5.51999e+14,7.40295e+13,2.82418e+08
9.20136e+07,21330.1,1.24096e+06,2.41049e+29,1.89031e+24,1.13169e+14,64.4123,6.44681e+23,0.03468,2.91608e-08,2.0855e-26,0,1.62744e+14,3.63472e+14,5.98027e+08,5.26216e+14,6.61766e+13,2.7346e+08
9.25136e+07,20674.1,1.22189e+06,2.42172e+29,1.89034e+24,1.13857e+14,66.5288,5.52123e+23,0.03468,2.65663e-08,1.4853e-26,0,1.54488e+14,3.4688e+14,5.62109e+08,5.01368e+14,5.90715e+13,2.64681e+08
9.30136e+07,20030.9,1.20291e+06,2.43273e+29,1.89037e+24,1.14546e+14,68.7386,4.72039e+23,0.03468,2.41773e-08,1.05385e-26,0,1.46561e+14,3.30868e+14,5.27986e+08,4.77429e+14,5.26516e+13,2.56082e+08
9.35136e+07,19400.5,1.18402e+06,2.44351e+29,1.89039e+24,1.15235e+14,71.0469,4.02859e+23,0.03468,2.19795e-08,7.44843e-27,0,1.38955e+14,3.15422e+14,4.95586e+08,4.54377e+14,4.68588e+13,2.47659e+08
9.40136e+07,18782.8,1.16521e+06,2.45406e+29,1.89042e+24,1.15925e+14,73.4591,3.43196e+23,0.03468,1.99596e-08,5.24364e-27,0,1.3166e+14,3.00528e+14,4.64841e+08,4.32188e+14,4.16392e+13,2.39412e+08
9.45136e+07,18177.6,1.14649e+06,2.46438e+29,1.89044e+24,1.16616e+14,75.9814,2.91829e+23,0.03468,1.81048e-08,3.67655e-27,0,1.24666e+14,2.86173e+14,4.35683e+08,4.10839e+14,3.69427e+13,2.31339e+08
9.50136e+07,17584.9,1.12786e+06,2.47448e+29,1.89045e+24,1.17308e+14,78.62,2.4768e+23,0.03468,1.64034e-08,2.56711e-27,0,1.17964e+14,2.72342e+14,4.08045e+08,3.90307e+14,3.27231e+13,2.23437e+08
9.55136e+07,17004.5,1.10932e+06,2.48434e+29,1.89047e+24,1.18e+14,81.3818,2.09801e+23,0.03468,1.48443e-08,1.78484e-27,0,1.11547e+14,2.59023e+14,3.81866e+08,3.7057e+14,2.89376e+13,2.15707e+08
9.60136e+07,16436.3,1.09086e+06,2.49398e+29,1.89048e+24,1.18693e+14,84.2741,1.77361e+23,0.03468,1.3417e-08,1.23554e-27,0,1.05404e+14,2.46203e+14,3.57082e+08,3.51607e+14,2.55467e+13,2.08145e+08
9.65136e+07,15880.1,1.0725e+06,2.50339e+29,1.89049e+24,1.19386e+14,87.3049,1.4963e+23,0.03468,1.21119e-08,8.51468e-28,0,9.95271e+13,2.33868e+14,3.33636e+08,3.33395e+14,2.2514e+13,2.00751e+08
9.70136e+07,15336,1.05422e+06,2.51258e+29,1.89051e+24,1.2008e+14,90.4826,1.25969e+23,0.03468,1.09197e-08,5.84089e-28,0,9.39081e+13,2.22005e+14,3.11469e+08,3.15913e+14,1.9806e+13,1.93523e+08
9.75136e+07,14803.7,1.03603e+06,2.52154e+29,1.89051e+24,1.20775e+14,93.8162,1.05821e+23,0.03468,9.8319e-09,3.98782e-28,0,8.85387e+13,2.10602e+14,2.90525e+08,2.99141e+14,1.73919e+13,1.86458e+08
9.80136e+07,14283.1,1.01793e+06,2.53028e+29,1.89052e+24,1.2147e+14,97.3157,8.86985e+22,0.03468,8.84048e-09,2.70945e-28,0,8.34107e+13,1.99647e+14,2.7075e+08,2.83058e+14,1.52433e+13,1.79555e+08
9.85136e+07,13774.1,999925,2.53879e+29,1.89053e+24,1.22166e+14,100.992,7.41767e+22,0.03468,7.93796e-09,1.83169e-28,0,7.8516e+13,1.89126e+14,2.52092e+08,2.67643e+14,1.33344e+13,1.72814e+08
9.90136e+07,13276.7,982005,2.54709e+29,1.89054e+24,1.22863e+14,104.855,6.18866e+22,0.03468,7.11736e-09,1.23194e-28,0,7.38471e+13,1.79029e+14,2.34501e+08,2.52876e+14,1.16415e+13,1.66231e+08
9.95136e+07,12790.6,964174,2.55516e+29,1.89054e+24,1.2356e+14,108.919,5.15079e+22,0.03468,6.37218e-09,8.24185e-29,0,6.93961e+13,1.69343e+14,2.17927e+08,2.38739e+14,1.01427e+13,1.59805e+08
1.00014e+08,12315.7,946433,2.56301e+29,1.89055e+24,1.24257e+14,113.197,4.2763e+22,0.03468,5.69634e-09,5.48387e-29,0,6.51558e+13,1.60056e+14,2.02325e+08,2.25212e+14,8.81828e+12,1.53534e+08
1.00514e+08,11852,928780,2.57065e+29,1.89055e+24,1.24955e+14,117.702,3.54115e+22,0.03468,5.08419e-09,3.62831e-29,0,6.11187e+13,1.51157e+14,1.87647e+08,2.12275e+14,7.65022e+12,1.47417e+08
1.01014e+08,11399.4,911217,2.57807e+29,1.89055e+24,1.25654e+14,122.452,2.92461e+22,0.03468,4.53048e-09,2.3867e-29,0,5.72777e+13,1.42634e+14,1.73851e+08,1.99912e+14,6.62207e+12,1.41453e+08
1.01514e+08,10957.6,893743,2.58528e+29,1.89056e+24,1.26353e+14,127.462,2.4088e+22,0.03468,4.03033e-09,1.56059e-29,0,5.36259e+13,1.34477e+14,1.60894e+08,1.88103e+14,5.71889e+12,1.35638e+08
1.02014e+08,10526.5,876358,2.59227e+29,1.89056e+24,1.27052e+14,132.752,1.97836e+22,0.03468,3.57921e-09,1.01411e-29,0,5.01564e+13,1.26674e+14,1.48736e+08,1.7683e+14,4.92716e+12,1.29972e+08
1.02514e+08,10106.1,859061,2.59905e+29,1.89056e+24,1.27751e+14,138.341,1.62009e+22,0.03468,3.1729e-09,6.54794e-30,0,4.68626e+13,1.19215e+14,1.37337e+08,1.66077e+14,4.23462e+12,1.24453e+08
1.03014e+08,9696.26,841853,2.60563e+29,1.89056e+24,1.28451e+14,144.252,1.32269e+22,0.03468,2.80753e-09,4.19997e-30,0,4.37379e+13,1.12088e+14,1.26659e+08,1.55827e+14,3.63017e+12,1.19079e+08
1.03514e+08,9296.78,824733,2.61199e+29,1.89057e+24,1.29152e+14,150.509,1.07651e+22,0.03468,2.47949e-09,2.67552e-30,0,4.07761e+13,1.05285e+14,1.16666e+08,1.46061e+14,3.10384e+12,1.13848e+08
1.04014e+08,8907.58,807701,2.61815e+29,1.89057e+24,1.29852e+14,157.138,8.73303e+21,0.03468,2.18544e-09,1.69234e-30,0,3.7971e+13,9.87941e+13,1.07323e+08,1.36765e+14,2.6466e+12,1.08759e+08
1.04514e+08,8528.54,790757,2.62411e+29,1.89057e+24,1.30553e+14,164.168,7.06077e+21,0.03468,1.9223e-09,1.06259e-30,0,3.53164e+13,9.26058e+13,9.85964e+07,1.27922e+14,2.25036e+12,1.03809e+08
1.05014e+08,8159.53,773899,2.62987e+29,1.89057e+24,1.31254e+14,171.631,5.68883e+21,0.03468,1.68725e-09,6.62106e-31,0,3.28065e+13,8.67102e+13,9.04541e+07,1.19517e+14,1.90785e+12,9.89983e+07
1.05514e+08,7800.42,757129,2.63543e+29,1.89057e+24,1.31955e+14,179.562,4.56688e+21,0.03468,1.47766e-09,4.09301e-31,0,3.04356e+13,8.10977e+13,8.28649e+07,1.11533e+14,1.61257e+12,9.43238e+07
1.06014e+08,7451.1,740446,2.64079e+29,1.89057e+24,1.32656e+14,187.998,3.65241e+21,0.03468,1.29113e-09,2.50944e-31,0,2.81981e+13,7.5759e+13,7.57989e+07,1.03957e+14,1.3587e+12,8.9784e+07
1.06514e+08,7111.45,723848,2.64596e+29,1.89057e+24,1.33358e+14,196.984,2.90963e+21,0.03468,1.12545e-09,1.52541e-31,0,2.60885e+13,7.06849e+13,6.92278e+07,9.67734e+13,1.14104e+12,8.53773e+07
1.07014e+08,6781.35,707337,2.65094e+29,1.89057e+24,1.34059e+14,206.564,2.30846e+21,0.03468,9.7858e-10,9.19002e-32,0,2.41015e+13,6.58662e+13,6.3124e+07,8.99678e+13,9.54992e+11,8.1102e+07
1.07514e+08,6460.67,690910,2.65573e+29,1.89057e+24,1.3476e+14,216.793,1.82374e+21,0.03468,8.48671e-10,5.48537e-32,0,2.22321e+13,6.12942e+13,5.74614e+07,8.35263e+13,7.9644e+11,7.69565e+07
1.08014e+08,6149.29,674568,2.66033e+29,1.89057e+24,1.35461e+14,227.726,1.43442e+21,0.03468,7.34014e-10,3.2425e-32,0,2.04751e+13,5.69602e+13,5.22148e+07,7.74353e+13,6.61752e+11,7.2939e+07
1.08514e+08,5847.1,658310,2.66475e+29,1.89057e+24,1.36163e+14,239.429,1.12299e+21,0.03468,6.33052e-10,1.89737e-32,0,1.88257e+13,5.28557e+13,4.73601e+07,7.16815e+13,5.47718e+11,6.9048e+07
1.09014e+08,5553.97,642136,2.66899e+29,1.89057e+24,1.36863e+14,251.973,8.74935e+20,0.03468,5.44362e-10,1.09856e-32,0,1.72792e+13,4.89724e+13,4.28745e+07,6.62517e+13,4.51505e+11,6.52817e+07
1.09514e+08,5269.8,626045,2.67305e+29,1.89057e+24,1.37564e+14,265.438,6.78227e+20,0.03468,4.6665e-10,6.29044e-33,0,1.5831e+13,4.53023e+13,3.87357e+07,6.11333e+13,3.70622e+11,6.16386e+07
1.10014e+08,4994.45,610036,2.67694e+29,1.89057e+24,1.38264e+14,279.914,5.22962e+20,0.03468,3.98735e-10,3.56037e-33,0,1.44765e+13,4.18373e+13,3.49229e+07,5.63139e+13,3.02883e+11,5.81169e+07
1.10514e+08,4727.82,594108,2.68066e+29,1.89057e+24,1.38964e+14,295.502,4.01003e+20,0.03468,3.39546e-10,1.99077e-33,0,1.32115e+13,3.85698e+13,3.1416e+07,5.17813e+13,2.46377e+11,5.47152e+07
1.11014e+08,4469.79,578261,2.6842e+29,1.89057e+24,1.39663e+14,312.316,3.05694e+20,0.03468,2.8811e-10,1.09898e-33,0,1.20318e+13,3.54921e+13,2.81959e+07,4.75239e+13,1.99438e+11,5.14319e+07
1.11514e+08,4220.24,562494,2.68759e+29,1.89057e+24,1.40362e+14,330.484,2.31611e+20,0.03468,2.43548e-10,5.98578e-34,0,1.09332e+13,3.25968e+13,2.52442e+07,4.35301e+13,1.60615e+11,4.82652e+07
1.12014e+08,3979.06,546806,2.69081e+29,1.89057e+24,1.4106e+14,350.152,1.74349e+20,0.03468,2.05064e-10,3.21441e-34,0,9.91181e+12,2.98768e+13,2.25436e+07,3.97887e+13,1.28653e+11,4.52138e+07
1.12514e+08,3746.14,531196,2.69387e+29,1.89057e+24,1.41758e+14,371.486,1.30352e+20,0.03468,1.71941e-10,1.70059e-34,0,8.9638e+12,2.7325e+13,2.00775e+07,3.62888e+13,1.02467e+11,4.22759e+07
1.13014e+08,3521.37,515664,2.69677e+29,1.89057e+24,1.42454e+14,394.676,9.67578e+19,0.03468,1.43534e-10,8.85623e-35,0,8.08544e+12,2.49344e+13,1.78302e+07,3.30198e+13,8.11214e+10,3.94502e+07
1.13514e+08,3304.62,500208,2.69953e+29,1.89057e+24,1.4315e+14,419.937,7.12763e+19,0.03468,1.19261e-10,4.53583e-35,0,7.27313e+12,2.26983e+13,1.57867e+07,2.99714e+13,6.38156e+10,3.6735e+07
1.14014e+08,3095.8,484827,2.70213e+29,1.89057e+24,1.43845e+14,447.521,5.20833e+19,0.03468,9.86045e-11,2.28241e-35,0,6.52339e+12,2.06101e+13,1.39328e+07,2.71335e+13,4.98646e+10,3.4129e+07
1.14514e+08,2894.8,469521,2.70459e+29,1.89057e+24,1.44538e+14,477.713,3.77339e+19,0.03468,8.10985e-11,1.12716e-35,0,5.83287e+12,1.86635e+13,1.22549e+07,2.44964e+13,3.86861e+10,3.16306e+07
1.15014e+08,2701.5,454287,2.70691e+29,1.89057e+24,1.4523e+14,510.849,2.70899e+19,0.03468,6.63289e-11,5.45662e-36,0,5.19828e+12,1.68522e+13,1.07402e+07,2.20505e+13,2.97862e+10,2.92383e+07
1.15514e+08,2515.8,439126,2.70909e+29,1.89057e+24,1.45921e+14,547.316,1.92605e+19,0.03468,5.39272e-11,2.58605e-36,0,4.61649e+12,1.517e+13,9.37661e+06,1.97865e+13,2.27489e+10,2.69508e+07
1.16014e+08,2337.6,424035,2.71113e+29,1.89057e+24,1.4661e+14,587.57,1.35528e+19,0.03468,4.35665e-11,1.19813e-36,0,4.08446e+12,1.36111e+13,8.15261e+06,1.76955e+13,1.72246e+10,2.47666e+07
1.16514e+08,2166.79,409013,2.71305e+29,1.89057e+24,1.47297e+14,632.144,9.43139e+18,0.03468,3.49577e-11,5.41793e-37,0,3.59925e+12,1.21695e+13,7.05733e+06,1.57688e+13,1.29217e+10,2.26842e+07
1.17014e+08,2003.26,394060,2.71484e+29,1.89057e+24,1.47982e+14,681.672,6.48571e+18,0.03468,2.7846e-11,2.38706e-37,0,3.15802e+12,1.08398e+13,6.08049e+06,1.39978e+13,9.59804e+09,2.07025e+07
1.17514e+08,1846.93,379172,2.7165e+29,1.89057e+24,1.48666e+14,736.905,4.40338e+18,0.03468,2.20076e-11,1.02269e-37,0,2.75804e+12,9.61628e+12,5.2124e+06,1.23743e+13,7.05356e+09,1.88199e+07
1.18014e+08,1697.68,364350,2.71805e+29,1.89057e+24,1.49347e+14,798.745,2.94868e+18,0.03468,1.72467e-11,4.25129e-38,0,2.39668e+12,8.49365e+12,4.44391e+06,1.08903e+13,5.1243e+09,1.70352e+07
1.18514e+08,1555.41,349591,2.71948e+29,1.89057e+24,1.50025e+14,868.276,1.94533e+18,0.03468,1.33925e-11,1.71053e-38,0,2.07139e+12,7.46666e+12,3.76643e+06,9.53805e+12,3.67666e+09,1.53471e+07
1.19014e+08,1420.04,334893,2.7208e+29,1.89057e+24,1.50701e+14,946.815,1.2628e+18,0.03468,1.02968e-11,6.6431e-39,0,1.77972e+12,6.53021e+12,3.17186e+06,8.30994e+12,2.60258e+09,1.37542e+07
1.19514e+08,1291.46,320255,2.72201e+29,1.89057e+24,1.51373e+14,1035.97,8.05432e+17,0.03468,7.83138e-12,2.48244e-39,0,1.51934e+12,5.67933e+12,2.6526e+06,7.19867e+12,1.81536e+09,1.22554e+07
1.20014e+08,1169.58,305674,2.72312e+29,1.89057e+24,1.52042e+14,1137.74,5.03927e+17,0.03468,5.88625e-12,8.89418e-40,0,1.28796e+12,4.90918e+12,2.20152e+06,6.19714e+12,1.24606e+09,1.08493e+07
1.20514e+08,1054.31,291148,2.72413e+29,1.89057e+24,1.52708e+14,1254.6,3.08701e+17,0.03468,4.36716e-12,3.04281e-40,0,1.08342e+12,4.21504e+12,1.81195e+06,5.29846e+12,8.40326e+08,9.53483e+06
1.21014e+08,945.549,276675,2.72505e+29,1.89057e+24,1.53369e+14,1389.66,1.8476e+17,0.03468,3.19405e-12,9.89324e-41,0,9.03632e+11,3.59232e+12,1.47765e+06,4.49596e+12,5.55782e+08,8.31075e+06
1.21514e+08,843.215,262253,2.72588e+29,1.89057e+24,1.54026e+14,1546.89,1.07767e+17,0.03468,2.29931e-12,3.04034e-41,0,7.4659e+11,3.03654e+12,1.19282e+06,3.78313e+12,3.59745e+08,7.17591e+06
1.22014e+08,747.216,247879,2.72662e+29,1.89057e+24,1.54678e+14,1731.41,6.1081e+16,0.03468,1.62622e-12,8.775e-42,0,6.10372e+11,2.54335e+12,952022,3.15372e+12,2.27327e+08,6.12916e+06
1.22514e+08,657.464,233549,2.72728e+29,1.89057e+24,1.55324e+14,1949.9,3.35249e+16,0.03468,1.12761e-12,2.36067e-42,0,4.93142e+11,2.10849e+12,750243,2.60163e+12,1.39833e+08,5.16939e+06
1.23014e+08,573.875,219261,2.72786e+29,1.89057e+24,1.55965e+14,2211.23,1.77455e+16,0.03468,7.64605e-13,5.86653e-43,0,3.93139e+11,1.72782e+12,582820,2.12096e+12,8.34391e+07,4.2955e+06
1.23514e+08,496.362,205011,2.72837e+29,1.89057e+24,1.56598e+14,2527.36,9.01396e+15,0.03468,5.05451e-13,1.33225e-43,0,3.08685e+11,1.39732e+12,445446,1.706e+12,4.80968e+07,3.50639e+06
1.24014e+08,424.841,190794,2.72882e+29,1.89057e+24,1.57225e+14,2914.78,4.3675e+15,0.03468,3.24538e-13,2.72849e-44,0,2.38175e+11,1.11305e+12,334158,1.35122e+12,2.66465e+07,2.80099e+06
1.24514e+08,359.231,176608,2.7292e+29,1.89057e+24,1.57842e+14,3396.67,2.00357e+15,0.03468,2.0146e-13,4.95803e-45,0,1.80084e+11,8.71173e+11,245318,1.05126e+12,1.40996e+07,2.17822e+06
1.25014e+08,299.449,162446,2.72952e+29,1.89057e+24,1.58451e+14,4006.56,8.6212e+14,0.03468,1.20208e-13,7.83181e-46,0,1.32961e+11,6.67962e+11,175600,8.00923e+11,7.06935e+06,1.63697e+06
1.25514e+08,245.412,148303,2.72979e+29,1.89057e+24,1.59049e+14,4794.36,3.43814e+14,0.03468,6.84337e-14,1.04764e-46,0,9.54288e+10,4.99766e+11,121980,5.95195e+11,3.32474e+06,1.1761e+06
1.26014e+08,197.04,134172,2.73001e+29,1.89057e+24,1.59634e+14,5837.05,1.25105e+14,0.03468,3.68114e-14,1.1468e-47,0,6.61874e+10,3.63026e+11,81722.6,4.29213e+11,1.44737e+06,794362
1.26514e+08,154.248,120047,2.73019e+29,1.89057e+24,1.60206e+14,7258.61,4.06718e+13,0.03468,1.8467e-14,9.81145e-49,0,4.401e+10,2.54267e+11,52371.1,2.98278e+11,572929,490364
1.27014e+08,116.952,105917,2.73033e+29,1.89057e+24,1.60762e+14,9269.4,1.14742e+13,0.03468,8.48488e-15,6.15551e-50,0,2.77458e+10,1.70096e+11,31736,1.97842e+11,201170,262382
1.27514e+08,85.0623,91772.1,2.73043e+29,1.89057e+24,1.61299e+14,12250.5,2.69336e+12,0.03468,3.47821e-15,2.58297e-51,0,1.6321e+10,1.07193e+11,17886.8,1.23514e+11,60452.6,108010
1.28014e+08,58.4829,77598.3,2.7305e+29,1.89057e+24,1.61814e+14,16953.6,4.93419e+11,0.03468,1.2224e-15,6.30278e-53,0,8.74111e+09,6.23163e+10,9143.23,7.10575e+10,14721.9,32907.4
1.28514e+08,37.106,63378,2.73055e+29,1.89057e+24,1.62302e+14,25041.1,6.35619e+10,0.03468,3.45123e-16,7.11963e-55,0,4.09505e+09,3.22926e+10,4068.58,3.63877e+10,2657.82,11423.9
1.29014e+08,20.8028,49086.8,2.73058e+29,1.89057e+24,1.62756e+14,40844.5,4.77284e+09,0.03468,6.96239e-17,2.4704e-57,0,1.56095e+09,1.40219e+10,1464.03,1.55829e+10,302.943,3541.38
1.29514e+08,9.4045,34689.6,2.7306e+29,1.89057e+24,1.63165e+14,78970.3,1.41088e+08,0.03468,7.8507e-18,1.1162e-60,0,4.15666e+08,4.47977e+09,365.163,4.89543e+09,15.5627,1284.1
1.30014e+08,3.10247,20058.3,2.7306e+29,1.89057e+24,1.63474e+14,247167,585508,0.03468,2.89508e-19,6.78901e-66,0,6.54684e+07,8.54521e+08,40.8195,9.1999e+08,0.19079,157.737
1.3026e+08,1.09378,12833.3,2.7306e+29,1.89057e+24,1.63521e+14,568719,6244.89,0.03468,1.71022e-20,3.30575e-70,0,1.15186e+07,1.92746e+08,6.8397,2.04265e+08,0.00398853,22.7667
1.30417e+08,0.38022,8193.09,2.7306e+29,1.89057e+24,1.63521e+14,1.30552e+06,64.8746,0.03468,9.87645e-22,0,0,1.9796e+06,4.27763e+07,1.13627,4.47559e+07,8.02623e-05,3.21914
1.30517e+08,0.140172,5167.51,2.7306e+29,1.89057e+24,1.63521e+14,3.25839e+06,0.622148,0.03468,5.76185e-23,0,0,375219,9.94631e+06,0.179811,1.03215e+07,1.7289e-06,0.448392
