X = 0.734
Y = 0.25
Z = 0.016
mu = 0.601142
Radius,Density,Temp,Mass,Lum,OptD,Kff,KH,Kes,PP,CNO,3a,Deg,Gas,Rad,TotPres, dLdr, dPdT
0,0,0,0,0,0,-nan,0,0.03468,0,0,0,0,0,0,0,0,0
100,119164,7.4131e+06,499152,103.551,49121.4,0.412218,1.47605e+31,0.03468,0.000207453,3.26276e-10,1.62768e-59,2.86259e+15,1.21301e+16,7.61536e+11,1.49935e+16,3.10652e+06,2.17698e+09
100427,119164,7.4131e+06,5.05575e+20,1.04883e+17,4.92826e+09,0.412218,1.47605e+31,0.03468,0.000207452,3.26272e-10,1.62764e-59,2.86258e+15,1.21301e+16,7.61534e+11,1.49934e+16,3.13311e+12,2.17697e+09
200683,119163,7.41309e+06,4.03426e+21,8.36914e+17,9.85297e+09,0.41222,1.47602e+31,0.03468,0.00020745,3.2626e-10,1.62751e-59,2.86256e+15,1.213e+16,7.61529e+11,1.49933e+16,1.25109e+13,2.17696e+09
301911,119162,7.41307e+06,1.37362e+22,2.84956e+18,1.48254e+10,0.412222,1.47598e+31,0.03468,0.000207447,3.26241e-10,1.6273e-59,2.86254e+15,1.21299e+16,7.61521e+11,1.49932e+16,2.83148e+13,2.17694e+09
403027,119162,7.41304e+06,3.26761e+22,6.77856e+18,1.97924e+10,0.412225,1.47593e+31,0.03468,0.000207442,3.26214e-10,1.627e-59,2.8625e+15,1.21298e+16,7.61509e+11,1.4993e+16,5.04559e+13,2.1769e+09
504279,119160,7.413e+06,6.40085e+22,1.32781e+19,2.4766e+10,0.412229,1.47585e+31,0.03468,0.000207436,3.26179e-10,1.62662e-59,2.86245e+15,1.21296e+16,7.61495e+11,1.49928e+16,7.89892e+13,2.17686e+09
606322,119159,7.41296e+06,1.11258e+23,2.30792e+19,2.97785e+10,0.412234,1.47576e+31,0.03468,0.000207428,3.26136e-10,1.62615e-59,2.86239e+15,1.21294e+16,7.61476e+11,1.49925e+16,1.14186e+14,2.17681e+09
707552,119157,7.41291e+06,1.76804e+23,3.6675e+19,3.4751e+10,0.41224,1.47566e+31,0.03468,0.000207419,3.26085e-10,1.6256e-59,2.86231e+15,1.21291e+16,7.61455e+11,1.49922e+16,1.55487e+14,2.17675e+09
809396,119155,7.41285e+06,2.64665e+23,5.48986e+19,3.97537e+10,0.412246,1.47554e+31,0.03468,0.000207409,3.26026e-10,1.62496e-59,2.86223e+15,1.21288e+16,7.6143e+11,1.49918e+16,2.03457e+14,2.17668e+09
912168,119152,7.41278e+06,3.7882e+23,7.85748e+19,4.4802e+10,0.412254,1.4754e+31,0.03468,0.000207397,3.25959e-10,1.62422e-59,2.86213e+15,1.21284e+16,7.61401e+11,1.49913e+16,2.58384e+14,2.17651e+09
1.02667e+06,119149,7.41269e+06,5.40129e+23,1.12029e+20,5.04266e+10,0.412264,1.47522e+31,0.03468,0.000207382,3.25874e-10,1.6233e-59,2.86201e+15,1.2128e+16,7.61366e+11,1.49908e+16,3.27294e+14,2.17636e+09
1.21161e+06,119144,7.41253e+06,8.87727e+23,1.84109e+20,5.9511e+10,0.412282,1.4749e+31,0.03468,0.000207354,3.25717e-10,1.62158e-59,2.86179e+15,1.21271e+16,7.61299e+11,1.49897e+16,4.55744e+14,2.17612e+09
1.36798e+06,119138,7.41237e+06,1.27768e+24,2.64961e+20,6.71921e+10,0.412299,1.47458e+31,0.03468,0.000207327,3.25564e-10,1.61991e-59,2.86157e+15,1.21263e+16,7.61234e+11,1.49886e+16,5.80871e+14,2.17577e+09
1.57883e+06,119130,7.41212e+06,1.96409e+24,4.07259e+20,7.75488e+10,0.412326,1.47409e+31,0.03468,0.000207285,3.25327e-10,1.61734e-59,2.86123e+15,1.21251e+16,7.61134e+11,1.4987e+16,7.73511e+14,2.17523e+09
1.8544e+06,119117,7.41175e+06,3.18231e+24,6.59739e+20,9.10852e+10,0.412367,1.47335e+31,0.03468,0.000207221,3.24968e-10,1.61343e-59,2.86071e+15,1.21231e+16,7.60981e+11,1.49846e+16,1.06666e+15,2.17442e+09
2.20698e+06,119097,7.41119e+06,5.36392e+24,1.11171e+21,1.08404e+11,0.412429,1.47222e+31,0.03468,0.000207124,3.24425e-10,1.60753e-59,2.85993e+15,1.21202e+16,7.6075e+11,1.49809e+16,1.50987e+15,2.17323e+09
2.65159e+06,119068,7.41034e+06,9.30132e+24,1.92694e+21,1.30243e+11,0.412523,1.47053e+31,0.03468,0.000206978,3.23607e-10,1.59866e-59,2.85875e+15,1.21158e+16,7.60402e+11,1.49754e+16,2.17742e+15,2.17183e+09
3.15159e+06,119028,7.40921e+06,1.56145e+25,3.23301e+21,1.54802e+11,0.412649,1.46825e+31,0.03468,0.000206782,3.22512e-10,1.58684e-59,2.85717e+15,1.211e+16,7.59935e+11,1.49679e+16,3.07209e+15,2.1702e+09
3.65159e+06,118982,7.40787e+06,2.4282e+25,5.02428e+21,1.7936e+11,0.412796,1.46559e+31,0.03468,0.000206553,3.21234e-10,1.57309e-59,2.85531e+15,1.21031e+16,7.59388e+11,1.49591e+16,4.11801e+15,2.16835e+09
4.15159e+06,118929,7.40634e+06,3.56751e+25,7.37605e+21,2.03917e+11,0.412966,1.46254e+31,0.03468,0.00020629,3.19773e-10,1.55747e-59,2.85319e+15,1.20952e+16,7.58761e+11,1.49491e+16,5.31381e+15,2.16629e+09
4.65159e+06,118869,7.40462e+06,5.01643e+25,1.03629e+22,2.28474e+11,0.413157,1.45911e+31,0.03468,0.000205994,3.18134e-10,1.54003e-59,2.8508e+15,1.20863e+16,7.58054e+11,1.49378e+16,6.65791e+15,2.164e+09
5.15159e+06,118803,7.4027e+06,6.81191e+25,1.40585e+22,2.5303e+11,0.41337,1.4553e+31,0.03468,0.000205665,3.16318e-10,1.52085e-59,2.84814e+15,1.20764e+16,7.57268e+11,1.49253e+16,8.14855e+15,2.16149e+09
5.65159e+06,118729,7.40058e+06,8.99076e+25,1.85357e+22,2.77584e+11,0.413606,1.45111e+31,0.03468,0.000205304,3.1433e-10,1.49999e-59,2.84521e+15,1.20655e+16,7.56402e+11,1.49114e+16,9.78378e+15,2.15877e+09
6.15159e+06,118649,7.39827e+06,1.15897e+26,2.38662e+22,3.02138e+11,0.413863,1.44655e+31,0.03468,0.000204909,3.12172e-10,1.47752e-59,2.84202e+15,1.20536e+16,7.55458e+11,1.48964e+16,1.15615e+16,2.15583e+09
6.65159e+06,118563,7.39576e+06,1.46452e+26,3.01207e+22,3.2669e+11,0.414142,1.44162e+31,0.03468,0.000204482,3.09848e-10,1.45353e-59,2.83856e+15,1.20407e+16,7.54435e+11,1.488e+16,1.34792e+16,2.15267e+09
7.15159e+06,118469,7.39306e+06,1.81937e+26,3.73687e+22,3.5124e+11,0.414443,1.43632e+31,0.03468,0.000204023,3.07362e-10,1.42811e-59,2.83484e+15,1.20268e+16,7.53334e+11,1.48624e+16,1.55347e+16,2.1493e+09
7.65159e+06,118369,7.39017e+06,2.22715e+26,4.56783e+22,3.7579e+11,0.414767,1.43066e+31,0.03468,0.000203532,3.04719e-10,1.40135e-59,2.83086e+15,1.2012e+16,7.52154e+11,1.48436e+16,1.7725e+16,2.14571e+09
8.15159e+06,118263,7.38708e+06,2.69145e+26,5.51162e+22,4.00337e+11,0.415112,1.42465e+31,0.03468,0.000203009,3.01922e-10,1.37333e-59,2.82661e+15,1.19961e+16,7.50898e+11,1.48235e+16,2.00475e+16,2.14191e+09
8.65159e+06,118150,7.38379e+06,3.21587e+26,6.57478e+22,4.24883e+11,0.41548,1.41828e+31,0.03468,0.000202454,2.98977e-10,1.34416e-59,2.8221e+15,1.19793e+16,7.49564e+11,1.48022e+16,2.2499e+16,2.1379e+09
9.15159e+06,118030,7.38032e+06,3.80397e+26,7.76369e+22,4.49427e+11,0.41587,1.41157e+31,0.03468,0.000201869,2.95888e-10,1.31393e-59,2.81734e+15,1.19616e+16,7.48153e+11,1.47796e+16,2.50764e+16,2.13368e+09
9.65159e+06,117904,7.37665e+06,4.45928e+26,9.08455e+22,4.7397e+11,0.416282,1.40451e+31,0.03468,0.000201252,2.92661e-10,1.28274e-59,2.81231e+15,1.19428e+16,7.46667e+11,1.47559e+16,2.77764e+16,2.12925e+09
1.01516e+07,117771,7.37279e+06,5.18534e+26,1.05434e+23,4.9851e+11,0.416717,1.39712e+31,0.03468,0.000200604,2.89301e-10,1.2507e-59,2.80703e+15,1.19231e+16,7.45104e+11,1.47309e+16,3.05954e+16,2.12461e+09
1.06516e+07,117631,7.36873e+06,5.98563e+26,1.21461e+23,5.23048e+11,0.417174,1.3894e+31,0.03468,0.000199927,2.85813e-10,1.2179e-59,2.8015e+15,1.19025e+16,7.43467e+11,1.47047e+16,3.353e+16,2.11976e+09
1.11516e+07,117485,7.36449e+06,6.86364e+26,1.38984e+23,5.47585e+11,0.417653,1.38135e+31,0.03468,0.000199219,2.82202e-10,1.18446e-59,2.79571e+15,1.18808e+16,7.41754e+11,1.46773e+16,3.65762e+16,2.11471e+09
1.16516e+07,117333,7.36005e+06,7.82279e+26,1.58057e+23,5.72118e+11,0.418156,1.37299e+31,0.03468,0.000198481,2.78476e-10,1.15046e-59,2.78967e+15,1.18583e+16,7.39968e+11,1.46487e+16,3.97302e+16,2.10945e+09
1.21516e+07,117174,7.35542e+06,8.86652e+26,1.78733e+23,5.9665e+11,0.41868,1.36431e+31,0.03468,0.000197714,2.74639e-10,1.11603e-59,2.78338e+15,1.18348e+16,7.38108e+11,1.46189e+16,4.2988e+16,2.104e+09
1.26516e+07,117009,7.3506e+06,9.99822e+26,2.01064e+23,6.21179e+11,0.419228,1.35533e+31,0.03468,0.000196919,2.70697e-10,1.08124e-59,2.77684e+15,1.18104e+16,7.36175e+11,1.45879e+16,4.63455e+16,2.09834e+09
1.31516e+07,116838,7.34559e+06,1.12212e+27,2.25097e+23,6.45705e+11,0.419798,1.34605e+31,0.03468,0.000196094,2.66658e-10,1.04621e-59,2.77006e+15,1.1785e+16,7.3417e+11,1.45558e+16,4.97983e+16,2.09248e+09
1.36516e+07,116660,7.34039e+06,1.25389e+27,2.5088e+23,6.70229e+11,0.420391,1.33648e+31,0.03468,0.000195242,2.62526e-10,1.01103e-59,2.76303e+15,1.17587e+16,7.32094e+11,1.45225e+16,5.33422e+16,2.08643e+09
1.41516e+07,116475,7.335e+06,1.39545e+27,2.78456e+23,6.9475e+11,0.421007,1.32663e+31,0.03468,0.000194362,2.58308e-10,9.75789e-60,2.75576e+15,1.17315e+16,7.29946e+11,1.4488e+16,5.69726e+16,2.08018e+09
1.46516e+07,116285,7.32942e+06,1.54713e+27,3.07869e+23,7.19268e+11,0.421646,1.3165e+31,0.03468,0.000193454,2.54011e-10,9.40581e-60,2.74825e+15,1.17034e+16,7.27728e+11,1.44524e+16,6.0685e+16,2.07375e+09
1.51516e+07,116088,7.32366e+06,1.70926e+27,3.39158e+23,7.43783e+11,0.422308,1.3061e+31,0.03468,0.00019252,2.4964e-10,9.05494e-60,2.74051e+15,1.16744e+16,7.25441e+11,1.44157e+16,6.44748e+16,2.06711e+09
1.56516e+07,115885,7.3177e+06,1.88215e+27,3.7236e+23,7.68296e+11,0.422993,1.29544e+31,0.03468,0.000191559,2.45203e-10,8.7061e-60,2.73252e+15,1.16445e+16,7.23085e+11,1.43778e+16,6.83372e+16,2.06029e+09
1.61516e+07,115676,7.31156e+06,2.06611e+27,4.0751e+23,7.92804e+11,0.423702,1.28452e+31,0.03468,0.000190572,2.40705e-10,8.36008e-60,2.72431e+15,1.16138e+16,7.2066e+11,1.43388e+16,7.22675e+16,2.05329e+09
1.66516e+07,115461,7.30523e+06,2.26147e+27,4.44642e+23,8.1731e+11,0.424434,1.27337e+31,0.03468,0.00018956,2.36152e-10,8.01765e-60,2.71586e+15,1.15821e+16,7.18169e+11,1.42987e+16,7.62608e+16,2.0461e+09
1.71516e+07,115239,7.29872e+06,2.46853e+27,4.83786e+23,8.41812e+11,0.42519,1.26197e+31,0.03468,0.000188522,2.31552e-10,7.67951e-60,2.70719e+15,1.15496e+16,7.15611e+11,1.42575e+16,8.03122e+16,2.03872e+09
1.76516e+07,115012,7.29202e+06,2.6876e+27,5.24968e+23,8.66311e+11,0.425969,1.25035e+31,0.03468,0.00018746,2.2691e-10,7.34631e-60,2.69829e+15,1.15162e+16,7.12987e+11,1.42152e+16,8.44168e+16,2.03117e+09
1.81516e+07,114778,7.28514e+06,2.91897e+27,5.68216e+23,8.90807e+11,0.426772,1.23851e+31,0.03468,0.000186374,2.22233e-10,7.01869e-60,2.68916e+15,1.1482e+16,7.10298e+11,1.41719e+16,8.85696e+16,2.02343e+09
1.86516e+07,114539,7.27807e+06,3.16294e+27,6.13551e+23,9.15298e+11,0.427598,1.22645e+31,0.03468,0.000185265,2.17527e-10,6.69719e-60,2.67982e+15,1.14469e+16,7.07546e+11,1.41274e+16,9.27655e+16,2.01552e+09
1.91516e+07,114293,7.27082e+06,3.4198e+27,6.60995e+23,9.39786e+11,0.428449,1.2142e+31,0.03468,0.000184132,2.12797e-10,6.38235e-60,2.67025e+15,1.1411e+16,7.0473e+11,1.4082e+16,9.69995e+16,2.00744e+09
1.96516e+07,114042,7.26338e+06,3.68984e+27,7.10564e+23,9.6427e+11,0.429324,1.20174e+31,0.03468,0.000182977,2.0805e-10,6.07463e-60,2.66047e+15,1.13743e+16,7.01852e+11,1.40355e+16,1.01267e+17,1.99919e+09
2.01516e+07,113785,7.25577e+06,3.97335e+27,7.62274e+23,9.8875e+11,0.430223,1.18911e+31,0.03468,0.0001818,2.03292e-10,5.77445e-60,2.65048e+15,1.13367e+16,6.98913e+11,1.39879e+16,1.05562e+17,1.99076e+09
2.06516e+07,113522,7.24797e+06,4.27061e+27,8.16137e+23,1.01323e+12,0.431146,1.17629e+31,0.03468,0.000180601,1.98528e-10,5.48218e-60,2.64028e+15,1.12984e+16,6.95913e+11,1.39394e+16,1.09879e+17,1.98217e+09
2.11516e+07,113253,7.23999e+06,4.58188e+27,8.72165e+23,1.0377e+12,0.432094,1.16331e+31,0.03468,0.000179381,1.93765e-10,5.19814e-60,2.62987e+15,1.12592e+16,6.92854e+11,1.38898e+16,1.14215e+17,1.97342e+09
2.16516e+07,112979,7.23183e+06,4.90744e+27,9.30364e+23,1.06217e+12,0.433066,1.15017e+31,0.03468,0.000178141,1.89006e-10,4.92261e-60,2.61926e+15,1.12193e+16,6.89736e+11,1.38392e+16,1.18564e+17,1.96451e+09
2.21516e+07,112698,7.22349e+06,5.24755e+27,9.9074e+23,1.08663e+12,0.434063,1.13688e+31,0.03468,0.000176882,1.84259e-10,4.65581e-60,2.60845e+15,1.11786e+16,6.86561e+11,1.37877e+16,1.2292e+17,1.95543e+09
2.26516e+07,112413,7.21498e+06,5.60248e+27,1.05329e+24,1.11109e+12,0.435085,1.12345e+31,0.03468,0.000175603,1.79528e-10,4.39794e-60,2.59743e+15,1.11371e+16,6.83329e+11,1.37352e+16,1.27278e+17,1.9462e+09
2.31516e+07,112121,7.20628e+06,5.97248e+27,1.11803e+24,1.13554e+12,0.436133,1.10988e+31,0.03468,0.000174305,1.74817e-10,4.14913e-60,2.58623e+15,1.10948e+16,6.80042e+11,1.36817e+16,1.31635e+17,1.93682e+09
2.36516e+07,111825,7.19741e+06,6.35779e+27,1.18494e+24,1.15999e+12,0.437205,1.09619e+31,0.03468,0.000172989,1.70133e-10,3.90947e-60,2.57483e+15,1.10518e+16,6.76699e+11,1.36273e+16,1.35984e+17,1.92729e+09
2.41516e+07,111522,7.18837e+06,6.75868e+27,1.25402e+24,1.18444e+12,0.438302,1.08239e+31,0.03468,0.000171656,1.65479e-10,3.67904e-60,2.56324e+15,1.10081e+16,6.73304e+11,1.3572e+16,1.40321e+17,1.91761e+09
2.46516e+07,111215,7.17914e+06,7.17537e+27,1.32527e+24,1.20888e+12,0.439425,1.06848e+31,0.03468,0.000170306,1.60861e-10,3.45784e-60,2.55146e+15,1.09637e+16,6.69855e+11,1.35158e+16,1.44641e+17,1.90778e+09
2.51516e+07,110902,7.16975e+06,7.6081e+27,1.39867e+24,1.23331e+12,0.440574,1.05447e+31,0.03468,0.000168939,1.56281e-10,3.24587e-60,2.5395e+15,1.09185e+16,6.66355e+11,1.34587e+16,1.48939e+17,1.89781e+09
2.56516e+07,110583,7.16018e+06,8.0571e+27,1.47422e+24,1.25774e+12,0.441749,1.04038e+31,0.03468,0.000167557,1.51746e-10,3.04308e-60,2.52737e+15,1.08726e+16,6.62805e+11,1.34007e+16,1.53211e+17,1.8877e+09
2.61516e+07,110260,7.15044e+06,8.5226e+27,1.5519e+24,1.28216e+12,0.442949,1.0262e+31,0.03468,0.000166159,1.47257e-10,2.84938e-60,2.51505e+15,1.08261e+16,6.59205e+11,1.33418e+16,1.57452e+17,1.87745e+09
2.66516e+07,109931,7.14052e+06,9.00482e+27,1.63168e+24,1.30658e+12,0.444176,1.01195e+31,0.03468,0.000164747,1.4282e-10,2.66468e-60,2.50257e+15,1.07788e+16,6.55557e+11,1.3282e+16,1.61657e+17,1.86707e+09
2.71516e+07,109597,7.13044e+06,9.50397e+27,1.71356e+24,1.331e+12,0.445429,9.97646e+30,0.03468,0.00016332,1.38438e-10,2.48884e-60,2.48991e+15,1.07309e+16,6.51862e+11,1.32215e+16,1.65822e+17,1.85656e+09
2.76516e+07,109258,7.12019e+06,1.00203e+28,1.79751e+24,1.35541e+12,0.446708,9.83284e+30,0.03468,0.000161881,1.34113e-10,2.3217e-60,2.47709e+15,1.06823e+16,6.4812e+11,1.31601e+16,1.69942e+17,1.84592e+09
2.81516e+07,108914,7.10976e+06,1.05539e+28,1.88352e+24,1.37981e+12,0.448015,9.68875e+30,0.03468,0.000160428,1.2985e-10,2.16308e-60,2.46411e+15,1.06331e+16,6.44333e+11,1.30979e+16,1.74013e+17,1.83516e+09
2.86516e+07,108565,7.09917e+06,1.11051e+28,1.97154e+24,1.40421e+12,0.449348,9.5443e+30,0.03468,0.000158963,1.2565e-10,2.01279e-60,2.45096e+15,1.05832e+16,6.40502e+11,1.30349e+16,1.78031e+17,1.82427e+09
2.91516e+07,108211,7.08841e+06,1.1674e+28,2.06156e+24,1.4286e+12,0.450708,9.39956e+30,0.03468,0.000157487,1.21517e-10,1.87061e-60,2.43766e+15,1.05328e+16,6.36629e+11,1.29711e+16,1.81992e+17,1.81326e+09
2.96516e+07,107853,7.07749e+06,1.22608e+28,2.15354e+24,1.45298e+12,0.452096,9.25461e+30,0.03468,0.000156,1.17454e-10,1.7363e-60,2.42421e+15,1.04817e+16,6.32713e+11,1.29065e+16,1.85892e+17,1.80214e+09
3.01516e+07,107489,7.0664e+06,1.28657e+28,2.24746e+24,1.47736e+12,0.453511,9.10953e+30,0.03468,0.000154502,1.13462e-10,1.60964e-60,2.41061e+15,1.043e+16,6.28757e+11,1.28412e+16,1.89727e+17,1.7909e+09
3.06516e+07,107121,7.05515e+06,1.34889e+28,2.34328e+24,1.50173e+12,0.454954,8.96439e+30,0.03468,0.000152994,1.09543e-10,1.49036e-60,2.39686e+15,1.03777e+16,6.24761e+11,1.27752e+16,1.93493e+17,1.77955e+09
3.11516e+07,106748,7.04373e+06,1.41305e+28,2.44096e+24,1.5261e+12,0.456424,8.81929e+30,0.03468,0.000151477,1.05699e-10,1.37821e-60,2.38297e+15,1.03248e+16,6.20727e+11,1.27084e+16,1.97187e+17,1.7681e+09
3.16516e+07,106371,7.03215e+06,1.47908e+28,2.54048e+24,1.55046e+12,0.457923,8.67429e+30,0.03468,0.000149951,1.01933e-10,1.27292e-60,2.36894e+15,1.02714e+16,6.16656e+11,1.2641e+16,2.00804e+17,1.75654e+09
3.21516e+07,105989,7.02041e+06,1.54698e+28,2.64178e+24,1.57482e+12,0.45945,8.52947e+30,0.03468,0.000148417,9.82456e-11,1.17422e-60,2.35478e+15,1.02174e+16,6.12548e+11,1.25728e+16,2.04343e+17,1.74488e+09
3.26516e+07,105602,7.00851e+06,1.61677e+28,2.74483e+24,1.59916e+12,0.461006,8.3849e+30,0.03468,0.000146876,9.46379e-11,1.08183e-60,2.34048e+15,1.01629e+16,6.08405e+11,1.2504e+16,2.07799e+17,1.73312e+09
3.31516e+07,105211,6.99645e+06,1.68847e+28,2.84959e+24,1.6235e+12,0.462591,8.24065e+30,0.03468,0.000145328,9.11111e-11,9.95473e-61,2.32606e+15,1.01079e+16,6.04229e+11,1.24346e+16,2.11169e+17,1.72126e+09
3.36516e+07,104816,6.98424e+06,1.76209e+28,2.95601e+24,1.64784e+12,0.464204,8.0968e+30,0.03468,0.000143773,8.76663e-11,9.14881e-61,2.31152e+15,1.00523e+16,6.0002e+11,1.23644e+16,2.14451e+17,1.70931e+09
3.41516e+07,104416,6.97186e+06,1.83765e+28,3.06405e+24,1.67217e+12,0.465847,7.95341e+30,0.03468,0.000142213,8.43043e-11,8.39776e-61,2.29685e+15,9.99627e+15,5.95779e+11,1.22937e+16,2.17641e+17,1.69728e+09
3.46516e+07,104013,6.95933e+06,1.91515e+28,3.17367e+24,1.69649e+12,0.467519,7.81054e+30,0.03468,0.000140648,8.10255e-11,7.69886e-61,2.28207e+15,9.93972e+15,5.91508e+11,1.22224e+16,2.20737e+17,1.68515e+09
3.51516e+07,103605,6.94665e+06,1.9946e+28,3.28481e+24,1.7208e+12,0.469222,7.66828e+30,0.03468,0.000139077,7.78304e-11,7.04944e-61,2.26717e+15,9.8827e+15,5.87207e+11,1.21505e+16,2.23736e+17,1.67295e+09
3.56516e+07,103193,6.93381e+06,2.07603e+28,3.39742e+24,1.74511e+12,0.470954,7.52667e+30,0.03468,0.000137503,7.47193e-11,6.44685e-61,2.25217e+15,9.82521e+15,5.82879e+11,1.2078e+16,2.26637e+17,1.66066e+09
3.61516e+07,102777,6.92082e+06,2.15944e+28,3.51146e+24,1.7694e+12,0.472716,7.38578e+30,0.03468,0.000135926,7.16923e-11,5.88853e-61,2.23705e+15,9.76727e+15,5.78523e+11,1.20049e+16,2.29436e+17,1.6483e+09
3.66516e+07,102357,6.90768e+06,2.24484e+28,3.62687e+24,1.7937e+12,0.474509,7.24567e+30,0.03468,0.000134345,6.87494e-11,5.37196e-61,2.22184e+15,9.70889e+15,5.74142e+11,1.19313e+16,2.32131e+17,1.63586e+09
3.71516e+07,101933,6.89439e+06,2.33224e+28,3.7436e+24,1.81798e+12,0.476333,7.1064e+30,0.03468,0.000132762,6.58903e-11,4.89469e-61,2.20653e+15,9.65008e+15,5.69736e+11,1.18572e+16,2.34722e+17,1.62335e+09
3.76516e+07,101505,6.88095e+06,2.42166e+28,3.86161e+24,1.84226e+12,0.478188,6.96802e+30,0.03468,0.000131177,6.31148e-11,4.45436e-61,2.19112e+15,9.59086e+15,5.65306e+11,1.17825e+16,2.37205e+17,1.61078e+09
3.81516e+07,101074,6.86736e+06,2.51309e+28,3.98083e+24,1.86652e+12,0.480074,6.83059e+30,0.03468,0.000129591,6.04225e-11,4.04868e-61,2.17562e+15,9.53124e+15,5.60854e+11,1.17074e+16,2.39579e+17,1.59814e+09
3.86516e+07,100639,6.85363e+06,2.60655e+28,4.1012e+24,1.89078e+12,0.481992,6.69417e+30,0.03468,0.000128004,5.78126e-11,3.67545e-61,2.16003e+15,9.47123e+15,5.56381e+11,1.16318e+16,2.41843e+17,1.58543e+09
3.91516e+07,100200,6.83975e+06,2.70204e+28,4.22269e+24,1.91504e+12,0.483942,6.5588e+30,0.03468,0.000126417,5.52847e-11,3.33255e-61,2.14436e+15,9.41084e+15,5.51887e+11,1.15558e+16,2.43995e+17,1.57267e+09
3.96516e+07,99757.8,6.82572e+06,2.79957e+28,4.34522e+24,1.93928e+12,0.485924,6.42452e+30,0.03468,0.000124829,5.28378e-11,3.01796e-61,2.12861e+15,9.35009e+15,5.47375e+11,1.14793e+16,2.46034e+17,1.55986e+09
4.01516e+07,99312.1,6.81155e+06,2.89915e+28,4.46874e+24,1.96352e+12,0.487939,6.2914e+30,0.03468,0.000123243,5.04711e-11,2.72973e-61,2.11278e+15,9.289e+15,5.42844e+11,1.14023e+16,2.47959e+17,1.54699e+09
4.06516e+07,98862.9,6.79725e+06,3.00079e+28,4.5932e+24,1.98775e+12,0.489986,6.15947e+30,0.03468,0.000121658,4.81836e-11,2.46602e-61,2.09688e+15,9.22756e+15,5.38297e+11,1.1325e+16,2.4977e+17,1.53407e+09
4.11516e+07,98410.4,6.7828e+06,3.10448e+28,4.71853e+24,2.01197e+12,0.492067,6.02877e+30,0.03468,0.000120075,4.59743e-11,2.22508e-61,2.08091e+15,9.1658e+15,5.33734e+11,1.12472e+16,2.51464e+17,1.5211e+09
4.16516e+07,97954.7,6.76821e+06,3.21023e+28,4.84468e+24,2.03618e+12,0.494181,5.89936e+30,0.03468,0.000118494,4.38419e-11,2.00525e-61,2.06487e+15,9.10373e+15,5.29157e+11,1.11691e+16,2.53043e+17,1.50809e+09
4.21516e+07,97495.7,6.75348e+06,3.31804e+28,4.9716e+24,2.06038e+12,0.496329,5.77125e+30,0.03468,0.000116915,4.17853e-11,1.80494e-61,2.04877e+15,9.04136e+15,5.24566e+11,1.10907e+16,2.54504e+17,1.49504e+09
4.26516e+07,97033.6,6.73861e+06,3.42793e+28,5.09921e+24,2.08457e+12,0.498511,5.64451e+30,0.03468,0.00011534,3.98031e-11,1.62267e-61,2.03262e+15,8.9787e+15,5.19963e+11,1.10118e+16,2.55849e+17,1.48196e+09
4.31516e+07,96568.5,6.72361e+06,3.53988e+28,5.22747e+24,2.10876e+12,0.500727,5.51915e+30,0.03468,0.000113769,3.78939e-11,1.45704e-61,2.0164e+15,8.91576e+15,5.15348e+11,1.09327e+16,2.57076e+17,1.46883e+09
4.36516e+07,96100.3,6.70848e+06,3.65391e+28,5.35631e+24,2.13294e+12,0.502978,5.39521e+30,0.03468,0.000112201,3.60565e-11,1.30673e-61,2.00014e+15,8.85257e+15,5.10724e+11,1.08532e+16,2.58186e+17,1.45568e+09
4.41516e+07,95629.3,6.69321e+06,3.77001e+28,5.48568e+24,2.1571e+12,0.505265,5.27273e+30,0.03468,0.000110638,3.42892e-11,1.17052e-61,1.98382e+15,8.78913e+15,5.0609e+11,1.07735e+16,2.59178e+17,1.44249e+09
4.46516e+07,95155.4,6.67781e+06,3.88819e+28,5.61551e+24,2.18126e+12,0.507586,5.15173e+30,0.03468,0.00010908,3.25905e-11,1.04724e-61,1.96747e+15,8.72545e+15,5.01448e+11,1.06934e+16,2.60053e+17,1.42928e+09
4.51516e+07,94678.7,6.66228e+06,4.00844e+28,5.74576e+24,2.20541e+12,0.509944,5.03224e+30,0.03468,0.000107527,3.0959e-11,9.35811e-62,1.95107e+15,8.66155e+15,4.968e+11,1.06131e+16,2.60812e+17,1.41605e+09
4.56516e+07,94199.3,6.64662e+06,4.13076e+28,5.87635e+24,2.22955e+12,0.512338,4.91429e+30,0.03468,0.000105981,2.93929e-11,8.35235e-62,1.93463e+15,8.59743e+15,4.92145e+11,1.05326e+16,2.61454e+17,1.4028e+09
4.61516e+07,93717.2,6.63083e+06,4.25516e+28,6.00724e+24,2.25368e+12,0.514768,4.79789e+30,0.03468,0.00010444,2.78908e-11,7.44572e-62,1.91816e+15,8.53312e+15,4.87486e+11,1.04518e+16,2.61981e+17,1.38953e+09
4.66516e+07,93232.6,6.61491e+06,4.38163e+28,6.13836e+24,2.2778e+12,0.517236,4.68309e+30,0.03468,0.000102906,2.64509e-11,6.62954e-62,1.90165e+15,8.46862e+15,4.82822e+11,1.03708e+16,2.62393e+17,1.37624e+09
4.71516e+07,92745.5,6.59887e+06,4.51017e+28,6.26966e+24,2.30191e+12,0.51974,4.56988e+30,0.03468,0.000101379,2.50717e-11,5.89574e-62,1.88512e+15,8.40395e+15,4.78156e+11,1.02895e+16,2.6269e+17,1.36294e+09
4.76516e+07,92256,6.58271e+06,4.64077e+28,6.40108e+24,2.32601e+12,0.522283,4.4583e+30,0.03468,9.98594e-05,2.37513e-11,5.23689e-62,1.86857e+15,8.33911e+15,4.73488e+11,1.02082e+16,2.62874e+17,1.34963e+09
4.81516e+07,91764.1,6.56642e+06,4.77343e+28,6.53257e+24,2.3501e+12,0.524863,4.34835e+30,0.03468,9.83475e-05,2.24882e-11,4.6461e-62,1.85199e+15,8.27412e+15,4.68819e+11,1.01266e+16,2.62946e+17,1.33632e+09
4.86516e+07,91269.9,6.55001e+06,4.90816e+28,6.66406e+24,2.37418e+12,0.527483,4.24006e+30,0.03468,9.68437e-05,2.12806e-11,4.11704e-62,1.8354e+15,8.209e+15,4.6415e+11,1.00449e+16,2.62908e+17,1.323e+09
4.91516e+07,90773.5,6.53348e+06,5.04494e+28,6.79551e+24,2.39825e+12,0.530141,4.13343e+30,0.03468,9.53484e-05,2.01269e-11,3.64386e-62,1.81879e+15,8.14375e+15,4.59482e+11,9.963e+15,2.62759e+17,1.30968e+09
4.96516e+07,90274.9,6.51683e+06,5.18376e+28,6.92685e+24,2.42231e+12,0.532838,4.02849e+30,0.03468,9.38619e-05,1.90254e-11,3.22123e-62,1.80218e+15,8.07838e+15,4.54816e+11,9.88101e+15,2.62502e+17,1.29636e+09
5.01516e+07,89774.3,6.50007e+06,5.32463e+28,7.05804e+24,2.44636e+12,0.535575,3.92523e+30,0.03468,9.23844e-05,1.79744e-11,2.84422e-62,1.78555e+15,8.01291e+15,4.50154e+11,9.79891e+15,2.62138e+17,1.28305e+09
5.06516e+07,89271.7,6.48318e+06,5.46753e+28,7.18902e+24,2.4704e+12,0.538352,3.82367e+30,0.03468,9.09164e-05,1.69723e-11,2.50836e-62,1.76892e+15,7.94735e+15,4.45495e+11,9.71672e+15,2.61669e+17,1.26974e+09
5.11516e+07,88767.1,6.46618e+06,5.61247e+28,7.31975e+24,2.49443e+12,0.541171,3.72382e+30,0.03468,8.94582e-05,1.60173e-11,2.20953e-62,1.75229e+15,7.88171e+15,4.40841e+11,9.63444e+15,2.61096e+17,1.25644e+09
5.16516e+07,88260.7,6.44907e+06,5.75942e+28,7.45016e+24,2.51845e+12,0.54403,3.62567e+30,0.03468,8.801e-05,1.51079e-11,1.94399e-62,1.73566e+15,7.81601e+15,4.36193e+11,9.5521e+15,2.60421e+17,1.24315e+09
5.21516e+07,87752.4,6.43185e+06,5.9084e+28,7.5802e+24,2.54245e+12,0.54693,3.52924e+30,0.03468,8.65721e-05,1.42423e-11,1.70834e-62,1.71903e+15,7.75024e+15,4.31552e+11,9.46971e+15,2.59646e+17,1.22987e+09
5.26516e+07,87242.4,6.41451e+06,6.05937e+28,7.70984e+24,2.56645e+12,0.549873,3.43453e+30,0.03468,8.51449e-05,1.34192e-11,1.49947e-62,1.70241e+15,7.68444e+15,4.26918e+11,9.38727e+15,2.58773e+17,1.21662e+09
5.31516e+07,86730.8,6.39707e+06,6.21234e+28,7.83901e+24,2.59044e+12,0.552858,3.34153e+30,0.03468,8.37285e-05,1.26368e-11,1.31459e-62,1.6858e+15,7.61859e+15,4.22293e+11,9.30482e+15,2.57804e+17,1.20338e+09
5.36516e+07,86217.6,6.37952e+06,6.3673e+28,7.96768e+24,2.61441e+12,0.555886,3.25025e+30,0.03468,8.23232e-05,1.18935e-11,1.15115e-62,1.66921e+15,7.55273e+15,4.17677e+11,9.22236e+15,2.5674e+17,1.19016e+09
5.41516e+07,85702.8,6.36186e+06,6.52424e+28,8.09579e+24,2.63837e+12,0.558958,3.16069e+30,0.03468,8.09294e-05,1.1188e-11,1.00683e-62,1.65263e+15,7.48685e+15,4.13072e+11,9.1399e+15,2.55584e+17,1.17696e+09
5.46516e+07,85186.6,6.34409e+06,6.68315e+28,8.22331e+24,2.66232e+12,0.562074,3.07284e+30,0.03468,7.95471e-05,1.05187e-11,8.79577e-63,1.63608e+15,7.42098e+15,4.08477e+11,9.05746e+15,2.54338e+17,1.16379e+09
5.51516e+07,84669,6.32622e+06,6.84401e+28,8.35017e+24,2.68626e+12,0.565234,2.9867e+30,0.03468,7.81767e-05,9.88409e-12,7.67501e-63,1.61954e+15,7.35511e+15,4.03894e+11,8.97506e+15,2.53004e+17,1.15065e+09
5.56516e+07,84150.1,6.30825e+06,7.00681e+28,8.47635e+24,2.71019e+12,0.568438,2.90226e+30,0.03468,7.68184e-05,9.2828e-12,6.6892e-63,1.60303e+15,7.28927e+15,3.99324e+11,8.8927e+15,2.51585e+17,1.13754e+09
5.61516e+07,83629.9,6.29017e+06,7.17154e+28,8.6018e+24,2.7341e+12,0.571689,2.81952e+30,0.03468,7.54724e-05,8.71342e-12,5.82317e-63,1.58655e+15,7.22345e+15,3.94767e+11,8.8104e+15,2.50083e+17,1.12446e+09
5.66516e+07,83108.5,6.272e+06,7.3382e+28,8.72647e+24,2.75801e+12,0.574985,2.73846e+30,0.03468,7.41388e-05,8.17458e-12,5.06333e-63,1.5701e+15,7.15768e+15,3.90224e+11,8.72817e+15,2.48499e+17,1.11142e+09
5.71516e+07,82586.1,6.25373e+06,7.50676e+28,8.85034e+24,2.7819e+12,0.578328,2.65909e+30,0.03468,7.28179e-05,7.66498e-12,4.39749e-63,1.55368e+15,7.09196e+15,3.85696e+11,8.64603e+15,2.46838e+17,1.09841e+09
5.76516e+07,82062.5,6.23536e+06,7.67721e+28,8.97336e+24,2.80578e+12,0.581719,2.58139e+30,0.03468,7.15098e-05,7.18331e-12,3.81475e-63,1.5373e+15,7.0263e+15,3.81184e+11,8.56399e+15,2.451e+17,1.08544e+09
5.81516e+07,81538,6.21689e+06,7.84954e+28,9.09548e+24,2.82965e+12,0.585156,2.50535e+30,0.03468,7.02148e-05,6.72832e-12,3.30537e-63,1.52096e+15,6.96071e+15,3.76689e+11,8.48205e+15,2.43289e+17,1.07252e+09
5.86516e+07,81012.6,6.19833e+06,8.02374e+28,9.21669e+24,2.8535e+12,0.588642,2.43096e+30,0.03468,6.89329e-05,6.29879e-12,2.86067e-63,1.50466e+15,6.89521e+15,3.7221e+11,8.40024e+15,2.41406e+17,1.05963e+09
5.91516e+07,80486.3,6.17967e+06,8.19978e+28,9.33693e+24,2.87734e+12,0.592177,2.3582e+30,0.03468,6.76644e-05,5.89356e-12,2.47292e-63,1.48841e+15,6.8298e+15,3.6775e+11,8.31857e+15,2.39455e+17,1.04679e+09
5.96516e+07,79959.2,6.16093e+06,8.37766e+28,9.45619e+24,2.90117e+12,0.595761,2.28707e+30,0.03468,6.64093e-05,5.51146e-12,2.13524e-63,1.4722e+15,6.76449e+15,3.63308e+11,8.23705e+15,2.37438e+17,1.034e+09
6.01516e+07,79431.4,6.14209e+06,8.55736e+28,9.57442e+24,2.92499e+12,0.599395,2.21754e+30,0.03468,6.51678e-05,5.15141e-12,1.84154e-63,1.45603e+15,6.69929e+15,3.58885e+11,8.15568e+15,2.35358e+17,1.02125e+09
6.06516e+07,78902.9,6.12317e+06,8.73885e+28,9.69159e+24,2.94879e+12,0.60308,2.14961e+30,0.03468,6.394e-05,4.81233e-12,1.58639e-63,1.43992e+15,6.63421e+15,3.54482e+11,8.07449e+15,2.33217e+17,1.00856e+09
6.11516e+07,78373.8,6.10415e+06,8.92214e+28,9.80768e+24,2.97258e+12,0.606816,2.08326e+30,0.03468,6.27261e-05,4.49319e-12,1.36501e-63,1.42387e+15,6.56927e+15,3.50099e+11,7.99348e+15,2.31017e+17,9.95917e+08
6.16516e+07,77844.2,6.08505e+06,9.10719e+28,9.92266e+24,2.99636e+12,0.610604,2.01847e+30,0.03468,6.15261e-05,4.19301e-12,1.17317e-63,1.40787e+15,6.50446e+15,3.45738e+11,7.91267e+15,2.28762e+17,9.8333e+08
6.21516e+07,77314.1,6.06587e+06,9.29399e+28,1.00365e+25,3.02012e+12,0.614444,1.95522e+30,0.03468,6.03401e-05,3.91081e-12,1.00712e-63,1.39193e+15,6.4398e+15,3.41398e+11,7.83206e+15,2.26454e+17,9.70798e+08
6.26516e+07,76783.6,6.0466e+06,9.48252e+28,1.01492e+25,3.04388e+12,0.618337,1.89349e+30,0.03468,5.91682e-05,3.64568e-12,8.63583e-64,1.37604e+15,6.37529e+15,3.37081e+11,7.75167e+15,2.24095e+17,9.58323e+08
6.31516e+07,76252.8,6.02725e+06,9.67277e+28,1.02606e+25,3.06761e+12,0.622284,1.83328e+30,0.03468,5.80106e-05,3.39674e-12,7.39648e-64,1.36023e+15,6.31096e+15,3.32787e+11,7.67151e+15,2.21688e+17,9.45908e+08
6.36516e+07,75721.6,6.00781e+06,9.86472e+28,1.03709e+25,3.09134e+12,0.626285,1.77455e+30,0.03468,5.68672e-05,3.16314e-12,6.3277e-64,1.34447e+15,6.24679e+15,3.28516e+11,7.59159e+15,2.19235e+17,9.33554e+08
6.41516e+07,75190.3,5.9883e+06,1.00583e+29,1.04799e+25,3.11505e+12,0.630342,1.71729e+30,0.03468,5.57381e-05,2.94406e-12,5.40714e-64,1.32878e+15,6.18281e+15,3.24269e+11,7.51192e+15,2.1674e+17,9.21262e+08
6.46516e+07,74658.8,5.96871e+06,1.02536e+29,1.05877e+25,3.13874e+12,0.634454,1.66148e+30,0.03468,5.46235e-05,2.73871e-12,4.6152e-64,1.31317e+15,6.11902e+15,3.20046e+11,7.43251e+15,2.14204e+17,9.09034e+08
6.51516e+07,74127.1,5.94905e+06,1.04505e+29,1.06942e+25,3.16242e+12,0.638623,1.60711e+30,0.03468,5.35232e-05,2.54636e-12,3.93474e-64,1.29762e+15,6.05543e+15,3.15849e+11,7.35337e+15,2.11631e+17,8.96871e+08
6.56516e+07,73595.5,5.9293e+06,1.06491e+29,1.07994e+25,3.18609e+12,0.642849,1.55413e+30,0.03468,5.24375e-05,2.36627e-12,3.35077e-64,1.28214e+15,5.99205e+15,3.11677e+11,7.2745e+15,2.09023e+17,8.84776e+08
6.61516e+07,73063.8,5.90949e+06,1.08492e+29,1.09032e+25,3.20975e+12,0.647133,1.50255e+30,0.03468,5.13662e-05,2.19778e-12,2.8502e-64,1.26674e+15,5.92888e+15,3.07531e+11,7.19593e+15,2.06381e+17,8.72748e+08
6.66516e+07,72532.2,5.8896e+06,1.10509e+29,1.10058e+25,3.23338e+12,0.651475,1.45233e+30,0.03468,5.03094e-05,2.04021e-12,2.42165e-64,1.25142e+15,5.86594e+15,3.03412e+11,7.11766e+15,2.0371e+17,8.60791e+08
6.71516e+07,72000.8,5.86964e+06,1.12541e+29,1.1107e+25,3.25701e+12,0.655877,1.40346e+30,0.03468,4.92672e-05,1.89296e-12,2.05518e-64,1.23618e+15,5.80322e+15,2.9932e+11,7.0397e+15,2.0101e+17,8.48904e+08
6.76516e+07,71469.5,5.84961e+06,1.14589e+29,1.12068e+25,3.28062e+12,0.660339,1.35591e+30,0.03468,4.82396e-05,1.75542e-12,1.74219e-64,1.22101e+15,5.74074e+15,2.95255e+11,6.96205e+15,1.98285e+17,8.3709e+08
6.81516e+07,70938.5,5.82951e+06,1.16652e+29,1.13053e+25,3.30421e+12,0.664862,1.30966e+30,0.03468,4.72264e-05,1.62703e-12,1.47518e-64,1.20593e+15,5.67851e+15,2.91218e+11,6.88473e+15,1.95537e+17,8.2535e+08
6.86516e+07,70407.8,5.80934e+06,1.1873e+29,1.14024e+25,3.32779e+12,0.669447,1.26468e+30,0.03468,4.62279e-05,1.50725e-12,1.24768e-64,1.19093e+15,5.61653e+15,2.87209e+11,6.80774e+15,1.92768e+17,8.13684e+08
6.91516e+07,69877.4,5.78911e+06,1.20823e+29,1.14981e+25,3.35136e+12,0.674095,1.22096e+30,0.03468,4.52438e-05,1.39556e-12,1.05406e-64,1.17602e+15,5.55481e+15,2.83228e+11,6.7311e+15,1.89981e+17,8.02095e+08
6.96516e+07,69347.4,5.76881e+06,1.2293e+29,1.15925e+25,3.37491e+12,0.678805,1.17848e+30,0.03468,4.42743e-05,1.29148e-12,8.89484e-65,1.16119e+15,5.49335e+15,2.79277e+11,6.65482e+15,1.87178e+17,7.90582e+08
7.01516e+07,68817.9,5.74845e+06,1.25051e+29,1.16854e+25,3.39844e+12,0.68358,1.1372e+30,0.03468,4.33192e-05,1.19454e-12,7.49752e-65,1.14645e+15,5.43217e+15,2.75355e+11,6.57889e+15,1.8436e+17,7.79149e+08
7.06516e+07,68289,5.72803e+06,1.27186e+29,1.17769e+25,3.42196e+12,0.68842,1.09711e+30,0.03468,4.23786e-05,1.10431e-12,6.31256e-65,1.1318e+15,5.37126e+15,2.71463e+11,6.50333e+15,1.81531e+17,7.67794e+08
7.11516e+07,67760.6,5.70754e+06,1.29335e+29,1.1867e+25,3.44547e+12,0.693326,1.05819e+30,0.03468,4.14524e-05,1.02037e-12,5.30888e-65,1.11724e+15,5.31064e+15,2.67601e+11,6.42815e+15,1.78692e+17,7.5652e+08
7.16516e+07,67232.8,5.687e+06,1.31497e+29,1.19556e+25,3.46895e+12,0.698298,1.0204e+30,0.03468,4.05406e-05,9.42324e-13,4.45975e-65,1.10278e+15,5.25031e+15,2.63769e+11,6.35335e+15,1.75846e+17,7.45327e+08
7.21516e+07,66705.7,5.6664e+06,1.33673e+29,1.20429e+25,3.49243e+12,0.703338,9.83733e+29,0.03468,3.96431e-05,8.69799e-13,3.74221e-65,1.0884e+15,5.19028e+15,2.59968e+11,6.27894e+15,1.72995e+17,7.34217e+08
7.26516e+07,66179.3,5.64574e+06,1.35862e+29,1.21287e+25,3.51588e+12,0.708447,9.4816e+29,0.03468,3.87599e-05,8.02443e-13,3.13658e-65,1.07413e+15,5.13055e+15,2.56197e+11,6.20493e+15,1.7014e+17,7.23191e+08
7.31516e+07,65653.7,5.62503e+06,1.38063e+29,1.2213e+25,3.53932e+12,0.713625,9.13659e+29,0.03468,3.78909e-05,7.39923e-13,2.62602e-65,1.05995e+15,5.07113e+15,2.52458e+11,6.13133e+15,1.67283e+17,7.12248e+08
7.36516e+07,65129,5.60426e+06,1.40277e+29,1.2296e+25,3.56274e+12,0.718874,8.80207e+29,0.03468,3.70361e-05,6.81924e-13,2.19609e-65,1.04586e+15,5.01203e+15,2.48751e+11,6.05814e+15,1.64427e+17,7.01391e+08
7.41516e+07,64605.1,5.58345e+06,1.42503e+29,1.23775e+25,3.58615e+12,0.724193,8.47781e+29,0.03468,3.61953e-05,6.28149e-13,1.83449e-65,1.03188e+15,4.95324e+15,2.45075e+11,5.98537e+15,1.61573e+17,6.90619e+08
7.46516e+07,64082.1,5.56257e+06,1.44742e+29,1.24576e+25,3.60954e+12,0.729586,8.16359e+29,0.03468,3.53685e-05,5.78319e-13,1.53071e-65,1.018e+15,4.89478e+15,2.41431e+11,5.91302e+15,1.58723e+17,6.79934e+08
7.51516e+07,63560.1,5.54165e+06,1.46992e+29,1.25363e+25,3.63292e+12,0.735051,7.85918e+29,0.03468,3.45556e-05,5.32169e-13,1.2758e-65,1.00421e+15,4.83665e+15,2.3782e+11,5.8411e+15,1.5588e+17,6.69337e+08
7.56516e+07,63039.2,5.52068e+06,1.49253e+29,1.26135e+25,3.65627e+12,0.74059,7.56435e+29,0.03468,3.37566e-05,4.89452e-13,1.06216e-65,9.90534e+14,4.77886e+15,2.3424e+11,5.76963e+15,1.53043e+17,6.58828e+08
7.61516e+07,62519.3,5.49967e+06,1.51526e+29,1.26894e+25,3.67962e+12,0.746205,7.27888e+29,0.03468,3.29713e-05,4.49934e-13,8.83305e-66,9.76956e+14,4.7214e+15,2.30694e+11,5.69859e+15,1.50216e+17,6.48407e+08
7.66516e+07,62000.5,5.4786e+06,1.5381e+29,1.27638e+25,3.70294e+12,0.751896,7.00256e+29,0.03468,3.21996e-05,4.13396e-13,7.33747e-66,9.63483e+14,4.66429e+15,2.2718e+11,5.628e+15,1.474e+17,6.38077e+08
7.71516e+07,61482.9,5.4575e+06,1.56104e+29,1.28368e+25,3.72624e+12,0.757665,6.73516e+29,0.03468,3.14415e-05,3.79632e-13,6.08833e-66,9.50114e+14,4.60753e+15,2.23699e+11,5.55787e+15,1.44597e+17,6.27836e+08
7.76516e+07,60966.5,5.43634e+06,1.58409e+29,1.29084e+25,3.74953e+12,0.763512,6.47646e+29,0.03468,3.06969e-05,3.48449e-13,5.04622e-66,9.36851e+14,4.55113e+15,2.20251e+11,5.4882e+15,1.41807e+17,6.17686e+08
7.81516e+07,60451.4,5.41515e+06,1.60725e+29,1.29787e+25,3.77281e+12,0.769438,6.22625e+29,0.03468,2.99656e-05,3.19664e-13,4.17783e-66,9.23695e+14,4.49508e+15,2.16836e+11,5.41899e+15,1.39032e+17,6.07627e+08
7.86516e+07,59937.5,5.39391e+06,1.6305e+29,1.30475e+25,3.79606e+12,0.775445,5.98432e+29,0.03468,2.92476e-05,2.93108e-13,3.45503e-66,9.10646e+14,4.43939e+15,2.13455e+11,5.35025e+15,1.36274e+17,5.97659e+08
7.91516e+07,59425,5.37264e+06,1.65385e+29,1.3115e+25,3.8193e+12,0.781534,5.75046e+29,0.03468,2.85427e-05,2.68622e-13,2.85411e-66,8.97705e+14,4.38407e+15,2.10107e+11,5.28198e+15,1.33535e+17,5.87784e+08
7.96516e+07,58913.9,5.35132e+06,1.67729e+29,1.31811e+25,3.84251e+12,0.787706,5.52446e+29,0.03468,2.78508e-05,2.46057e-13,2.3551e-66,8.84873e+14,4.32912e+15,2.06793e+11,5.2142e+15,1.30814e+17,5.78001e+08
8.01516e+07,58404.2,5.32997e+06,1.70082e+29,1.32459e+25,3.86572e+12,0.793961,5.30611e+29,0.03468,2.71719e-05,2.25274e-13,1.94117e-66,8.7215e+14,4.27454e+15,2.03512e+11,5.14689e+15,1.28114e+17,5.68312e+08
8.06516e+07,57895.9,5.30858e+06,1.72444e+29,1.33093e+25,3.8889e+12,0.800302,5.09521e+29,0.03468,2.65057e-05,2.06141e-13,1.59823e-66,8.59537e+14,4.22034e+15,2.00265e+11,5.08007e+15,1.25436e+17,5.58716e+08
8.11516e+07,57389.2,5.28716e+06,1.74815e+29,1.33713e+25,3.91206e+12,0.806729,4.89157e+29,0.03468,2.58521e-05,1.88538e-13,1.31442e-66,8.47035e+14,4.16652e+15,1.97052e+11,5.01375e+15,1.22781e+17,5.49213e+08
8.16516e+07,56884,5.26571e+06,1.77194e+29,1.34321e+25,3.93521e+12,0.813244,4.69498e+29,0.03468,2.52111e-05,1.72352e-13,1.07981e-66,8.34644e+14,4.11308e+15,1.93873e+11,4.94792e+15,1.20149e+17,5.39805e+08
8.21516e+07,56380.3,5.24422e+06,1.79582e+29,1.34915e+25,3.95834e+12,0.819848,4.50525e+29,0.03468,2.45825e-05,1.57475e-13,8.861e-67,8.22365e+14,4.06003e+15,1.90727e+11,4.88258e+15,1.17543e+17,5.30491e+08
8.26516e+07,55878.3,5.2227e+06,1.81977e+29,1.35497e+25,3.98144e+12,0.826541,4.3222e+29,0.03468,2.39662e-05,1.4381e-13,7.26336e-67,8.10197e+14,4.00736e+15,1.87616e+11,4.81775e+15,1.14962e+17,5.21271e+08
8.31516e+07,55378,5.20115e+06,1.84379e+29,1.36065e+25,4.00453e+12,0.833327,4.14563e+29,0.03468,2.3362e-05,1.31265e-13,5.94722e-67,7.98142e+14,3.95509e+15,1.84538e+11,4.75342e+15,1.12408e+17,5.12147e+08
8.36516e+07,54879.3,5.17957e+06,1.86789e+29,1.36621e+25,4.0276e+12,0.840204,3.97535e+29,0.03468,2.27698e-05,1.19754e-13,4.8642e-67,7.862e+14,3.90322e+15,1.81495e+11,4.6896e+15,1.09882e+17,5.03117e+08
8.41516e+07,54382.4,5.15796e+06,1.89206e+29,1.37165e+25,4.05066e+12,0.847176,3.8112e+29,0.03468,2.21895e-05,1.09197e-13,3.97403e-67,7.74371e+14,3.85174e+15,1.78485e+11,4.62629e+15,1.07384e+17,4.94183e+08
8.46516e+07,53887.3,5.13633e+06,1.91629e+29,1.37695e+25,4.07369e+12,0.854244,3.65298e+29,0.03468,2.16209e-05,9.95213e-14,3.24319e-67,7.62656e+14,3.80066e+15,1.7551e+11,4.5635e+15,1.04915e+17,4.85343e+08
8.51516e+07,53393.9,5.11467e+06,1.94059e+29,1.38214e+25,4.0967e+12,0.861408,3.50053e+29,0.03468,2.10639e-05,9.06571e-14,2.64385e-67,7.51054e+14,3.74999e+15,1.72568e+11,4.50122e+15,1.02477e+17,4.766e+08
8.56516e+07,52902.4,5.09299e+06,1.96495e+29,1.38721e+25,4.1197e+12,0.86867,3.35367e+29,0.03468,2.05183e-05,8.2541e-14,2.1529e-67,7.39567e+14,3.69972e+15,1.6966e+11,4.43945e+15,1.00069e+17,4.67951e+08
8.61516e+07,52412.8,5.07128e+06,1.98937e+29,1.39215e+25,4.14267e+12,0.876032,3.21224e+29,0.03468,1.99841e-05,7.51139e-14,1.75119e-67,7.28194e+14,3.64985e+15,1.66787e+11,4.37821e+15,9.76917e+16,4.59399e+08
8.66516e+07,51925,5.04955e+06,2.01384e+29,1.39698e+25,4.16562e+12,0.883495,3.07607e+29,0.03468,1.9461e-05,6.83208e-14,1.42288e-67,7.16935e+14,3.6004e+15,1.63947e+11,4.31749e+15,9.53464e+16,4.50942e+08
8.71516e+07,51439.2,5.02781e+06,2.03837e+29,1.40169e+25,4.18856e+12,0.89106,2.94499e+29,0.03468,1.89489e-05,6.2111e-14,1.15485e-67,7.0579e+14,3.55135e+15,1.6114e+11,4.2573e+15,9.30335e+16,4.4258e+08
8.76516e+07,50955.4,5.00604e+06,2.06294e+29,1.40629e+25,4.21147e+12,0.898729,2.81886e+29,0.03468,1.84477e-05,5.64373e-14,9.36284e-68,6.9476e+14,3.50271e+15,1.58368e+11,4.19763e+15,9.07533e+16,4.34314e+08
8.81516e+07,50473.5,4.98425e+06,2.08757e+29,1.41077e+25,4.23437e+12,0.906504,2.69751e+29,0.03468,1.79573e-05,5.12563e-14,7.58253e-68,6.83845e+14,3.45449e+15,1.55629e+11,4.13849e+15,8.85062e+16,4.26144e+08
8.86516e+07,49993.7,4.96245e+06,2.11224e+29,1.41514e+25,4.25724e+12,0.914386,2.5808e+29,0.03468,1.74774e-05,4.65276e-14,6.13401e-68,6.73044e+14,3.40669e+15,1.52924e+11,4.07988e+15,8.62927e+16,4.18069e+08
8.91516e+07,49515.9,4.94063e+06,2.13695e+29,1.4194e+25,4.28009e+12,0.922377,2.46857e+29,0.03468,1.70079e-05,4.22141e-14,4.95679e-68,6.62359e+14,3.35929e+15,1.50252e+11,4.0218e+15,8.41131e+16,4.10089e+08
8.96516e+07,49040.2,4.9188e+06,2.1617e+29,1.42356e+25,4.30293e+12,0.930478,2.36068e+29,0.03468,1.65487e-05,3.82813e-14,4.00112e-68,6.51788e+14,3.31232e+15,1.47614e+11,3.96425e+15,8.19677e+16,4.02205e+08
9.01516e+07,48566.7,4.89695e+06,2.18649e+29,1.4276e+25,4.32574e+12,0.938691,2.25699e+29,0.03468,1.60997e-05,3.46977e-14,3.22617e-68,6.41331e+14,3.26576e+15,1.45008e+11,3.90724e+15,7.98568e+16,3.94416e+08
9.06516e+07,48095.2,4.87509e+06,2.21131e+29,1.43154e+25,4.34853e+12,0.947018,2.15737e+29,0.03468,1.56606e-05,3.14338e-14,2.59848e-68,6.30989e+14,3.21962e+15,1.42436e+11,3.85076e+15,7.77806e+16,3.86722e+08
9.11516e+07,47626,4.85322e+06,2.23616e+29,1.43538e+25,4.3713e+12,0.95546,2.06167e+29,0.03468,1.52314e-05,2.84627e-14,2.09063e-68,6.20762e+14,3.17391e+15,1.39897e+11,3.79481e+15,7.57393e+16,3.79123e+08
9.16516e+07,47158.9,4.83133e+06,2.26105e+29,1.43912e+25,4.39405e+12,0.964019,1.96977e+29,0.03468,1.48118e-05,2.57597e-14,1.6802e-68,6.10648e+14,3.12861e+15,1.37391e+11,3.7394e+15,7.3733e+16,3.71618e+08
9.21516e+07,46694,4.80944e+06,2.28595e+29,1.44276e+25,4.41678e+12,0.972697,1.88154e+29,0.03468,1.44018e-05,2.33017e-14,1.34887e-68,6.00649e+14,3.08373e+15,1.34918e+11,3.68452e+15,7.17618e+16,3.64208e+08
9.26516e+07,46231.4,4.78754e+06,2.31088e+29,1.4463e+25,4.43948e+12,0.981495,1.79685e+29,0.03468,1.40011e-05,2.10677e-14,1.0817e-68,5.90764e+14,3.03928e+15,1.32477e+11,3.63017e+15,6.98259e+16,3.56892e+08
9.31516e+07,45771.1,4.76563e+06,2.33583e+29,1.44975e+25,4.46217e+12,0.990416,1.71558e+29,0.03468,1.36097e-05,1.90385e-14,8.66504e-69,5.80992e+14,2.99525e+15,1.30069e+11,3.57637e+15,6.79253e+16,3.49669e+08
9.36516e+07,45313,4.74372e+06,2.3608e+29,1.4531e+25,4.48483e+12,0.999461,1.63762e+29,0.03468,1.32274e-05,1.71961e-14,6.93362e-69,5.71334e+14,2.95163e+15,1.27693e+11,3.5231e+15,6.60599e+16,3.42541e+08
9.41516e+07,44857.3,4.7218e+06,2.38578e+29,1.45636e+25,4.50747e+12,1.00863,1.56284e+29,0.03468,1.2854e-05,1.55243e-14,5.54212e-69,5.61789e+14,2.90845e+15,1.25349e+11,3.47036e+15,6.42299e+16,3.35505e+08
9.46516e+07,44403.9,4.69987e+06,2.41078e+29,1.45952e+25,4.53009e+12,1.01793,1.49114e+29,0.03468,1.24894e-05,1.40081e-14,4.42506e-69,5.52357e+14,2.86568e+15,1.23037e+11,3.41816e+15,6.24351e+16,3.28563e+08
9.51516e+07,43952.8,4.67795e+06,2.43578e+29,1.4626e+25,4.55268e+12,1.02736,1.4224e+29,0.03468,1.21334e-05,1.26336e-14,3.5293e-69,5.43037e+14,2.82334e+15,1.20757e+11,3.3665e+15,6.06754e+16,3.21713e+08
9.56516e+07,43504.2,4.65602e+06,2.46079e+29,1.46559e+25,4.57526e+12,1.03692,1.35652e+29,0.03468,1.1786e-05,1.13884e-14,2.81181e-69,5.3383e+14,2.78142e+15,1.18508e+11,3.31536e+15,5.89509e+16,3.14956e+08
9.61516e+07,43057.9,4.63409e+06,2.48581e+29,1.4685e+25,4.59781e+12,1.04662,1.2934e+29,0.03468,1.14468e-05,1.02608e-14,2.23774e-69,5.24734e+14,2.73992e+15,1.16291e+11,3.26477e+15,5.72612e+16,3.0829e+08
9.66516e+07,42614,4.61216e+06,2.51082e+29,1.47132e+25,4.62034e+12,1.05645,1.23294e+29,0.03468,1.11159e-05,9.24021e-15,1.77893e-69,5.1575e+14,2.69884e+15,1.14105e+11,3.2147e+15,5.56064e+16,3.01716e+08
9.71516e+07,42172.6,4.59023e+06,2.53584e+29,1.47406e+25,4.64284e+12,1.06642,1.17504e+29,0.03468,1.0793e-05,8.31702e-15,1.41266e-69,5.06877e+14,2.65818e+15,1.11951e+11,3.16517e+15,5.39862e+16,2.95233e+08
9.76516e+07,41733.6,4.5683e+06,2.56085e+29,1.47672e+25,4.66532e+12,1.07653,1.1196e+29,0.03468,1.0478e-05,7.48234e-15,1.12058e-69,4.98114e+14,2.61795e+15,1.09827e+11,3.11617e+15,5.24003e+16,2.88841e+08
9.81516e+07,41297.1,4.54637e+06,2.58586e+29,1.47931e+25,4.68778e+12,1.08678,1.06653e+29,0.03468,1.01708e-05,6.72808e-15,8.87921e-70,4.89461e+14,2.57813e+15,1.07733e+11,3.0677e+15,5.08487e+16,2.82539e+08
9.86516e+07,40863.1,4.52445e+06,2.61086e+29,1.48181e+25,4.71022e+12,1.09718,1.01575e+29,0.03468,9.87121e-06,6.04685e-15,7.02802e-70,4.80918e+14,2.53874e+15,1.0567e+11,3.01976e+15,4.9331e+16,2.76327e+08
9.91516e+07,40431.6,4.50253e+06,2.63584e+29,1.48424e+25,4.73263e+12,1.10773,9.67166e+28,0.03468,9.57909e-06,5.43188e-15,5.55672e-70,4.72484e+14,2.49976e+15,1.03638e+11,2.97235e+15,4.7847e+16,2.70204e+08
9.96516e+07,40002.7,4.48062e+06,2.66081e+29,1.4866e+25,4.75502e+12,1.11842,9.20697e+28,0.03468,9.2943e-06,4.87704e-15,4.38865e-70,4.64159e+14,2.4612e+15,1.01635e+11,2.92546e+15,4.63964e+16,2.64171e+08
1.00152e+08,39576.2,4.45871e+06,2.68577e+29,1.48888e+25,4.77739e+12,1.12927,8.76261e+28,0.03468,9.01672e-06,4.37669e-15,3.46235e-70,4.55941e+14,2.42306e+15,9.96617e+10,2.8791e+15,4.49789e+16,2.58225e+08
1.00652e+08,39152.3,4.43682e+06,2.71071e+29,1.4911e+25,4.79973e+12,1.14027,8.33779e+28,0.03468,8.74619e-06,3.92571e-15,2.72858e-70,4.47831e+14,2.38534e+15,9.77182e+10,2.83327e+15,4.35941e+16,2.52368e+08
1.01152e+08,38731,4.41493e+06,2.73562e+29,1.49324e+25,4.82205e+12,1.15142,7.93177e+28,0.03468,8.48259e-06,3.51945e-15,2.14797e-70,4.39828e+14,2.34803e+15,9.5804e+10,2.78795e+15,4.22418e+16,2.46598e+08
1.01652e+08,38312.3,4.39305e+06,2.76052e+29,1.49532e+25,4.84434e+12,1.16274,7.5438e+28,0.03468,8.22577e-06,3.15367e-15,1.68907e-70,4.31932e+14,2.31113e+15,9.39189e+10,2.74316e+15,4.09216e+16,2.40915e+08
1.02152e+08,37896.1,4.37118e+06,2.78538e+29,1.49734e+25,4.86661e+12,1.17422,7.17317e+28,0.03468,7.97561e-06,2.82449e-15,1.32676e-70,4.24141e+14,2.27465e+15,9.20626e+10,2.69888e+15,3.96332e+16,2.35318e+08
1.02652e+08,37482.6,4.34932e+06,2.81022e+29,1.49929e+25,4.88885e+12,1.18586,6.8192e+28,0.03468,7.73196e-06,2.52841e-15,1.04103e-70,4.16455e+14,2.23857e+15,9.02348e+10,2.65512e+15,3.83761e+16,2.29807e+08
1.03152e+08,37071.7,4.32747e+06,2.83502e+29,1.50118e+25,4.91107e+12,1.19767,6.48122e+28,0.03468,7.4947e-06,2.26224e-15,0,4.08873e+14,2.20291e+15,8.84354e+10,2.61187e+15,3.71499e+16,2.24382e+08
1.03652e+08,36663.4,4.30563e+06,2.85979e+29,1.50301e+25,4.93327e+12,1.20965,6.15858e+28,0.03468,7.26369e-06,2.02308e-15,0,4.01396e+14,2.16766e+15,8.6664e+10,2.56914e+15,3.59544e+16,2.19041e+08
1.04152e+08,36257.7,4.28381e+06,2.88453e+29,1.50478e+25,4.95544e+12,1.2218,5.85067e+28,0.03468,7.03881e-06,1.8083e-15,0,3.94021e+14,2.13281e+15,8.49205e+10,2.52691e+15,3.4789e+16,2.13784e+08
1.04652e+08,35854.7,4.26201e+06,2.90923e+29,1.50649e+25,4.97758e+12,1.23412,5.55688e+28,0.03468,6.81992e-06,1.61551e-15,0,3.86749e+14,2.09837e+15,8.32045e+10,2.4852e+15,3.36533e+16,2.08611e+08
1.05152e+08,35454.4,4.24022e+06,2.93389e+29,1.50814e+25,4.9997e+12,1.24663,5.27664e+28,0.03468,6.60691e-06,1.44256e-15,0,3.79579e+14,2.06433e+15,8.15159e+10,2.44399e+15,3.25469e+16,2.0352e+08
1.05652e+08,35056.7,4.21844e+06,2.9585e+29,1.50974e+25,5.0218e+12,1.25931,5.00939e+28,0.03468,6.39964e-06,1.28748e-15,0,3.72509e+14,2.03069e+15,7.98544e+10,2.40328e+15,3.14694e+16,1.98512e+08
1.06152e+08,34661.7,4.19669e+06,2.98307e+29,1.51129e+25,5.04387e+12,1.27218,4.75458e+28,0.03468,6.198e-06,1.14849e-15,0,3.6554e+14,1.99746e+15,7.82196e+10,2.36307e+15,3.04204e+16,1.93586e+08
1.06652e+08,34269.4,4.17495e+06,3.00759e+29,1.51279e+25,5.06591e+12,1.28524,4.5117e+28,0.03468,6.00186e-06,1.024e-15,0,3.58671e+14,1.96462e+15,7.66114e+10,2.32337e+15,2.93993e+16,1.88741e+08
1.07152e+08,33879.8,4.15322e+06,3.03206e+29,1.51423e+25,5.08793e+12,1.29848,4.28025e+28,0.03468,5.8111e-06,9.12539e-16,0,3.519e+14,1.93218e+15,7.50295e+10,2.28415e+15,2.84058e+16,1.83976e+08
1.07652e+08,33492.9,4.13152e+06,3.05648e+29,1.51563e+25,5.10992e+12,1.31192,4.05974e+28,0.03468,5.62561e-06,8.12805e-16,0,3.45228e+14,1.90013e+15,7.34735e+10,2.24543e+15,2.74393e+16,1.79291e+08
1.08152e+08,33108.7,4.10984e+06,3.08085e+29,1.51698e+25,5.13188e+12,1.32555,3.8497e+28,0.03468,5.44526e-06,7.23608e-16,0,3.38653e+14,1.86848e+15,7.19434e+10,2.2072e+15,2.64994e+16,1.74685e+08
1.08652e+08,32727.2,4.08818e+06,3.10516e+29,1.51828e+25,5.15382e+12,1.33939,3.6497e+28,0.03468,5.26994e-06,6.43875e-16,0,3.32174e+14,1.83721e+15,7.04387e+10,2.16946e+15,2.55856e+16,1.70158e+08
1.09152e+08,32348.4,4.06654e+06,3.12941e+29,1.51954e+25,5.17573e+12,1.35342,3.45928e+28,0.03468,5.09954e-06,5.72639e-16,0,3.25792e+14,1.80634e+15,6.89592e+10,2.1322e+15,2.46975e+16,1.65709e+08
1.09652e+08,31972.4,4.04493e+06,3.1536e+29,1.52075e+25,5.19762e+12,1.36767,3.27805e+28,0.03468,4.93394e-06,5.09028e-16,0,3.19504e+14,1.77585e+15,6.75047e+10,2.09542e+15,2.38346e+16,1.61337e+08
1.10152e+08,31599,4.02334e+06,3.17773e+29,1.52192e+25,5.21948e+12,1.38212,3.10559e+28,0.03468,4.77304e-06,4.52255e-16,0,3.1331e+14,1.74574e+15,6.60748e+10,2.05912e+15,2.29964e+16,1.57042e+08
1.10652e+08,31228.4,4.00177e+06,3.20179e+29,1.52305e+25,5.24131e+12,1.39678,2.94153e+28,0.03468,4.61673e-06,4.01611e-16,0,3.0721e+14,1.71602e+15,6.46693e+10,2.0233e+15,2.21825e+16,1.52822e+08
1.11152e+08,30860.6,3.98023e+06,3.22578e+29,1.52414e+25,5.26311e+12,1.41167,2.78549e+28,0.03468,4.46489e-06,3.56457e-16,0,3.01202e+14,1.68668e+15,6.32879e+10,1.98794e+15,2.13922e+16,1.48678e+08
1.11652e+08,30495.5,3.95871e+06,3.24971e+29,1.52519e+25,5.28489e+12,1.42677,2.63711e+28,0.03468,4.31743e-06,3.16221e-16,0,2.95287e+14,1.65771e+15,6.19304e+10,1.95306e+15,2.06253e+16,1.44609e+08
1.12152e+08,30133.1,3.93722e+06,3.27357e+29,1.52621e+25,5.30664e+12,1.44209,2.49606e+28,0.03468,4.17423e-06,2.80383e-16,0,2.89462e+14,1.62912e+15,6.05965e+10,1.91864e+15,1.98811e+16,1.40613e+08
1.12652e+08,29773.5,3.91575e+06,3.29735e+29,1.52718e+25,5.32836e+12,1.45765,2.36201e+28,0.03468,4.03521e-06,2.48481e-16,0,2.83727e+14,1.6009e+15,5.92859e+10,1.88469e+15,1.91593e+16,1.36691e+08
1.13152e+08,29416.6,3.89432e+06,3.32106e+29,1.52812e+25,5.35005e+12,1.47344,2.23464e+28,0.03468,3.90025e-06,2.20097e-16,0,2.78081e+14,1.57305e+15,5.79983e+10,1.85119e+15,1.84593e+16,1.32841e+08
1.13652e+08,29062.4,3.87291e+06,3.34469e+29,1.52903e+25,5.37172e+12,1.48946,2.11364e+28,0.03468,3.76926e-06,1.94856e-16,0,2.72524e+14,1.54557e+15,5.67334e+10,1.81815e+15,1.77807e+16,1.29063e+08
1.14152e+08,28711,3.85153e+06,3.36824e+29,1.5299e+25,5.39336e+12,1.50572,1.99873e+28,0.03468,3.64215e-06,1.72421e-16,0,2.67054e+14,1.51846e+15,5.54911e+10,1.78557e+15,1.7123e+16,1.25357e+08
1.14652e+08,28362.4,3.83018e+06,3.39171e+29,1.53074e+25,5.41497e+12,1.52222,1.88962e+28,0.03468,3.51881e-06,1.52491e-16,0,2.61672e+14,1.4917e+15,5.42709e+10,1.75343e+15,1.64857e+16,1.2172e+08
1.15152e+08,28016.5,3.80886e+06,3.4151e+29,1.53155e+25,5.43655e+12,1.53898,1.78605e+28,0.03468,3.39915e-06,1.34796e-16,0,2.56375e+14,1.46531e+15,5.30727e+10,1.72174e+15,1.58684e+16,1.18154e+08
1.15652e+08,27673.4,3.78757e+06,3.4384e+29,1.53233e+25,5.4581e+12,1.55598,1.68776e+28,0.03468,3.28309e-06,1.19094e-16,0,2.51162e+14,1.43927e+15,5.18961e+10,1.69049e+15,1.52706e+16,1.14656e+08
1.16152e+08,27333,3.76632e+06,3.46162e+29,1.53308e+25,5.47963e+12,1.57325,1.59451e+28,0.03468,3.17052e-06,1.05166e-16,0,2.46035e+14,1.41359e+15,5.07409e+10,1.65968e+15,1.46919e+16,1.11227e+08
1.16652e+08,26995.3,3.74509e+06,3.48475e+29,1.5338e+25,5.50112e+12,1.59077,1.50605e+28,0.03468,3.06137e-06,9.28192e-17,0,2.4099e+14,1.38826e+15,4.96068e+10,1.6293e+15,1.41317e+16,1.07866e+08
1.17152e+08,26660.4,3.7239e+06,3.50779e+29,1.5345e+25,5.52259e+12,1.60856,1.42216e+28,0.03468,2.95554e-06,8.18798e-17,0,2.36028e+14,1.36328e+15,4.84935e+10,1.59936e+15,1.35897e+16,1.04572e+08
1.17652e+08,26328.2,3.70275e+06,3.53074e+29,1.53516e+25,5.54402e+12,1.62662,1.34263e+28,0.03468,2.85295e-06,7.21923e-17,0,2.31147e+14,1.33865e+15,4.74009e+10,1.56984e+15,1.30654e+16,1.01344e+08
1.18152e+08,25998.8,3.68162e+06,3.5536e+29,1.5358e+25,5.56543e+12,1.64496,1.26725e+28,0.03468,2.75352e-06,6.3618e-17,0,2.26347e+14,1.31436e+15,4.63285e+10,1.54075e+15,1.25583e+16,9.81817e+07
1.18652e+08,25672.1,3.66054e+06,3.57636e+29,1.53642e+25,5.58681e+12,1.66358,1.19581e+28,0.03468,2.65716e-06,5.60329e-17,0,2.21627e+14,1.29041e+15,4.52761e+10,1.51208e+15,1.2068e+16,9.50842e+07
1.19152e+08,25348.2,3.63948e+06,3.59903e+29,1.53701e+25,5.60815e+12,1.68248,1.12814e+28,0.03468,2.56379e-06,4.93265e-17,0,2.16985e+14,1.2668e+15,4.42435e+10,1.48383e+15,1.15942e+16,9.2051e+07
1.19652e+08,25027,3.61847e+06,3.62159e+29,1.53758e+25,5.62947e+12,1.70167,1.06404e+28,0.03468,2.47334e-06,4.34002e-17,0,2.12422e+14,1.24352e+15,4.32304e+10,1.45599e+15,1.11362e+16,8.90813e+07
1.20152e+08,24708.5,3.59749e+06,3.64406e+29,1.53813e+25,5.65076e+12,1.72116,1.00334e+28,0.03468,2.38572e-06,3.81658e-17,0,2.07936e+14,1.22058e+15,4.22365e+10,1.42856e+15,1.06939e+16,8.61744e+07
1.20652e+08,24392.7,3.57655e+06,3.66643e+29,1.53865e+25,5.67202e+12,1.74094,9.45876e+27,0.03468,2.30087e-06,3.35452e-17,0,2.03526e+14,1.19797e+15,4.12615e+10,1.40153e+15,1.02666e+16,8.33296e+07
1.21152e+08,24079.7,3.55564e+06,3.68869e+29,1.53915e+25,5.69324e+12,1.76104,8.9149e+27,0.03468,2.2187e-06,2.94685e-17,0,1.99191e+14,1.17568e+15,4.03053e+10,1.37491e+15,9.85412e+15,8.05462e+07
1.21652e+08,23769.4,3.53477e+06,3.71085e+29,1.53964e+25,5.71444e+12,1.78144,8.40029e+27,0.03468,2.13915e-06,2.58736e-17,0,1.94931e+14,1.15372e+15,3.93674e+10,1.34869e+15,9.45591e+15,7.78235e+07
1.22152e+08,23461.8,3.51395e+06,3.73291e+29,1.5401e+25,5.7356e+12,1.80217,7.91347e+27,0.03468,2.06213e-06,2.27052e-17,0,1.90745e+14,1.13208e+15,3.84478e+10,1.32286e+15,9.07164e+15,7.51608e+07
1.22652e+08,23156.8,3.49316e+06,3.75486e+29,1.54054e+25,5.75674e+12,1.82321,7.45306e+27,0.03468,1.9876e-06,1.99143e-17,0,1.86631e+14,1.11075e+15,3.7546e+10,1.29742e+15,8.70089e+15,7.25575e+07
1.23152e+08,22854.6,3.47241e+06,3.77669e+29,1.54097e+25,5.77784e+12,1.84459,7.01772e+27,0.03468,1.91546e-06,1.74571e-17,0,1.82589e+14,1.08975e+15,3.66618e+10,1.27237e+15,8.3433e+15,7.00128e+07
1.23652e+08,22555.1,3.4517e+06,3.79842e+29,1.54138e+25,5.79891e+12,1.8663,6.60621e+27,0.03468,1.84567e-06,1.5295e-17,0,1.78618e+14,1.06905e+15,3.57951e+10,1.24771e+15,7.99849e+15,6.7526e+07
1.24152e+08,22258.3,3.43104e+06,3.82004e+29,1.54177e+25,5.81995e+12,1.88835,6.2173e+27,0.03468,1.77815e-06,1.33935e-17,0,1.74718e+14,1.04867e+15,3.49455e+10,1.22342e+15,7.66608e+15,6.50966e+07
1.24652e+08,21964.1,3.41041e+06,3.84155e+29,1.54215e+25,5.84096e+12,1.91074,5.84986e+27,0.03468,1.71283e-06,1.17221e-17,0,1.70886e+14,1.02859e+15,3.41127e+10,1.19951e+15,7.34572e+15,6.27237e+07
1.25152e+08,21672.6,3.38983e+06,3.86294e+29,1.54251e+25,5.86194e+12,1.9335,5.50278e+27,0.03468,1.64967e-06,1.02537e-17,0,1.67123e+14,1.00881e+15,3.32966e+10,1.17597e+15,7.03705e+15,6.04066e+07
1.25652e+08,21383.8,3.36928e+06,3.88421e+29,1.54285e+25,5.88288e+12,1.95661,5.17501e+27,0.03468,1.58859e-06,8.96447e-18,0,1.63428e+14,9.89334e+14,3.24968e+10,1.1528e+15,6.73973e+15,5.81449e+07
1.26152e+08,21097.6,3.34879e+06,3.90537e+29,1.54318e+25,5.9038e+12,1.98009,4.86556e+27,0.03468,1.52953e-06,7.83309e-18,0,1.59799e+14,9.70157e+14,3.17132e+10,1.12999e+15,6.4534e+15,5.59376e+07
1.26652e+08,20814.1,3.32833e+06,3.92642e+29,1.5435e+25,5.92468e+12,2.00394,4.57348e+27,0.03468,1.47245e-06,6.84077e-18,0,1.56236e+14,9.51273e+14,3.09454e+10,1.10754e+15,6.17774e+15,5.37842e+07
1.27152e+08,20533.3,3.30792e+06,3.94734e+29,1.5438e+25,5.94552e+12,2.02817,4.29787e+27,0.03468,1.41727e-06,5.97091e-18,0,1.52738e+14,9.32681e+14,3.01932e+10,1.08545e+15,5.91241e+15,5.1684e+07
1.27652e+08,20255,3.28755e+06,3.96814e+29,1.54409e+25,5.96634e+12,2.05279,4.03785e+27,0.03468,1.36395e-06,5.20881e-18,0,1.49305e+14,9.14378e+14,2.94565e+10,1.06371e+15,5.6571e+15,4.96363e+07
1.28152e+08,19979.4,3.26723e+06,3.98883e+29,1.54436e+25,5.98712e+12,2.07781,3.79261e+27,0.03468,1.31243e-06,4.54148e-18,0,1.45934e+14,8.96361e+14,2.87348e+10,1.04232e+15,5.4115e+15,4.76405e+07
1.28652e+08,19706.4,3.24695e+06,4.00939e+29,1.54463e+25,6.00787e+12,2.10323,3.56136e+27,0.03468,1.26266e-06,3.95747e-18,0,1.42626e+14,8.78626e+14,2.80281e+10,1.02128e+15,5.17529e+15,4.56959e+07
1.29152e+08,19436,3.22672e+06,4.02982e+29,1.54488e+25,6.02859e+12,2.12905,3.34338e+27,0.03468,1.21459e-06,3.44665e-18,0,1.39379e+14,8.61171e+14,2.7336e+10,1.00058e+15,4.94818e+15,4.38019e+07
1.29652e+08,19168.2,3.20653e+06,4.05014e+29,1.54512e+25,6.04927e+12,2.1553,3.13793e+27,0.03468,1.16816e-06,3.0001e-18,0,1.36193e+14,8.43993e+14,2.66584e+10,9.80212e+14,4.72987e+15,4.19577e+07
1.30152e+08,18903,3.18639e+06,4.07032e+29,1.54536e+25,6.06992e+12,2.18197,2.94436e+27,0.03468,1.12333e-06,2.60995e-18,0,1.33067e+14,8.27088e+14,2.59949e+10,9.60181e+14,4.52008e+15,4.01628e+07
1.30652e+08,18640.4,3.1663e+06,4.09039e+29,1.54558e+25,6.09053e+12,2.20908,2.76203e+27,0.03468,1.08004e-06,2.26927e-18,0,1.3e+14,8.10454e+14,2.53454e+10,9.4048e+14,4.31852e+15,3.84165e+07
1.31152e+08,18380.4,3.14626e+06,4.11032e+29,1.54579e+25,6.11112e+12,2.23663,2.59032e+27,0.03468,1.03826e-06,1.97195e-18,0,1.26992e+14,7.94088e+14,2.47096e+10,9.21104e+14,4.12493e+15,3.67181e+07
1.31652e+08,18122.9,3.12626e+06,4.13012e+29,1.54599e+25,6.13166e+12,2.26463,2.42866e+27,0.03468,9.97933e-07,1.71261e-18,0,1.2404e+14,7.77986e+14,2.40874e+10,9.02051e+14,3.93904e+15,3.50671e+07
1.32152e+08,17867.9,3.10631e+06,4.1498e+29,1.54618e+25,6.15218e+12,2.2931,2.27649e+27,0.03468,9.59019e-07,1.48654e-18,0,1.21146e+14,7.62147e+14,2.34784e+10,8.83316e+14,3.76059e+15,3.34627e+07
1.32652e+08,17615.5,3.08641e+06,4.16935e+29,1.54637e+25,6.17265e+12,2.32203,2.13331e+27,0.03468,9.21473e-07,1.28958e-18,0,1.18307e+14,7.46566e+14,2.28824e+10,8.64896e+14,3.58932e+15,3.19044e+07
1.33152e+08,17365.6,3.06655e+06,4.18876e+29,1.54654e+25,6.1931e+12,2.35143,1.99861e+27,0.03468,8.85252e-07,1.11808e-18,0,1.15523e+14,7.31242e+14,2.22993e+10,8.46787e+14,3.42499e+15,3.03916e+07
1.33652e+08,17118.2,3.04675e+06,4.20805e+29,1.54671e+25,6.21351e+12,2.38133,1.87192e+27,0.03468,8.50317e-07,9.68823e-19,0,1.12793e+14,7.1617e+14,2.17288e+10,8.28985e+14,3.26737e+15,2.89235e+07
1.34152e+08,16873.4,3.02699e+06,4.2272e+29,1.54687e+25,6.23388e+12,2.41172,1.7528e+27,0.03468,8.16625e-07,8.3901e-19,0,1.10117e+14,7.01348e+14,2.11707e+10,8.11486e+14,3.11621e+15,2.74997e+07
1.34652e+08,16631,3.00729e+06,4.24622e+29,1.54702e+25,6.25422e+12,2.44262,1.64083e+27,0.03468,7.8414e-07,7.2617e-19,0,1.07493e+14,6.86773e+14,2.06248e+10,7.94288e+14,2.97129e+15,2.61195e+07
1.35152e+08,16391.1,2.98763e+06,4.2651e+29,1.54717e+25,6.27452e+12,2.47404,1.5356e+27,0.03468,7.52821e-07,6.2814e-19,0,1.04922e+14,6.72443e+14,2.00908e+10,7.77385e+14,2.83238e+15,2.47822e+07
1.35652e+08,16153.7,2.96803e+06,4.28385e+29,1.5473e+25,6.29479e+12,2.50599,1.43673e+27,0.03468,7.22634e-07,5.43025e-19,0,1.02401e+14,6.58354e+14,1.95687e+10,7.60774e+14,2.69929e+15,2.34873e+07
1.36152e+08,15918.7,2.94847e+06,4.30247e+29,1.54744e+25,6.31502e+12,2.53847,1.34387e+27,0.03468,6.9354e-07,4.69168e-19,0,9.99304e+13,6.44503e+14,1.9058e+10,7.44453e+14,2.57178e+15,2.22342e+07
1.36652e+08,15686.2,2.92897e+06,4.32094e+29,1.54756e+25,6.33522e+12,2.5715,1.25667e+27,0.03468,6.65506e-07,4.05117e-19,0,9.75094e+13,6.30888e+14,1.85588e+10,7.28416e+14,2.44967e+15,2.10223e+07
1.37152e+08,15456.1,2.90952e+06,4.33928e+29,1.54768e+25,6.35538e+12,2.60509,1.17481e+27,0.03468,6.38496e-07,3.49602e-19,0,9.51373e+13,6.17505e+14,1.80706e+10,7.12661e+14,2.33276e+15,1.9851e+07
1.37652e+08,15228.4,2.89012e+06,4.35749e+29,1.5478e+25,6.3755e+12,2.63925,1.09798e+27,0.03468,6.12479e-07,3.01514e-19,0,9.28131e+13,6.04353e+14,1.75935e+10,6.97183e+14,2.22085e+15,1.87198e+07
1.38152e+08,15003.1,2.87077e+06,4.37555e+29,1.5479e+25,6.39559e+12,2.674,1.02589e+27,0.03468,5.87422e-07,2.59885e-19,0,9.05362e+13,5.91427e+14,1.7127e+10,6.8198e+14,2.11375e+15,1.7628e+07
1.38652e+08,14780.3,2.85147e+06,4.39348e+29,1.54801e+25,6.41564e+12,2.70934,9.58276e+26,0.03468,5.63292e-07,2.23868e-19,0,8.83058e+13,5.78725e+14,1.66711e+10,6.67047e+14,2.0113e+15,1.6575e+07
1.39152e+08,14559.8,2.83223e+06,4.41127e+29,1.5481e+25,6.43566e+12,2.74528,8.94867e+26,0.03468,5.40061e-07,1.92726e-19,0,8.61212e+13,5.66244e+14,1.62256e+10,6.52381e+14,1.9133e+15,1.55604e+07
1.39652e+08,14341.7,2.81303e+06,4.42892e+29,1.5482e+25,6.45563e+12,2.78185,8.3542e+26,0.03468,5.17697e-07,1.65815e-19,0,8.39817e+13,5.53982e+14,1.57903e+10,6.37979e+14,1.81961e+15,1.45835e+07
1.40152e+08,14125.9,2.7939e+06,4.44643e+29,1.54829e+25,6.47557e+12,2.81904,7.79703e+26,0.03468,4.96173e-07,1.42573e-19,0,8.18865e+13,5.41935e+14,1.53649e+10,6.23837e+14,1.73004e+15,1.36438e+07
1.40652e+08,13912.5,2.77481e+06,4.4638e+29,1.54837e+25,6.49547e+12,2.85689,7.27497e+26,0.03468,4.7546e-07,1.22514e-19,0,7.9835e+13,5.30101e+14,1.49494e+10,6.09951e+14,1.64444e+15,1.27408e+07
1.41152e+08,13701.4,2.75578e+06,4.48103e+29,1.54845e+25,6.51534e+12,2.89539,6.78594e+26,0.03468,4.55531e-07,1.05212e-19,0,7.78264e+13,5.18477e+14,1.45434e+10,5.96318e+14,1.56266e+15,1.18738e+07
1.41652e+08,13492.6,2.7368e+06,4.49811e+29,1.54853e+25,6.53516e+12,2.93456,6.32797e+26,0.03468,4.36359e-07,9.02965e-20,0,7.586e+13,5.07061e+14,1.41469e+10,5.82935e+14,1.48455e+15,1.10424e+07
1.42152e+08,13286.2,2.71787e+06,4.51506e+29,1.5486e+25,6.55495e+12,2.97442,5.89921e+26,0.03468,4.1792e-07,7.7447e-20,0,7.39351e+13,4.95849e+14,1.37597e+10,5.69798e+14,1.40996e+15,1.02459e+07
1.42652e+08,13082,2.699e+06,4.53186e+29,1.54867e+25,6.5747e+12,3.01498,5.49792e+26,0.03468,4.00187e-07,6.6384e-20,0,7.20511e+13,4.84839e+14,1.33815e+10,5.56903e+14,1.33875e+15,9.48398e+06
1.43152e+08,12880.1,2.68019e+06,4.54852e+29,1.54873e+25,6.59441e+12,3.05626,5.12243e+26,0.03468,3.83138e-07,5.68651e-20,0,7.02073e+13,4.74028e+14,1.30122e+10,5.44248e+14,1.27079e+15,8.75595e+06
1.43652e+08,12680.4,2.66143e+06,4.56504e+29,1.5488e+25,6.61409e+12,3.09827,4.77118e+26,0.03468,3.66748e-07,4.868e-20,0,6.84029e+13,4.63414e+14,1.26517e+10,5.31829e+14,1.20596e+15,8.06133e+06
1.44152e+08,12483,2.64272e+06,4.58141e+29,1.54885e+25,6.63372e+12,3.14103,4.44272e+26,0.03468,3.50994e-07,4.16461e-20,0,6.66374e+13,4.52993e+14,1.22997e+10,5.19643e+14,1.14411e+15,7.39958e+06
1.44652e+08,12287.9,2.62407e+06,4.59764e+29,1.54891e+25,6.65332e+12,3.18454,4.13563e+26,0.03468,3.35855e-07,3.56055e-20,0,6.49101e+13,4.42763e+14,1.19561e+10,5.07685e+14,1.08514e+15,6.7702e+06
1.45152e+08,12094.9,2.60547e+06,4.61373e+29,1.54896e+25,6.67287e+12,3.22884,3.84863e+26,0.03468,3.21309e-07,3.04212e-20,0,6.32203e+13,4.32722e+14,1.16208e+10,4.95954e+14,1.02891e+15,6.17266e+06
1.45652e+08,11904.2,2.58693e+06,4.62968e+29,1.54901e+25,6.69239e+12,3.27393,3.58046e+26,0.03468,3.07335e-07,2.59746e-20,0,6.15673e+13,4.22867e+14,1.12935e+10,4.84446e+14,9.75332e+14,5.60644e+06
1.46152e+08,11715.6,2.56844e+06,4.64548e+29,1.54906e+25,6.71187e+12,3.31984,3.32997e+26,0.03468,2.93914e-07,2.21633e-20,0,5.99507e+13,4.13196e+14,1.09741e+10,4.73157e+14,9.24278e+14,5.07105e+06
1.46652e+08,11529.2,2.55001e+06,4.66113e+29,1.54911e+25,6.7313e+12,3.36658,3.09606e+26,0.03468,2.81025e-07,1.88986e-20,0,5.83696e+13,4.03705e+14,1.06625e+10,4.62085e+14,8.75649e+14,4.56596e+06
1.47152e+08,11345,2.53164e+06,4.67664e+29,1.54915e+25,6.7507e+12,3.41417,2.8777e+26,0.03468,2.6865e-07,1.6104e-20,0,5.68235e+13,3.94392e+14,1.03585e+10,4.51226e+14,8.29341e+14,4.09067e+06
1.47652e+08,11163,2.51332e+06,4.69201e+29,1.54919e+25,6.77006e+12,3.46263,2.67391e+26,0.03468,2.56771e-07,1.37134e-20,0,5.53118e+13,3.85255e+14,1.00619e+10,4.40576e+14,7.85257e+14,3.64467e+06
1.48152e+08,10983,2.49506e+06,4.70724e+29,1.54923e+25,6.78937e+12,3.51197,2.48378e+26,0.03468,2.45369e-07,1.16697e-20,0,5.38339e+13,3.76291e+14,9.77262e+09,4.30134e+14,7.433e+14,3.22745e+06
1.48652e+08,10805.2,2.47685e+06,4.72231e+29,1.54926e+25,6.80865e+12,3.56222,2.30645e+26,0.03468,2.34427e-07,9.92377e-21,0,5.23891e+13,3.67497e+14,9.49049e+09,4.19896e+14,7.03381e+14,2.83851e+06
1.49152e+08,10629.5,2.4587e+06,4.73725e+29,1.5493e+25,6.82789e+12,3.6134,2.1411e+26,0.03468,2.23929e-07,8.43321e-21,0,5.0977e+13,3.58872e+14,9.21536e+09,4.09858e+14,6.65411e+14,2.47734e+06
1.49652e+08,10455.9,2.44061e+06,4.75204e+29,1.54933e+25,6.84708e+12,3.66553,1.98697e+26,0.03468,2.13859e-07,7.16155e-21,0,4.95968e+13,3.50412e+14,8.94708e+09,4.00018e+14,6.29305e+14,2.14342e+06
1.50152e+08,10284.3,2.42257e+06,4.76668e+29,1.54936e+25,6.86623e+12,3.71862,1.84334e+26,0.03468,2.04201e-07,6.07737e-21,0,4.8248e+13,3.42116e+14,8.68551e+09,3.90373e+14,5.94982e+14,1.83623e+06
1.50652e+08,10114.9,2.40459e+06,4.78119e+29,1.54939e+25,6.88534e+12,3.77271,1.70954e+26,0.03468,1.94939e-07,5.15368e-21,0,4.693e+13,3.33981e+14,8.43052e+09,3.80919e+14,5.62363e+14,1.55525e+06
1.51152e+08,9947.41,2.38667e+06,4.79554e+29,1.54942e+25,6.90441e+12,3.82782,1.58494e+26,0.03468,1.8606e-07,4.36726e-21,0,4.56424e+13,3.26004e+14,8.18197e+09,3.71654e+14,5.31372e+14,1.29995e+06
1.51652e+08,9781.99,2.3688e+06,4.80975e+29,1.54944e+25,6.92344e+12,3.88396,1.46893e+26,0.03468,1.77549e-07,3.69818e-21,0,4.43844e+13,3.18183e+14,7.93971e+09,3.62575e+14,5.01937e+14,1.06977e+06
1.52152e+08,9618.59,2.35099e+06,4.82382e+29,1.54947e+25,6.94243e+12,3.94116,1.36097e+26,0.03468,1.69392e-07,3.12934e-21,0,4.31556e+13,3.10516e+14,7.70363e+09,3.53679e+14,4.73988e+14,864162
1.52652e+08,9457.19,2.33324e+06,4.83775e+29,1.54949e+25,6.96137e+12,3.99945,1.26052e+26,0.03468,1.61576e-07,2.64607e-21,0,4.19555e+13,3.03e+14,7.47359e+09,3.44963e+14,4.47457e+14,682534
1.53152e+08,9297.78,2.31555e+06,4.85152e+29,1.54951e+25,6.98027e+12,4.05885,1.16709e+26,0.03468,1.54088e-07,2.23578e-21,0,4.07834e+13,2.95633e+14,7.24945e+09,3.36424e+14,4.22281e+14,524274
1.53652e+08,9140.33,2.29791e+06,4.86516e+29,1.54953e+25,6.99913e+12,4.11939,1.08021e+26,0.03468,1.46917e-07,1.8877e-21,0,3.96389e+13,2.88414e+14,7.0311e+09,3.28059e+14,3.98397e+14,388728
1.54152e+08,8984.84,2.28033e+06,4.87865e+29,1.54955e+25,7.01795e+12,4.18109,9.99466e+25,0.03468,1.40049e-07,1.59262e-21,0,3.85214e+13,2.81338e+14,6.8184e+09,3.19867e+14,3.75746e+14,275192
1.54652e+08,8831.29,2.26281e+06,4.892e+29,1.54957e+25,7.03672e+12,4.24399,9.24434e+25,0.03468,1.33473e-07,1.34265e-21,0,3.74304e+13,2.74405e+14,6.61124e+09,3.11842e+14,3.54271e+14,182887
1.55152e+08,8679.66,2.24535e+06,4.9052e+29,1.54959e+25,7.05545e+12,4.3081,8.54737e+25,0.03468,1.27178e-07,1.13106e-21,0,3.63655e+13,2.67613e+14,6.4095e+09,3.03985e+14,3.33916e+14,110931
1.55652e+08,8529.94,2.22794e+06,4.91826e+29,1.5496e+25,7.07413e+12,4.37346,7.90016e+25,0.03468,1.21154e-07,9.52072e-22,0,3.53261e+13,2.60958e+14,6.21305e+09,2.9629e+14,3.1463e+14,58279.1
1.56152e+08,8382.12,2.21059e+06,4.93118e+29,1.54962e+25,7.09277e+12,4.4401,7.29937e+25,0.03468,1.15389e-07,8.0079e-22,0,3.43116e+13,2.54439e+14,6.02178e+09,2.88756e+14,2.96361e+14,23619.9
1.56652e+08,8236.18,2.1933e+06,4.94396e+29,1.54963e+25,7.11137e+12,4.50805,6.74186e+25,0.03468,1.09874e-07,6.73018e-22,0,3.33218e+13,2.48053e+14,5.83558e+09,2.81381e+14,2.79062e+14,7430.42
1.57152e+08,8092.1,2.17607e+06,4.95659e+29,1.54965e+25,7.12992e+12,4.57735,6.22467e+25,0.03468,1.04599e-07,5.65187e-22,0,3.23559e+13,2.41799e+14,5.65434e+09,2.74161e+14,2.62686e+14,2792.41
1.57652e+08,7949.87,2.1589e+06,4.96908e+29,1.54966e+25,7.14843e+12,4.64801,5.74507e+25,0.03468,9.95549e-08,4.74254e-22,0,3.14137e+13,2.35674e+14,5.47793e+09,2.67094e+14,2.47189e+14,971.204
1.58152e+08,7809.48,2.14178e+06,4.98143e+29,1.54967e+25,7.1669e+12,4.72008,5.30046e+25,0.03468,9.4732e-08,3.97631e-22,0,3.04945e+13,2.29677e+14,5.30627e+09,2.60177e+14,2.32528e+14,309.722
1.58652e+08,7670.9,2.12472e+06,4.99363e+29,1.54968e+25,7.18532e+12,4.7936,4.88844e+25,0.03468,9.01219e-08,3.33116e-22,0,2.9598e+13,2.23805e+14,5.13923e+09,2.53408e+14,2.18663e+14,57.6969
1.59152e+08,7534.14,2.10772e+06,5.0057e+29,1.54969e+25,7.20369e+12,4.86859,4.50676e+25,0.03468,8.5716e-08,2.7884e-22,0,2.87237e+13,2.18055e+14,4.97671e+09,2.46784e+14,2.05554e+14,7.33614
1.59652e+08,7399.16,2.09078e+06,5.01762e+29,1.5497e+25,7.22202e+12,4.9451,4.15331e+25,0.03468,8.15062e-08,2.33213e-22,0,2.78712e+13,2.12428e+14,4.81862e+09,2.40304e+14,1.93165e+14,0.918221
1.60152e+08,7265.95,2.07389e+06,5.02941e+29,1.54971e+25,7.2403e+12,5.02316,3.8261e+25,0.03468,7.74846e-08,1.9489e-22,0,2.70399e+13,2.06919e+14,4.66484e+09,2.33963e+14,1.8146e+14,0.114951
1.60652e+08,7134.5,2.05707e+06,5.04105e+29,1.54972e+25,7.25854e+12,5.10281,3.52332e+25,0.03468,7.36436e-08,1.62726e-22,0,2.62296e+13,2.01527e+14,4.51529e+09,2.27761e+14,1.70404e+14,0.0144045
1.61152e+08,7004.8,2.0403e+06,5.05255e+29,1.54973e+25,7.27673e+12,5.18409,3.24323e+25,0.03468,6.9976e-08,1.35754e-22,0,2.54397e+13,1.96251e+14,4.36986e+09,2.21695e+14,1.59965e+14,0.00181852
1.61652e+08,6876.83,2.02359e+06,5.06392e+29,1.54974e+25,7.29487e+12,5.26705,2.98422e+25,0.03468,6.64747e-08,1.13156e-22,0,2.46698e+13,1.91087e+14,4.22846e+09,2.15761e+14,1.50112e+14,0.000114909
1.62152e+08,6750.58,2.00694e+06,5.07514e+29,1.54975e+25,7.31297e+12,5.35172,2.74481e+25,0.03468,6.31328e-08,9.42366e-23,0,2.39196e+13,1.86036e+14,4.09099e+09,2.09959e+14,1.40815e+14,0
1.62652e+08,6626.02,1.99035e+06,5.08623e+29,1.54975e+25,7.33102e+12,5.43815,2.52358e+25,0.03468,5.99439e-08,7.84116e-23,0,2.31885e+13,1.81093e+14,3.95737e+09,2.04286e+14,1.32046e+14,0
1.63152e+08,6503.15,1.97381e+06,5.09718e+29,1.54976e+25,7.34903e+12,5.52639,2.31924e+25,0.03468,5.69015e-08,6.5186e-23,0,2.24763e+13,1.76259e+14,3.82749e+09,1.98739e+14,1.23777e+14,0
1.63652e+08,6381.95,1.95734e+06,5.10799e+29,1.54976e+25,7.36698e+12,5.61648,2.13057e+25,0.03468,5.39997e-08,5.41424e-23,0,2.17825e+13,1.7153e+14,3.70128e+09,1.93316e+14,1.15983e+14,0
1.64152e+08,6262.4,1.94092e+06,5.11867e+29,1.54977e+25,7.38489e+12,5.70846,1.95644e+25,0.03468,5.12325e-08,4.49288e-23,0,2.11067e+13,1.66905e+14,3.57865e+09,1.88015e+14,1.08639e+14,0
1.64652e+08,6144.5,1.92456e+06,5.1292e+29,1.54978e+25,7.40276e+12,5.8024,1.79578e+25,0.03468,4.85944e-08,3.72489e-23,0,2.04485e+13,1.62382e+14,3.45951e+09,1.82834e+14,1.01722e+14,0
1.65152e+08,6028.22,1.90826e+06,5.13961e+29,1.54978e+25,7.42057e+12,5.89834,1.64761e+25,0.03468,4.60799e-08,3.0853e-23,0,1.98077e+13,1.5796e+14,3.34377e+09,1.77771e+14,9.52085e+13,0
1.65652e+08,5913.55,1.89201e+06,5.14987e+29,1.54978e+25,7.43833e+12,5.99634,1.51101e+25,0.03468,4.36837e-08,2.55313e-23,0,1.91837e+13,1.53636e+14,3.23136e+09,1.72823e+14,8.90777e+13,0
1.66152e+08,5800.48,1.87583e+06,5.16001e+29,1.54979e+25,7.45605e+12,6.09645,1.38514e+25,0.03468,4.14009e-08,2.11075e-23,0,1.85763e+13,1.49409e+14,3.1222e+09,1.67989e+14,8.33092e+13,0
1.66652e+08,5688.99,1.8597e+06,5.17e+29,1.54979e+25,7.47372e+12,6.19872,1.2692e+25,0.03468,3.92266e-08,1.74333e-23,0,1.7985e+13,1.45278e+14,3.0162e+09,1.63266e+14,7.78835e+13,0
1.67152e+08,5579.07,1.84363e+06,5.17987e+29,1.5498e+25,7.49134e+12,6.30322,1.16244e+25,0.03468,3.71562e-08,1.43847e-23,0,1.74096e+13,1.41239e+14,2.91329e+09,1.58652e+14,7.2782e+13,0
1.67652e+08,5470.7,1.82762e+06,5.1896e+29,1.5498e+25,7.50891e+12,6.41001,1.06418e+25,0.03468,3.51851e-08,1.18576e-23,0,1.68496e+13,1.37293e+14,2.81339e+09,1.54146e+14,6.79873e+13,0
1.68152e+08,5363.88,1.81166e+06,5.1992e+29,1.5498e+25,7.52643e+12,6.51914,9.73789e+24,0.03468,3.33092e-08,9.76466e-24,0,1.63048e+13,1.33437e+14,2.71643e+09,1.49745e+14,6.34825e+13,0
1.68652e+08,5258.57,1.79577e+06,5.20867e+29,1.54981e+25,7.5439e+12,6.63069,8.90661e+24,0.03468,3.15241e-08,8.03305e-24,0,1.57748e+13,1.2967e+14,2.62234e+09,1.45447e+14,5.92518e+13,0
1.69152e+08,5154.78,1.77993e+06,5.218e+29,1.54981e+25,7.56132e+12,6.74472,8.14249e+24,0.03468,2.9826e-08,6.60177e-24,0,1.52593e+13,1.25989e+14,2.53105e+09,1.41251e+14,5.52799e+13,0
1.69652e+08,5052.48,1.76415e+06,5.22721e+29,1.54981e+25,7.57869e+12,6.8613,7.44041e+24,0.03468,2.82111e-08,5.4199e-24,0,1.47579e+13,1.22394e+14,2.44247e+09,1.37154e+14,5.15526e+13,0
1.70152e+08,4951.66,1.74843e+06,5.23628e+29,1.54981e+25,7.59601e+12,6.9805,6.79562e+24,0.03468,2.66756e-08,4.44496e-24,0,1.42704e+13,1.18883e+14,2.35656e+09,1.33155e+14,4.8056e+13,0
1.70652e+08,4852.31,1.73276e+06,5.24523e+29,1.54982e+25,7.61328e+12,7.1024,6.20369e+24,0.03468,2.52161e-08,3.64153e-24,0,1.37964e+13,1.15454e+14,2.27323e+09,1.29252e+14,4.47772e+13,0
1.71152e+08,4754.41,1.71715e+06,5.25405e+29,1.54982e+25,7.6305e+12,7.22707,5.66055e+24,0.03468,2.38291e-08,2.98013e-24,0,1.33356e+13,1.12105e+14,2.19243e+09,1.25443e+14,4.17039e+13,0
1.71652e+08,4657.95,1.7016e+06,5.26274e+29,1.54982e+25,7.64766e+12,7.35459,5.1624e+24,0.03468,2.25115e-08,2.4362e-24,0,1.28877e+13,1.08836e+14,2.11409e+09,1.21726e+14,3.88243e+13,0
1.72152e+08,4562.92,1.68611e+06,5.2713e+29,1.54982e+25,7.66478e+12,7.48505,4.70571e+24,0.03468,2.126e-08,1.98937e-24,0,1.24525e+13,1.05645e+14,2.03814e+09,1.181e+14,3.61274e+13,0
1.72652e+08,4469.29,1.67068e+06,5.27974e+29,1.54982e+25,7.68184e+12,7.61852,4.28724e+24,0.03468,2.00716e-08,1.62267e-24,0,1.20296e+13,1.0253e+14,1.96453e+09,1.14562e+14,3.36026e+13,0
1.73152e+08,4377.07,1.6553e+06,5.28805e+29,1.54983e+25,7.69885e+12,7.75511,3.90397e+24,0.03468,1.89436e-08,1.32208e-24,0,1.16187e+13,9.94901e+13,1.89319e+09,1.11111e+14,3.12399e+13,0
1.73652e+08,4286.22,1.63998e+06,5.29624e+29,1.54983e+25,7.71581e+12,7.89489,3.5531e+24,0.03468,1.78732e-08,1.07594e-24,0,1.12196e+13,9.65235e+13,1.82407e+09,1.07745e+14,2.90298e+13,0
1.74152e+08,4196.75,1.62471e+06,5.3043e+29,1.54983e+25,7.73271e+12,8.03797,3.23205e+24,0.03468,1.68576e-08,8.74605e-25,0,1.0832e+13,9.3629e+13,1.7571e+09,1.04463e+14,2.69634e+13,0
1.74652e+08,4108.63,1.60951e+06,5.31224e+29,1.54983e+25,7.74957e+12,8.18444,2.93843e+24,0.03468,1.58944e-08,7.10111e-25,0,1.04556e+13,9.08052e+13,1.69224e+09,1.01262e+14,2.50321e+13,0
1.75152e+08,4021.86,1.59436e+06,5.32006e+29,1.54983e+25,7.76636e+12,8.3344,2.67002e+24,0.03468,1.49812e-08,5.75868e-25,0,1.00901e+13,8.80507e+13,1.62942e+09,9.81424e+13,2.32279e+13,0
1.75652e+08,3936.41,1.57926e+06,5.32775e+29,1.54983e+25,7.78311e+12,8.48796,2.4248e+24,0.03468,1.41155e-08,4.66439e-25,0,9.73536e+12,8.53642e+13,1.56859e+09,9.51011e+13,2.15432e+13,0
1.76152e+08,3852.28,1.56423e+06,5.33532e+29,1.54983e+25,7.7998e+12,8.64523,2.20086e+24,0.03468,1.32952e-08,3.77342e-25,0,9.39104e+12,8.27443e+13,1.5097e+09,9.21369e+13,1.99708e+13,0
1.76652e+08,3769.44,1.54925e+06,5.34278e+29,1.54984e+25,7.81644e+12,8.80633,1.99646e+24,0.03468,1.25181e-08,3.04884e-25,0,9.05692e+12,8.01898e+13,1.4527e+09,8.92482e+13,1.85038e+13,0
1.77152e+08,3687.9,1.53433e+06,5.35011e+29,1.54984e+25,7.83302e+12,8.97136,1.81001e+24,0.03468,1.17822e-08,2.46029e-25,0,8.73274e+12,7.76994e+13,1.39753e+09,8.64335e+13,1.71359e+13,0
1.77652e+08,3607.63,1.51946e+06,5.35733e+29,1.54984e+25,7.84955e+12,9.14046,1.64001e+24,0.03468,1.10855e-08,1.98282e-25,0,8.41825e+12,7.52718e+13,1.34415e+09,8.36914e+13,1.58608e+13,0
1.78152e+08,3528.63,1.50465e+06,5.36443e+29,1.54984e+25,7.86602e+12,9.31375,1.48509e+24,0.03468,1.04262e-08,1.59594e-25,0,8.11324e+12,7.29057e+13,1.29251e+09,8.10203e+13,1.4673e+13,0
1.78652e+08,3450.87,1.4899e+06,5.37141e+29,1.54984e+25,7.88244e+12,9.49137,1.344e+24,0.03468,9.80232e-09,1.28286e-25,0,7.81745e+12,7.06e+13,1.24255e+09,7.84187e+13,1.35669e+13,0
1.79152e+08,3374.34,1.4752e+06,5.37827e+29,1.54984e+25,7.8988e+12,9.67344,1.21557e+24,0.03468,9.21229e-09,1.02981e-25,0,7.53067e+12,6.83535e+13,1.19424e+09,7.58853e+13,1.25374e+13,0
1.79652e+08,3299.04,1.46056e+06,5.38502e+29,1.54984e+25,7.9151e+12,9.86012,1.09873e+24,0.03468,8.65443e-09,8.25561e-26,0,7.25267e+12,6.61648e+13,1.14753e+09,7.34186e+13,1.15797e+13,0
1.80152e+08,3224.95,1.44597e+06,5.39166e+29,1.54984e+25,7.93135e+12,10.0515,9.92497e+23,0.03468,8.12714e-09,6.6091e-26,0,6.98323e+12,6.40329e+13,1.10237e+09,7.10173e+13,1.06892e+13,0
1.80652e+08,3152.05,1.43144e+06,5.39818e+29,1.54984e+25,7.94754e+12,10.2479,8.9596e+23,0.03468,7.62893e-09,5.28357e-26,0,6.72215e+12,6.19566e+13,1.05873e+09,6.86798e+13,9.86168e+12,0
1.81152e+08,3080.34,1.41697e+06,5.40459e+29,1.54984e+25,7.96368e+12,10.4493,8.08288e+23,0.03468,7.15836e-09,4.2179e-26,0,6.46919e+12,5.99348e+13,1.01655e+09,6.6405e+13,9.09299e+12,0
1.81652e+08,3009.8,1.40255e+06,5.41089e+29,1.54984e+25,7.97976e+12,10.6559,7.28714e+23,0.03468,6.71404e-09,3.36231e-26,0,6.22417e+12,5.79664e+13,9.75799e+08,6.41915e+13,8.37935e+12,0
1.82152e+08,2940.42,1.38818e+06,5.41708e+29,1.54984e+25,7.99577e+12,10.868,6.56533e+23,0.03468,6.29467e-09,2.67635e-26,0,5.98688e+12,5.60502e+13,9.36435e+08,6.2038e+13,7.71717e+12,0
1.82652e+08,2872.18,1.37387e+06,5.42316e+29,1.54984e+25,8.01174e+12,11.0856,5.911e+23,0.03468,5.89898e-09,2.12717e-26,0,5.75712e+12,5.41851e+13,8.98419e+08,5.99431e+13,7.10307e+12,0
1.83152e+08,2805.08,1.35962e+06,5.42913e+29,1.54984e+25,8.02764e+12,11.309,5.31819e+23,0.03468,5.52577e-09,1.68812e-26,0,5.5347e+12,5.23701e+13,8.61712e+08,5.79057e+13,6.53385e+12,0
1.83652e+08,2739.1,1.34542e+06,5.43499e+29,1.54984e+25,8.04348e+12,11.5384,4.78147e+23,0.03468,5.1739e-09,1.33763e-26,0,5.31942e+12,5.06042e+13,8.26275e+08,5.59245e+13,6.00655e+12,0
1.84152e+08,2674.22,1.33128e+06,5.44074e+29,1.54984e+25,8.05927e+12,11.774,4.29585e+23,0.03468,4.84227e-09,1.05825e-26,0,5.1111e+12,4.88863e+13,7.92074e+08,5.39982e+13,5.51833e+12,0
1.84652e+08,2610.45,1.31719e+06,5.44639e+29,1.54984e+25,8.075e+12,12.0159,3.85674e+23,0.03468,4.52984e-09,8.35897e-27,0,4.90956e+12,4.72154e+13,7.59071e+08,5.21257e+13,5.06657e+12,0
1.85152e+08,2547.75,1.30315e+06,5.45193e+29,1.54984e+25,8.09066e+12,12.2645,3.45996e+23,0.03468,4.23561e-09,6.59195e-27,0,4.71462e+12,4.55904e+13,7.27232e+08,5.03058e+13,4.64877e+12,0
1.85652e+08,2486.13,1.28917e+06,5.45737e+29,1.54984e+25,8.10627e+12,12.52,3.10166e+23,0.03468,3.95863e-09,5.18992e-27,0,4.52611e+12,4.40105e+13,6.96523e+08,4.85373e+13,4.26262e+12,0
1.86152e+08,2425.57,1.27525e+06,5.46271e+29,1.54984e+25,8.12182e+12,12.7825,2.77834e+23,0.03468,3.698e-09,4.07926e-27,0,4.34385e+12,4.24745e+13,6.6691e+08,4.68191e+13,3.90593e+12,0
1.86652e+08,2366.06,1.26137e+06,5.46794e+29,1.54984e+25,8.1373e+12,13.0524,2.48679e+23,0.03468,3.45285e-09,3.20083e-27,0,4.16767e+12,4.09817e+13,6.38361e+08,4.515e+13,3.57664e+12,0
1.87152e+08,2307.58,1.24756e+06,5.47307e+29,1.54984e+25,8.15272e+12,13.3299,2.22407e+23,0.03468,3.22235e-09,2.50721e-27,0,3.99742e+12,3.9531e+13,6.10844e+08,4.3529e+13,3.27285e+12,0
1.87652e+08,2250.13,1.23379e+06,5.4781e+29,1.54984e+25,8.16809e+12,13.6152,1.9875e+23,0.03468,3.00573e-09,1.96045e-27,0,3.83292e+12,3.81214e+13,5.84328e+08,4.19549e+13,2.99275e+12,0
1.88152e+08,2193.69,1.22008e+06,5.48303e+29,1.54984e+25,8.18339e+12,13.9088,1.77464e+23,0.03468,2.80223e-09,1.53017e-27,0,3.67403e+12,3.67522e+13,5.58782e+08,4.04268e+13,2.73466e+12,0
1.88652e+08,2138.25,1.20642e+06,5.48786e+29,1.54984e+25,8.19862e+12,14.2109,1.58325e+23,0.03468,2.61114e-09,1.19215e-27,0,3.52059e+12,3.54224e+13,5.34178e+08,3.89435e+13,2.49701e+12,0
1.89152e+08,2083.8,1.19282e+06,5.4926e+29,1.54985e+25,8.2138e+12,14.5217,1.4113e+23,0.03468,2.43179e-09,9.27069e-28,0,3.37245e+12,3.41311e+13,5.10487e+08,3.75041e+13,2.27831e+12,0
1.89652e+08,2030.33,1.17926e+06,5.49724e+29,1.54985e+25,8.22891e+12,14.8417,1.25694e+23,0.03468,2.26354e-09,7.19568e-28,0,3.22946e+12,3.28775e+13,4.8768e+08,3.61074e+13,2.07719e+12,0
1.90152e+08,1977.83,1.16577e+06,5.50178e+29,1.54985e+25,8.24396e+12,15.1711,1.11847e+23,0.03468,2.10576e-09,5.57433e-28,0,3.09147e+12,3.16607e+13,4.65731e+08,3.47526e+13,1.89237e+12,0
1.90652e+08,1926.28,1.15232e+06,5.50623e+29,1.54985e+25,8.25894e+12,15.5104,9.94363e+22,0.03468,1.95788e-09,4.30982e-28,0,2.95835e+12,3.04798e+13,4.44612e+08,3.34386e+13,1.72265e+12,0
1.91152e+08,1875.68,1.13893e+06,5.51059e+29,1.54985e+25,8.27386e+12,15.86,8.83215e+22,0.03468,1.81934e-09,3.32548e-28,0,2.82996e+12,2.93341e+13,4.24298e+08,3.21645e+13,1.56689e+12,0
1.91652e+08,1826.01,1.12558e+06,5.51485e+29,1.54985e+25,8.28872e+12,16.2201,7.83758e+22,0.03468,1.68962e-09,2.56072e-28,0,2.70617e+12,2.82228e+13,4.04764e+08,3.09294e+13,1.42405e+12,0
1.92152e+08,1777.26,1.11229e+06,5.51902e+29,1.54985e+25,8.30351e+12,16.5914,6.94838e+22,0.03468,1.56821e-09,1.96773e-28,0,2.58684e+12,2.71451e+13,3.85984e+08,2.97323e+13,1.29316e+12,0
1.92652e+08,1729.42,1.09906e+06,5.5231e+29,1.54985e+25,8.31823e+12,16.974,6.15408e+22,0.03468,1.45465e-09,1.50885e-28,0,2.47184e+12,2.61001e+13,3.67935e+08,2.85723e+13,1.17331e+12,0
1.93152e+08,1682.49,1.08587e+06,5.52709e+29,1.54985e+25,8.33289e+12,17.3687,5.44517e+22,0.03468,1.34847e-09,1.15447e-28,0,2.36104e+12,2.50871e+13,3.50594e+08,2.74485e+13,1.06365e+12,0
1.93652e+08,1636.44,1.07274e+06,5.53099e+29,1.54985e+25,8.34748e+12,17.7758,4.81306e+22,0.03468,1.24925e-09,8.81375e-29,0,2.25433e+12,2.41054e+13,3.33937e+08,2.636e+13,9.63389e+11,0
1.94152e+08,1591.27,1.05965e+06,5.53481e+29,1.54985e+25,8.36201e+12,18.1958,4.24994e+22,0.03468,1.15659e-09,6.71364e-29,0,2.15159e+12,2.31542e+13,3.17942e+08,2.53061e+13,8.71796e+11,0
1.94652e+08,1546.97,1.04662e+06,5.53853e+29,1.54985e+25,8.37647e+12,18.6293,3.74875e+22,0.03468,1.07009e-09,5.10217e-29,0,2.05269e+12,2.22328e+13,3.02588e+08,2.42858e+13,7.88188e+11,0
1.95152e+08,1503.53,1.03364e+06,5.54218e+29,1.54985e+25,8.39086e+12,19.0769,3.30311e+22,0.03468,9.894e-10,3.86839e-29,0,1.95752e+12,2.13405e+13,2.87854e+08,2.32983e+13,7.11933e+11,0
1.95652e+08,1460.94,1.02071e+06,5.54573e+29,1.54985e+25,8.40518e+12,19.5391,2.90725e+22,0.03468,9.14164e-10,2.92592e-29,0,1.86597e+12,2.04766e+13,2.7372e+08,2.23428e+13,6.42441e+11,0
1.96152e+08,1419.18,1.00783e+06,5.54921e+29,1.54985e+25,8.41943e+12,20.0166,2.55596e+22,0.03468,8.44058e-10,2.20764e-29,0,1.77794e+12,1.96403e+13,2.60164e+08,2.14185e+13,5.79168e+11,0
1.96652e+08,1378.26,995007,5.5526e+29,1.54985e+25,8.43361e+12,20.51,2.24455e+22,0.03468,7.7877e-10,1.66153e-29,0,1.6933e+12,1.88311e+13,2.47169e+08,2.05247e+13,5.21607e+11,0
1.97152e+08,1338.14,982229,5.55591e+29,1.54985e+25,8.44773e+12,21.02,1.96877e+22,0.03468,7.18007e-10,1.24731e-29,0,1.61196e+12,1.80483e+13,2.34715e+08,1.96605e+13,4.6929e+11,0
1.97652e+08,1298.84,969501,5.55914e+29,1.54985e+25,8.46177e+12,21.5474,1.7248e+22,0.03468,6.61489e-10,9.33903e-30,0,1.53382e+12,1.72911e+13,2.22783e+08,1.88252e+13,4.21782e+11,0
1.98152e+08,1260.33,956822,5.56229e+29,1.54985e+25,8.47574e+12,22.093,1.50922e+22,0.03468,6.08954e-10,6.97377e-30,0,1.45878e+12,1.6559e+13,2.11356e+08,1.8018e+13,3.7868e+11,0
1.98652e+08,1222.6,944194,5.56536e+29,1.54985e+25,8.48964e+12,22.6575,1.31894e+22,0.03468,5.60153e-10,5.19331e-30,0,1.38674e+12,1.58514e+13,2.00417e+08,1.72383e+13,3.39614e+11,0
1.99152e+08,1185.66,931615,5.56836e+29,1.54985e+25,8.50347e+12,23.2418,1.15117e+22,0.03468,5.1485e-10,3.85661e-30,0,1.3176e+12,1.51676e+13,1.89949e+08,1.64854e+13,3.04241e+11,0
1.99652e+08,1149.48,919085,5.57128e+29,1.54985e+25,8.51723e+12,23.8468,1.00342e+22,0.03468,4.72824e-10,2.85576e-30,0,1.25127e+12,1.4507e+13,1.79934e+08,1.57584e+13,2.72242e+11,0
2.00152e+08,1114.05,906605,5.57412e+29,1.54985e+25,8.53091e+12,24.4736,8.73463e+21,0.03468,4.33865e-10,2.10845e-30,0,1.18767e+12,1.3869e+13,1.70358e+08,1.50568e+13,2.43326e+11,0
2.00652e+08,1079.38,894173,5.57689e+29,1.54985e+25,8.54452e+12,25.1231,7.59294e+21,0.03468,3.97774e-10,1.55204e-30,0,1.1267e+12,1.32531e+13,1.61204e+08,1.43799e+13,2.17223e+11,0
2.01152e+08,1045.44,881790,5.57958e+29,1.54985e+25,8.55806e+12,25.7964,6.59121e+21,0.03468,3.64365e-10,1.13895e-30,0,1.06828e+12,1.26586e+13,1.52458e+08,1.3727e+13,1.93684e+11,0
2.01652e+08,1012.23,869455,5.58221e+29,1.54985e+25,8.57152e+12,26.4946,5.71339e+21,0.03468,3.33461e-10,8.33179e-31,0,1.01232e+12,1.20851e+13,1.44105e+08,1.30975e+13,1.7248e+11,0
2.02152e+08,979.744,857168,5.58476e+29,1.54985e+25,8.58491e+12,27.2191,4.94518e+21,0.03468,3.04897e-10,6.07533e-31,0,9.58752e+11,1.15319e+13,1.3613e+08,1.24907e+13,1.53402e+11,0
2.02652e+08,947.964,844930,5.58724e+29,1.54985e+25,8.59822e+12,27.971,4.27378e+21,0.03468,2.78516e-10,4.41535e-31,0,9.07482e+11,1.09985e+13,1.28521e+08,1.19061e+13,1.36255e+11,0
2.03152e+08,916.885,832739,5.58966e+29,1.54985e+25,8.61145e+12,28.7518,3.68781e+21,0.03468,2.54172e-10,3.19805e-31,0,8.58439e+11,1.04844e+13,1.21262e+08,1.1343e+13,1.20863e+11,0
2.03652e+08,886.496,820596,5.592e+29,1.54985e+25,8.62461e+12,29.5629,3.17712e+21,0.03468,2.31724e-10,2.30831e-31,0,8.11546e+11,9.98912e+12,1.14343e+08,1.08008e+13,1.07062e+11,0
2.04152e+08,856.79,808501,5.59428e+29,1.54985e+25,8.63769e+12,30.4058,2.73269e+21,0.03468,2.11043e-10,1.66017e-31,0,7.6673e+11,9.51208e+12,1.07749e+08,1.02789e+13,9.47025e+10,0
2.04652e+08,827.757,796452,5.59649e+29,1.54985e+25,8.65069e+12,31.2824,2.34649e+21,0.03468,1.92007e-10,1.18965e-31,0,7.23919e+11,9.05281e+12,1.01468e+08,9.77683e+12,8.3649e+10,0
2.05152e+08,799.389,784450,5.59864e+29,1.54985e+25,8.66362e+12,32.1942,2.0114e+21,0.03468,1.745e-10,8.49282e-32,0,6.83044e+11,8.61081e+12,9.54887e+07,9.29395e+12,7.37758e+10,0
2.05652e+08,771.676,772496,5.60072e+29,1.54985e+25,8.67646e+12,33.1432,1.72112e+21,0.03468,1.58414e-10,6.03956e-32,0,6.44035e+11,8.18561e+12,8.97995e+07,8.82974e+12,6.49686e+10,0
2.06152e+08,744.609,760587,5.60274e+29,1.54985e+25,8.68922e+12,34.1314,1.47006e+21,0.03468,1.43648e-10,4.27793e-32,0,6.06828e+11,7.77674e+12,8.4389e+07,8.38366e+12,5.71231e+10,0
2.06652e+08,718.18,748725,5.6047e+29,1.54985e+25,8.70191e+12,35.161,1.25328e+21,0.03468,1.30106e-10,3.01779e-32,0,5.71357e+11,7.38374e+12,7.92464e+07,7.95518e+12,5.01441e+10,0
2.07152e+08,692.381,736909,5.6066e+29,1.54985e+25,8.71451e+12,36.2342,1.06642e+21,0.03468,1.177e-10,2.11993e-32,0,5.3756e+11,7.00615e+12,7.4361e+07,7.54378e+12,4.39448e+10,0
2.07652e+08,667.202,725139,5.60844e+29,1.54985e+25,8.72703e+12,37.3536,9.05625e+20,0.03468,1.06345e-10,1.48278e-32,0,5.05375e+11,6.64353e+12,6.97228e+07,7.14898e+12,3.84464e+10,0
2.08152e+08,642.636,713414,5.61022e+29,1.54985e+25,8.73946e+12,38.5217,7.67516e+20,0.03468,9.59638e-11,1.03253e-32,0,4.74744e+11,6.29545e+12,6.53216e+07,6.77026e+12,3.3577e+10,0
2.08652e+08,618.673,701735,5.61194e+29,1.54985e+25,8.75181e+12,39.7414,6.49109e+20,0.03468,8.64826e-11,7.15723e-33,0,4.45608e+11,5.96149e+12,6.1148e+07,6.40716e+12,2.92714e+10,0
2.09152e+08,595.305,690101,5.61361e+29,1.54985e+25,8.76408e+12,41.0157,5.47787e+20,0.03468,7.78333e-11,4.93786e-33,0,4.17912e+11,5.64122e+12,5.71926e+07,6.05919e+12,2.54705e+10,0
2.09652e+08,572.525,678511,5.61522e+29,1.54985e+25,8.77626e+12,42.3479,4.61256e+20,0.03468,6.99519e-11,3.39019e-33,0,3.916e+11,5.33424e+12,5.34465e+07,5.72589e+12,2.21208e+10,0
2.10152e+08,550.324,666967,5.61677e+29,1.54985e+25,8.78836e+12,43.7415,3.87506e+20,0.03468,6.27786e-11,2.31598e-33,0,3.6662e+11,5.04015e+12,4.99008e+07,5.40682e+12,1.91737e+10,0
2.10652e+08,528.694,655467,5.61827e+29,1.54985e+25,8.80037e+12,45.2003,3.2478e+20,0.03468,5.62578e-11,1.574e-33,0,3.42919e+11,4.75856e+12,4.65472e+07,5.10152e+12,1.65854e+10,0
2.11152e+08,507.626,644011,5.61972e+29,1.54985e+25,8.81229e+12,46.7283,2.71545e+20,0.03468,5.03376e-11,1.06405e-33,0,3.20448e+11,4.48908e+12,4.33774e+07,4.80957e+12,1.43164e+10,0
2.11652e+08,487.113,632599,5.62112e+29,1.54985e+25,8.82412e+12,48.33,2.26466e+20,0.03468,4.49697e-11,7.15368e-34,0,2.99158e+11,4.23135e+12,4.03836e+07,4.53055e+12,1.23311e+10,0
2.12152e+08,467.147,621231,5.62247e+29,1.54985e+25,8.83587e+12,50.0101,1.8838e+20,0.03468,4.0109e-11,4.78224e-34,0,2.79002e+11,3.98499e+12,3.7558e+07,4.26403e+12,1.05974e+10,0
2.12652e+08,447.72,609906,5.62377e+29,1.54985e+25,8.84752e+12,51.7737,1.56279e+20,0.03468,3.57137e-11,3.17822e-34,0,2.59933e+11,3.74964e+12,3.48934e+07,4.00961e+12,9.08633e+09,0
2.13152e+08,428.824,598625,5.62502e+29,1.54985e+25,8.85908e+12,53.6264,1.2929e+20,0.03468,3.17449e-11,2.09943e-34,0,2.41908e+11,3.52496e+12,3.23825e+07,3.7669e+12,7.77213e+09,0
2.13652e+08,410.451,587387,5.62622e+29,1.54985e+25,8.87055e+12,55.5744,1.06654e+20,0.03468,2.81666e-11,1.37814e-34,0,2.24882e+11,3.3106e+12,3.00183e+07,3.53551e+12,6.63159e+09,0
2.14152e+08,392.594,576191,5.62737e+29,1.54985e+25,8.88193e+12,57.624,8.77206e+19,0.03468,2.49452e-11,8.98795e-35,0,2.08813e+11,3.10621e+12,2.77944e+07,3.31505e+12,5.64395e+09,0
2.14652e+08,375.246,565038,5.62848e+29,1.54985e+25,8.89321e+12,59.7826,7.19264e+19,0.03468,2.20497e-11,5.82244e-35,0,1.93662e+11,2.91148e+12,2.5704e+07,3.10517e+12,4.79067e+09,0
2.15152e+08,358.398,553928,5.62955e+29,1.54985e+25,8.90439e+12,62.0578,5.8788e+19,0.03468,1.94515e-11,3.74558e-35,0,1.79388e+11,2.72608e+12,2.37412e+07,2.90549e+12,4.05524e+09,0
2.15652e+08,342.043,542859,5.63057e+29,1.54985e+25,8.91549e+12,64.4581,4.78909e+19,0.03468,1.71239e-11,2.39216e-35,0,1.65953e+11,2.54969e+12,2.18997e+07,2.71567e+12,3.42294e+09,0
2.16152e+08,326.173,531832,5.63155e+29,1.54985e+25,8.92648e+12,66.9929,3.88799e+19,0.03468,1.50426e-11,1.51636e-35,0,1.5332e+11,2.38201e+12,2.01738e+07,2.53535e+12,2.8807e+09,0
2.16652e+08,310.782,520847,5.63249e+29,1.54985e+25,8.93737e+12,69.6723,3.1452e+19,0.03468,1.31848e-11,9.53731e-36,0,1.41453e+11,2.22273e+12,1.8558e+07,2.3642e+12,2.41692e+09,0
2.17152e+08,295.862,509903,5.63338e+29,1.54985e+25,8.94817e+12,72.5075,2.5349e+19,0.03468,1.15296e-11,5.95018e-36,0,1.30317e+11,2.07156e+12,1.70467e+07,2.2019e+12,2.02135e+09,0
2.17652e+08,281.406,499000,5.63424e+29,1.54985e+25,8.95886e+12,75.5106,2.03517e+19,0.03468,1.0058e-11,3.68107e-36,0,1.19878e+11,1.92821e+12,1.56348e+07,2.04811e+12,1.68492e+09,0
2.18152e+08,267.407,488138,5.63506e+29,1.54985e+25,8.96945e+12,78.6951,1.62741e+19,0.03468,8.75221e-12,2.2574e-36,0,1.10105e+11,1.7924e+12,1.43173e+07,1.90252e+12,1.39964e+09,0
2.18652e+08,253.856,477316,5.63584e+29,1.54985e+25,8.97994e+12,82.0759,1.29593e+19,0.03468,7.59607e-12,1.37174e-36,0,1.00964e+11,1.66385e+12,1.30893e+07,1.76483e+12,1.15849e+09,0
2.19152e+08,240.749,466535,5.63659e+29,1.54985e+25,8.99033e+12,85.6694,1.02747e+19,0.03468,6.57471e-12,8.2566e-37,0,9.24254e+10,1.5423e+12,1.19461e+07,1.63474e+12,9.553e+08,0
2.19652e+08,228.076,455794,5.6373e+29,1.54985e+25,9.00061e+12,89.4937,8.10935e+18,0.03468,5.67453e-12,4.92053e-37,0,8.44601e+10,1.42748e+12,1.08834e+07,1.51195e+12,7.84672e+08,0
2.20152e+08,215.832,445092,5.63797e+29,1.54985e+25,9.01078e+12,93.5689,6.37e+18,0.03468,4.88306e-12,2.90211e-37,0,7.70391e+10,1.31913e+12,9.89671e+06,1.39618e+12,6.41892e+08,0
2.20652e+08,204.009,434430,5.63861e+29,1.54985e+25,9.02084e+12,97.9174,4.97894e+18,0.03468,4.18897e-12,1.69318e-37,0,7.0135e+10,1.217e+12,8.98196e+06,1.28714e+12,5.22854e+08,0
2.21152e+08,192.601,423808,5.63922e+29,1.54985e+25,9.03079e+12,102.564,3.8715e+18,0.03468,3.58187e-12,9.76699e-38,0,6.3721e+10,1.12085e+12,8.13516e+06,1.18458e+12,4.23993e+08,0
2.21652e+08,181.601,413224,5.6398e+29,1.54985e+25,9.04064e+12,107.537,2.99405e+18,0.03468,3.05236e-12,5.56739e-38,0,5.77715e+10,1.03044e+12,7.35246e+06,1.08822e+12,3.42219e+08,0
2.22152e+08,171.001,402679,5.64035e+29,1.54985e+25,9.05036e+12,112.867,2.3023e+18,0.03468,2.59186e-12,3.13419e-38,0,5.22616e+10,9.45536e+11,6.6302e+06,9.97804e+11,2.74864e+08,0
2.22652e+08,160.795,392173,5.64086e+29,1.54985e+25,9.05998e+12,118.59,1.75979e+18,0.03468,2.1926e-12,1.74145e-38,0,4.71673e+10,8.65907e+11,5.96484e+06,9.13081e+11,2.19631e+08,0
2.23152e+08,150.977,381704,5.64135e+29,1.54985e+25,9.06947e+12,124.744,1.33668e+18,0.03468,1.84755e-12,9.54377e-39,0,4.24657e+10,7.91333e+11,5.35301e+06,8.33804e+11,1.74549e+08,0
2.23652e+08,141.54,371274,5.64181e+29,1.54985e+25,9.07885e+12,131.375,1.0086e+18,0.03468,1.55036e-12,5.1551e-39,0,3.81345e+10,7.21596e+11,4.79146e+06,7.59736e+11,1.37932e+08,0
2.24152e+08,132.477,360881,5.64224e+29,1.54985e+25,9.08811e+12,138.532,7.55747e+17,0.03468,1.29531e-12,2.74236e-39,0,3.41522e+10,6.56485e+11,4.27707e+06,6.90642e+11,1.08344e+08,0
2.24652e+08,123.781,350526,5.64265e+29,1.54985e+25,9.09725e+12,146.274,5.62127e+17,0.03468,1.07723e-12,1.43554e-39,0,3.04984e+10,5.95793e+11,3.80688e+06,6.26295e+11,8.45657e+07,0
2.25152e+08,115.447,340207,5.64303e+29,1.54985e+25,9.10626e+12,154.665,4.14869e+17,0.03468,8.9152e-13,7.3878e-40,0,2.71532e+10,5.39319e+11,3.37803e+06,5.66476e+11,6.55651e+07,0
2.25652e+08,107.467,329925,5.64338e+29,1.54985e+25,9.11515e+12,163.781,3.03675e+17,0.03468,7.34028e-13,3.73412e-40,0,2.40976e+10,4.86867e+11,2.98781e+06,5.10967e+11,5.04747e+07,0
2.26152e+08,99.8345,319680,5.64372e+29,1.54985e+25,9.12391e+12,173.707,2.2035e+17,0.03468,6.01063e-13,1.85168e-40,0,2.13134e+10,4.38245e+11,2.63362e+06,4.59561e+11,3.85665e+07,0
2.26652e+08,92.5438,309471,5.64403e+29,1.54985e+25,9.13254e+12,184.543,1.58412e+17,0.03468,4.89333e-13,8.99774e-41,0,1.8783e+10,3.93268e+11,2.31298e+06,4.12053e+11,2.92334e+07,0
2.27152e+08,85.5881,299298,5.64431e+29,1.54985e+25,9.14103e+12,196.404,1.12765e+17,0.03468,3.95919e-13,4.27884e-41,0,1.64895e+10,3.51753e+11,2.02352e+06,3.68245e+11,2.19716e+07,0
2.27652e+08,78.9611,289161,5.64458e+29,1.54985e+25,9.14939e+12,209.425,7.9431e+16,0.03468,3.18234e-13,1.9885e-41,0,1.4417e+10,3.13526e+11,1.76298e+06,3.27944e+11,1.63648e+07,0
2.28152e+08,72.6562,279059,5.64483e+29,1.54985e+25,9.15762e+12,223.76,5.53253e+16,0.03468,2.53998e-13,9.01673e-42,0,1.25499e+10,2.78412e+11,1.52922e+06,2.90964e+11,1.20714e+07,0
2.28652e+08,66.6671,268991,5.64506e+29,1.54985e+25,9.1657e+12,239.596,3.80741e+16,0.03468,2.01206e-13,3.98237e-42,0,1.08735e+10,2.46247e+11,1.32021e+06,2.57121e+11,8.81272e+06,0
2.29152e+08,60.9874,258959,5.64527e+29,1.54985e+25,9.17364e+12,257.15,2.58657e+16,0.03468,1.58102e-13,1.70989e-42,0,9.37386e+09,2.16866e+11,1.134e+06,2.26241e+11,6.36258e+06,0
2.29652e+08,55.6107,248960,5.64546e+29,1.54985e+25,9.18143e+12,276.682,1.73293e+16,0.03468,1.23156e-13,7.12184e-43,0,8.03739e+09,1.90112e+11,968749,1.9815e+11,4.53902e+06,0
2.30152e+08,50.5306,238996,5.64564e+29,1.54985e+25,9.18908e+12,298.501,1.14374e+16,0.03468,9.50372e-14,2.87061e-43,0,6.85133e+09,1.65831e+11,822724,1.72683e+11,3.19658e+06,0
2.30652e+08,45.7407,229066,5.6458e+29,1.54985e+25,9.19657e+12,322.982,7.42711e+15,0.03468,7.25968e-14,1.11672e-43,0,5.80349e+09,1.43874e+11,694272,1.49678e+11,2.21995e+06,0
2.31152e+08,41.2346,219168,5.64595e+29,1.54985e+25,9.2039e+12,350.58,4.73872e+15,0.03468,5.48464e-14,4.18004e-44,0,4.88226e+09,1.24097e+11,581837,1.28979e+11,1.5185e+06,0
2.31652e+08,37.0059,209304,5.64608e+29,1.54985e+25,9.21108e+12,381.851,2.96595e+15,0.03468,4.09408e-14,1.50033e-44,0,4.07664e+09,1.06358e+11,483950,1.10435e+11,1.02166e+06,0
2.32152e+08,33.0481,199472,5.6462e+29,1.54985e+25,9.21809e+12,417.483,1.81781e+15,0.03468,3.01615e-14,5.14343e-45,0,3.3762e+09,9.0521e+10,399228,9.38976e+10,675076,0
2.32652e+08,29.3548,189673,5.6463e+29,1.54985e+25,9.22493e+12,458.334,1.08872e+15,0.03468,2.19016e-14,1.67658e-45,0,2.77108e+09,7.64548e+10,326371,7.92262e+10,437297,0
2.33152e+08,25.9194,179905,5.6464e+29,1.54985e+25,9.2316e+12,505.487,6.35679e+14,0.03468,1.56523e-14,5.1694e-46,0,2.25196e+09,6.40309e+10,264159,6.62831e+10,277133,0
2.33652e+08,22.7354,170169,5.64648e+29,1.54985e+25,9.23809e+12,560.319,3.60835e+14,0.03468,1.09901e-14,1.49855e-46,0,1.81005e+09,5.31256e+10,211453,5.49359e+10,171416,0
2.34152e+08,19.7962,160464,5.64655e+29,1.54985e+25,9.2444e+12,624.613,1.98481e+14,0.03468,7.56602e-15,4.05543e-47,0,1.4371e+09,4.36193e+10,167186,4.50566e+10,103194,0
2.34652e+08,17.0949,150789,5.64662e+29,1.54985e+25,9.25052e+12,700.704,1.05391e+14,0.03468,5.09481e-15,1.016e-47,0,1.12538e+09,3.53964e+10,130369,3.65219e+10,60263.2,0
2.35152e+08,14.6249,141145,5.64667e+29,1.54985e+25,9.25644e+12,791.701,5.37737e+13,0.03468,3.34606e-15,2.33284e-48,0,8.67645e+08,2.83453e+10,100081,2.9213e+10,34004.3,0
2.35652e+08,12.3793,131530,5.64672e+29,1.54985e+25,9.26216e+12,901.823,2.62188e+13,0.03468,2.13587e-15,4.85016e-49,0,6.57169e+08,2.23585e+10,75473.5,2.30157e+10,18451.1,0
2.36152e+08,10.3509,121945,5.64676e+29,1.54985e+25,9.26767e+12,1036.9,1.21336e+13,0.03468,1.31949e-15,8.99644e-50,0,4.87695e+08,1.73325e+10,55762.7,1.78203e+10,9571.43,0
2.36652e+08,8.5326,112388,5.64679e+29,1.54985e+25,9.27296e+12,1205.21,5.28502e+12,0.03468,7.84757e-16,1.46164e-50,0,3.53444e+08,1.3168e+10,40231.7,1.35215e+10,4712.44,0
2.37152e+08,6.91701,102859,5.64682e+29,1.54985e+25,9.27803e+12,1418.8,2.14373e+12,0.03468,4.46338e-16,2.03226e-51,0,2.49105e+08,9.7697e+09,28226.6,1.00188e+10,2181.95,0
2.37652e+08,5.49653,93357.5,5.64684e+29,1.54985e+25,9.28285e+12,1695.77,7.9876e+11,0.03468,2.40692e-16,2.34691e-52,0,1.69824e+08,7.04625e+09,19155.2,7.21609e+09,938.946,0
2.38152e+08,4.26326,83882.7,5.64686e+29,1.54985e+25,9.28743e+12,2064.39,2.68504e+11,0.03468,1.21677e-16,2.16402e-53,0,1.11196e+08,4.9106e+09,12484.7,5.02181e+09,369.714,0
2.38652e+08,3.20899,74433.8,5.64687e+29,1.54985e+25,9.29173e+12,2570.92,7.94596e+10,0.03468,5.6784e-17,1.51021e-54,0,6.92575e+07,3.27989e+09,7740.54,3.34916e+09,130.417,0
2.39152e+08,2.32509,65010,5.64688e+29,1.54985e+25,9.29576e+12,3295.37,2.00019e+10,0.03468,2.39407e-17,7.39922e-56,0,4.04811e+07,2.07559e+09,4504.13,2.11607e+09,40.0068,0
2.39652e+08,1.6024,55610.2,5.64689e+29,1.54985e+25,9.29948e+12,4386.55,4.07199e+09,0.03468,8.83414e-18,2.27923e-57,0,2.17671e+07,1.22362e+09,2411.62,1.24538e+09,10.2166,0
2.40152e+08,1.03105,46233.3,5.64689e+29,1.54985e+25,9.30288e+12,6148.66,6.19817e+08,0.03468,2.71566e-18,3.7181e-59,0,1.04389e+07,6.5457e+08,1152.15,6.6501e+08,2.02926,0
2.40652e+08,0.600297,36877.7,5.6469e+29,1.54985e+25,9.30592e+12,9289.87,6.18139e+07,0.03468,6.40025e-19,2.4066e-61,0,4.23769e+06,3.03984e+08,466.385,3.08222e+08,0.279609,0
2.41152e+08,0.298058,27541.5,5.6469e+29,1.54985e+25,9.30856e+12,15808.2,3.1482e+06,0.03468,9.88608e-20,3.58494e-64,0,1.31932e+06,1.12722e+08,145.09,1.14041e+08,0.0215335,0
2.41652e+08,0.110183,18221.8,5.6469e+29,1.54985e+25,9.31057e+12,33437.7,46495.8,0.03468,7.00259e-21,3.56723e-68,0,251215,2.75695e+07,27.8008,2.78207e+07,0.000566193,0
2.41994e+08,0.0423324,11848.7,5.6469e+29,1.54985e+25,9.3108e+12,77206.3,598.954,0.03468,4.8098e-22,0,0,51008.1,6.88752e+06,4.97014,6.93853e+06,1.49837e-05,0
2.42229e+08,0.0155162,7475.72,5.6469e+29,1.54985e+25,9.3108e+12,191686,5.74515,0.03468,2.79366e-23,0,0,9575.48,1.59279e+06,0.787595,1.60237e+06,3.1961e-07,0
2.42395e+08,0.0052237,4386.36,5.6469e+29,1.54985e+25,9.3108e+12,578158,0.0274761,0.03468,1.11473e-24,0,0,1560.08,314632,0.0933483,316192,4.29937e-09,0
