X = 0.734
Y = 0.25
Z = 0.016
mu = 0.601142
Radius,Density,Temp,Mass,Lum,OptD,Kff,KH,Kes,PP,CNO,3a,Deg,Gas,Rad,TotPres, dLdr, dPdT
0,0,0,0,0,0,-nan,0,0.03468,0,0,0,0,0,0,0,0,0
100,114297,7.11214e+06,478767,80.7117,52903.8,0.462861,9.95515e+30,0.03468,0.000168582,1.37175e-10,2.41742e-60,2.67041e+15,1.11624e+16,6.45194e+11,1.38334e+16,2.42135e+06,2.17698e+09
100427,114297,7.11213e+06,4.84928e+20,8.17502e+16,5.30774e+09,0.462862,9.9551e+30,0.03468,0.000168582,1.37174e-10,2.41736e-60,2.6704e+15,1.11623e+16,6.45192e+11,1.38334e+16,2.44207e+12,2.17697e+09
200683,114297,7.11212e+06,3.8695e+21,6.52325e+17,1.06117e+10,0.462863,9.95494e+30,0.03468,0.00016858,1.37169e-10,2.41717e-60,2.67039e+15,1.11623e+16,6.45188e+11,1.38333e+16,9.7515e+12,2.17696e+09
301911,114296,7.1121e+06,1.31752e+22,2.22107e+18,1.5967e+10,0.462866,9.95467e+30,0.03468,0.000168577,1.37161e-10,2.41686e-60,2.67036e+15,1.11622e+16,6.45181e+11,1.38332e+16,2.20697e+13,2.17694e+09
403027,114295,7.11207e+06,3.13417e+22,5.28348e+18,2.13164e+10,0.462869,9.95429e+30,0.03468,0.000168573,1.3715e-10,2.41642e-60,2.67033e+15,1.11621e+16,6.45172e+11,1.3833e+16,3.93274e+13,2.1769e+09
504279,114294,7.11204e+06,6.13944e+22,1.03495e+19,2.6673e+10,0.462874,9.95381e+30,0.03468,0.000168568,1.37135e-10,2.41585e-60,2.67028e+15,1.11619e+16,6.45159e+11,1.38328e+16,6.15674e+13,2.17686e+09
606322,114292,7.112e+06,1.06715e+23,1.79889e+19,3.20715e+10,0.462879,9.95321e+30,0.03468,0.000168562,1.37117e-10,2.41516e-60,2.67022e+15,1.11617e+16,6.45144e+11,1.38326e+16,8.90009e+13,2.17681e+09
707552,114291,7.11195e+06,1.69584e+23,2.8586e+19,3.74269e+10,0.462886,9.9525e+30,0.03468,0.000168555,1.37096e-10,2.41434e-60,2.67016e+15,1.11614e+16,6.45126e+11,1.38322e+16,1.21193e+14,2.17675e+09
809396,114289,7.11189e+06,2.53856e+23,4.27902e+19,4.28148e+10,0.462893,9.95168e+30,0.03468,0.000168546,1.37071e-10,2.41339e-60,2.67008e+15,1.11612e+16,6.45105e+11,1.38319e+16,1.58582e+14,2.17668e+09
912168,114286,7.11182e+06,3.6335e+23,6.12444e+19,4.82518e+10,0.462902,9.95075e+30,0.03468,0.000168537,1.37043e-10,2.4123e-60,2.66999e+15,1.11608e+16,6.4508e+11,1.38315e+16,2.01395e+14,2.17651e+09
1.02667e+06,114284,7.11174e+06,5.18071e+23,8.73197e+19,5.43095e+10,0.462913,9.94957e+30,0.03468,0.000168525,1.37007e-10,2.41093e-60,2.66988e+15,1.11604e+16,6.4505e+11,1.38309e+16,2.55106e+14,2.17636e+09
1.21161e+06,114278,7.11158e+06,8.51473e+23,1.43502e+20,6.40933e+10,0.462933,9.94738e+30,0.03468,0.000168502,1.36941e-10,2.40839e-60,2.66967e+15,1.11596e+16,6.44994e+11,1.383e+16,3.55226e+14,2.17612e+09
1.36798e+06,114273,7.11143e+06,1.2255e+24,2.06522e+20,7.23659e+10,0.462953,9.94525e+30,0.03468,0.00016848,1.36877e-10,2.40591e-60,2.66946e+15,1.11589e+16,6.44939e+11,1.3829e+16,4.52755e+14,2.17577e+09
1.57883e+06,114265,7.1112e+06,1.88388e+24,3.17435e+20,8.352e+10,0.462983,9.94196e+30,0.03468,0.000168446,1.36778e-10,2.4021e-60,2.66915e+15,1.11577e+16,6.44854e+11,1.38275e+16,6.02908e+14,2.17523e+09
1.8544e+06,114253,7.11084e+06,3.05235e+24,5.14229e+20,9.80988e+10,0.463029,9.93696e+30,0.03468,0.000168394,1.36627e-10,2.39631e-60,2.66867e+15,1.1156e+16,6.44725e+11,1.38253e+16,8.31401e+14,2.17442e+09
2.20698e+06,114234,7.11031e+06,5.14487e+24,8.66512e+20,1.16751e+11,0.463098,9.92939e+30,0.03468,0.000168316,1.364e-10,2.38758e-60,2.66794e+15,1.11533e+16,6.4453e+11,1.38219e+16,1.17686e+15,2.17323e+09
2.65159e+06,114206,7.1095e+06,8.92148e+24,1.50195e+21,1.40271e+11,0.463203,9.91798e+30,0.03468,0.000168197,1.36057e-10,2.37446e-60,2.66685e+15,1.11493e+16,6.44237e+11,1.38168e+16,1.69719e+15,2.17183e+09
3.15159e+06,114168,7.10841e+06,1.49769e+25,2.51996e+21,1.66722e+11,0.463344,9.90268e+30,0.03468,0.000168039,1.35598e-10,2.35694e-60,2.66538e+15,1.11439e+16,6.43842e+11,1.38099e+16,2.39455e+15,2.1702e+09
3.65159e+06,114124,7.10713e+06,2.32904e+25,3.91617e+21,1.93171e+11,0.46351,9.88477e+30,0.03468,0.000167853,1.35062e-10,2.33658e-60,2.66365e+15,1.11376e+16,6.4338e+11,1.38019e+16,3.20981e+15,2.16835e+09
4.15159e+06,114073,7.10567e+06,3.42183e+25,5.74928e+21,2.19619e+11,0.4637,9.86427e+30,0.03468,0.00016764,1.3445e-10,2.31345e-60,2.66168e+15,1.11303e+16,6.4285e+11,1.37927e+16,4.1419e+15,2.16629e+09
4.65159e+06,114016,7.10402e+06,4.8116e+25,8.0774e+21,2.46067e+11,0.463914,9.8412e+30,0.03468,0.0001674,1.33762e-10,2.28763e-60,2.65946e+15,1.11222e+16,6.42253e+11,1.37823e+16,5.18961e+15,2.164e+09
5.15159e+06,113952,7.10218e+06,6.53377e+25,1.0958e+22,2.72514e+11,0.464153,9.81558e+30,0.03468,0.000167134,1.33001e-10,2.25921e-60,2.65699e+15,1.11131e+16,6.41589e+11,1.37707e+16,6.35157e+15,2.16149e+09
5.65159e+06,113882,7.10015e+06,8.62366e+25,1.44479e+22,2.98959e+11,0.464417,9.78742e+30,0.03468,0.000166841,1.32168e-10,2.22831e-60,2.65427e+15,1.11031e+16,6.40857e+11,1.3758e+16,7.62625e+15,2.15877e+09
6.15159e+06,113806,7.09794e+06,1.11165e+26,1.86029e+22,3.25403e+11,0.464705,9.75675e+30,0.03468,0.000166522,1.31263e-10,2.19504e-60,2.6513e+15,1.10922e+16,6.40059e+11,1.37441e+16,9.01199e+15,2.15583e+09
6.65159e+06,113723,7.09555e+06,1.40473e+26,2.34783e+22,3.51846e+11,0.465018,9.72359e+30,0.03468,0.000166176,1.30289e-10,2.15951e-60,2.64809e+15,1.10804e+16,6.39195e+11,1.37291e+16,1.0507e+16,2.15267e+09
7.15159e+06,113634,7.09296e+06,1.7451e+26,2.9128e+22,3.78288e+11,0.465355,9.68798e+30,0.03468,0.000165804,1.29247e-10,2.12185e-60,2.64463e+15,1.10677e+16,6.38265e+11,1.37129e+16,1.21093e+16,2.1493e+09
7.65159e+06,113539,7.09019e+06,2.13623e+26,3.56054e+22,4.04728e+11,0.465718,9.64993e+30,0.03468,0.000165406,1.28138e-10,2.0822e-60,2.64093e+15,1.10541e+16,6.37268e+11,1.36956e+16,1.38168e+16,2.14571e+09
8.15159e+06,113437,7.08724e+06,2.58159e+26,4.29624e+22,4.31166e+11,0.466105,9.60948e+30,0.03468,0.000164982,1.26966e-10,2.04069e-60,2.63698e+15,1.10395e+16,6.36207e+11,1.36772e+16,1.56274e+16,2.14191e+09
8.65159e+06,113329,7.0841e+06,3.0846e+26,5.125e+22,4.57602e+11,0.466517,9.56666e+30,0.03468,0.000164533,1.25731e-10,1.99747e-60,2.6328e+15,1.10241e+16,6.3508e+11,1.36576e+16,1.75386e+16,2.1379e+09
9.15159e+06,113214,7.08077e+06,3.6487e+26,6.0518e+22,4.84037e+11,0.466954,9.52151e+30,0.03468,0.000164059,1.24436e-10,1.95267e-60,2.62837e+15,1.10078e+16,6.33888e+11,1.36368e+16,1.9548e+16,2.13368e+09
9.65159e+06,113093,7.07726e+06,4.27728e+26,7.08147e+22,5.1047e+11,0.467416,9.47406e+30,0.03468,0.000163559,1.23083e-10,1.90646e-60,2.6237e+15,1.09906e+16,6.32632e+11,1.3615e+16,2.16531e+16,2.12925e+09
1.01516e+07,112967,7.07357e+06,4.97372e+26,8.21873e+22,5.369e+11,0.467903,9.42435e+30,0.03468,0.000163035,1.21674e-10,1.85898e-60,2.61879e+15,1.09726e+16,6.31312e+11,1.3592e+16,2.38511e+16,2.12461e+09
1.06516e+07,112833,7.06969e+06,5.74136e+26,9.46817e+22,5.63329e+11,0.468415,9.37241e+30,0.03468,0.000162485,1.20211e-10,1.81037e-60,2.61365e+15,1.09536e+16,6.29929e+11,1.35679e+16,2.61391e+16,2.11976e+09
1.11516e+07,112694,7.06563e+06,6.58356e+26,1.08342e+23,5.89755e+11,0.468953,9.31829e+30,0.03468,0.000161912,1.18697e-10,1.7608e-60,2.60827e+15,1.09338e+16,6.28482e+11,1.35427e+16,2.85144e+16,2.11471e+09
1.16516e+07,112548,7.06138e+06,7.5036e+26,1.23211e+23,6.16179e+11,0.469515,9.26203e+30,0.03468,0.000161315,1.17134e-10,1.71042e-60,2.60266e+15,1.09131e+16,6.26973e+11,1.35164e+16,3.09738e+16,2.10945e+09
1.21516e+07,112397,7.05695e+06,8.50477e+26,1.39331e+23,6.426e+11,0.470103,9.20367e+30,0.03468,0.000160693,1.15525e-10,1.65937e-60,2.59682e+15,1.08916e+16,6.25401e+11,1.3489e+16,3.35142e+16,2.104e+09
1.26516e+07,112239,7.05234e+06,9.59032e+26,1.5674e+23,6.69019e+11,0.470717,9.14326e+30,0.03468,0.000160049,1.13872e-10,1.6078e-60,2.59074e+15,1.08692e+16,6.23768e+11,1.34606e+16,3.61324e+16,2.09834e+09
1.31516e+07,112075,7.04755e+06,1.07635e+27,1.75477e+23,6.95435e+11,0.471356,9.08085e+30,0.03468,0.000159381,1.12177e-10,1.55586e-60,2.58444e+15,1.08459e+16,6.22074e+11,1.3431e+16,3.8825e+16,2.09248e+09
1.36516e+07,111905,7.04257e+06,1.20274e+27,1.95579e+23,7.21848e+11,0.47202,9.01647e+30,0.03468,0.00015869,1.10444e-10,1.50369e-60,2.57791e+15,1.08218e+16,6.2032e+11,1.34004e+16,4.15888e+16,2.08643e+09
1.41516e+07,111729,7.03742e+06,1.33853e+27,2.17079e+23,7.48259e+11,0.472711,8.95019e+30,0.03468,0.000157977,1.08675e-10,1.45143e-60,2.57115e+15,1.07969e+16,6.18505e+11,1.33687e+16,4.44202e+16,2.08018e+09
1.46516e+07,111547,7.03208e+06,1.48404e+27,2.40012e+23,7.74666e+11,0.473427,8.88204e+30,0.03468,0.000157242,1.06872e-10,1.39921e-60,2.56417e+15,1.07711e+16,6.16631e+11,1.33359e+16,4.73158e+16,2.07375e+09
1.51516e+07,111359,7.02656e+06,1.63956e+27,2.64408e+23,8.0107e+11,0.474169,8.81209e+30,0.03468,0.000156485,1.05039e-10,1.34716e-60,2.55697e+15,1.07446e+16,6.14698e+11,1.33021e+16,5.02718e+16,2.06711e+09
1.56516e+07,111165,7.02087e+06,1.8054e+27,2.90296e+23,8.27471e+11,0.474937,8.74038e+30,0.03468,0.000155706,1.03177e-10,1.29541e-60,2.54956e+15,1.07171e+16,6.12707e+11,1.32673e+16,5.32846e+16,2.06029e+09
1.61516e+07,110965,7.01499e+06,1.98188e+27,3.17704e+23,8.53869e+11,0.475731,8.66697e+30,0.03468,0.000154907,1.0129e-10,1.24408e-60,2.54192e+15,1.06889e+16,6.10659e+11,1.32315e+16,5.63505e+16,2.05329e+09
1.66516e+07,110759,7.00894e+06,2.16928e+27,3.46658e+23,8.80264e+11,0.476551,8.59191e+30,0.03468,0.000154087,9.938e-11,1.19326e-60,2.53407e+15,1.06599e+16,6.08554e+11,1.31946e+16,5.94658e+16,2.0461e+09
1.71516e+07,110548,7.00271e+06,2.36791e+27,3.77182e+23,9.06655e+11,0.477398,8.51525e+30,0.03468,0.000153246,9.74498e-11,1.14308e-60,2.52601e+15,1.06301e+16,6.06392e+11,1.31567e+16,6.26265e+16,2.03872e+09
1.76516e+07,110330,6.9963e+06,2.57806e+27,4.09296e+23,9.33042e+11,0.478271,8.43706e+30,0.03468,0.000152386,9.55019e-11,1.09363e-60,2.51774e+15,1.05995e+16,6.04175e+11,1.31178e+16,6.5829e+16,2.03117e+09
1.81516e+07,110107,6.98971e+06,2.80001e+27,4.43021e+23,9.59425e+11,0.479171,8.35738e+30,0.03468,0.000151506,9.35391e-11,1.045e-60,2.50926e+15,1.05681e+16,6.01903e+11,1.30779e+16,6.90692e+16,2.02343e+09
1.86516e+07,109878,6.98295e+06,3.03405e+27,4.78376e+23,9.85805e+11,0.480097,8.27628e+30,0.03468,0.000150606,9.15639e-11,9.97265e-61,2.50057e+15,1.05359e+16,5.99577e+11,1.30371e+16,7.23433e+16,2.01552e+09
1.91516e+07,109644,6.97601e+06,3.28047e+27,5.15375e+23,1.01218e+12,0.48105,8.19381e+30,0.03468,0.000149689,8.95788e-11,9.50516e-61,2.49168e+15,1.0503e+16,5.97198e+11,1.29953e+16,7.56473e+16,2.00744e+09
1.96516e+07,109404,6.9689e+06,3.53953e+27,5.54033e+23,1.03855e+12,0.482031,8.11002e+30,0.03468,0.000148753,8.75864e-11,9.04818e-61,2.4826e+15,1.04693e+16,5.94766e+11,1.29525e+16,7.89774e+16,1.99919e+09
2.01516e+07,109158,6.96161e+06,3.81151e+27,5.94362e+23,1.06492e+12,0.483038,8.02499e+30,0.03468,0.000147799,8.5589e-11,8.60233e-61,2.47331e+15,1.04348e+16,5.92282e+11,1.29088e+16,8.23295e+16,1.99076e+09
2.06516e+07,108907,6.95415e+06,4.09668e+27,6.36372e+23,1.09128e+12,0.484073,7.93876e+30,0.03468,0.000146827,8.35892e-11,8.16816e-61,2.46383e+15,1.03997e+16,5.89747e+11,1.28641e+16,8.56997e+16,1.98217e+09
2.11516e+07,108650,6.94651e+06,4.3953e+27,6.80071e+23,1.11764e+12,0.485135,7.85141e+30,0.03468,0.000145839,8.15892e-11,7.74615e-61,2.45415e+15,1.03638e+16,5.87162e+11,1.28185e+16,8.9084e+16,1.97342e+09
2.16516e+07,108388,6.93871e+06,4.70762e+27,7.25465e+23,1.144e+12,0.486225,7.76297e+30,0.03468,0.000144834,7.95914e-11,7.33672e-61,2.44429e+15,1.03271e+16,5.84527e+11,1.2772e+16,9.24786e+16,1.96451e+09
2.21516e+07,108120,6.93073e+06,5.03392e+27,7.72558e+23,1.17035e+12,0.487342,7.67352e+30,0.03468,0.000143813,7.7598e-11,6.94021e-61,2.43424e+15,1.02898e+16,5.81844e+11,1.27246e+16,9.58794e+16,1.95543e+09
2.26516e+07,107847,6.92258e+06,5.37443e+27,8.21353e+23,1.19669e+12,0.488487,7.58312e+30,0.03468,0.000142777,7.56112e-11,6.55689e-61,2.424e+15,1.02517e+16,5.79112e+11,1.26763e+16,9.92826e+16,1.9462e+09
2.31516e+07,107569,6.91427e+06,5.7294e+27,8.71849e+23,1.22303e+12,0.489661,7.49182e+30,0.03468,0.000141725,7.3633e-11,6.18697e-61,2.41358e+15,1.0213e+16,5.76334e+11,1.26271e+16,1.02684e+17,1.93682e+09
2.36516e+07,107285,6.90578e+06,6.09907e+27,9.24045e+23,1.24937e+12,0.490862,7.39968e+30,0.03468,0.000140658,7.16656e-11,5.83062e-61,2.40298e+15,1.01736e+16,5.73509e+11,1.25771e+16,1.06081e+17,1.92729e+09
2.41516e+07,106996,6.89712e+06,6.48369e+27,9.77938e+23,1.2757e+12,0.492092,7.30677e+30,0.03468,0.000139578,6.97109e-11,5.4879e-61,2.39221e+15,1.01334e+16,5.70639e+11,1.25262e+16,1.09468e+17,1.91761e+09
2.46516e+07,106702,6.8883e+06,6.88347e+27,1.03352e+24,1.30202e+12,0.493351,7.21314e+30,0.03468,0.000138483,6.77708e-11,5.15888e-61,2.38127e+15,1.00927e+16,5.67725e+11,1.24745e+16,1.12842e+17,1.90778e+09
2.51516e+07,106403,6.87931e+06,7.29864e+27,1.09079e+24,1.32835e+12,0.494638,7.11886e+30,0.03468,0.000137376,6.5847e-11,4.84351e-61,2.37015e+15,1.00512e+16,5.64767e+11,1.2422e+16,1.162e+17,1.89781e+09
2.56516e+07,106099,6.87015e+06,7.72943e+27,1.14973e+24,1.35466e+12,0.495954,7.02397e+30,0.03468,0.000136255,6.39414e-11,4.54174e-61,2.35887e+15,1.00092e+16,5.61766e+11,1.23686e+16,1.19537e+17,1.8877e+09
2.61516e+07,105790,6.86083e+06,8.17606e+27,1.21033e+24,1.38097e+12,0.497299,6.92855e+30,0.03468,0.000135122,6.20555e-11,4.25346e-61,2.34742e+15,9.96645e+15,5.58724e+11,1.23144e+16,1.2285e+17,1.87745e+09
2.66516e+07,105476,6.85134e+06,8.63873e+27,1.27259e+24,1.40727e+12,0.498674,6.83264e+30,0.03468,0.000133977,6.0191e-11,3.97851e-61,2.33581e+15,9.92312e+15,5.5564e+11,1.22595e+16,1.26136e+17,1.86707e+09
2.71516e+07,105156,6.8417e+06,9.11765e+27,1.33648e+24,1.43357e+12,0.500078,6.7363e+30,0.03468,0.000132821,5.83492e-11,3.7167e-61,2.32405e+15,9.87916e+15,5.52516e+11,1.22038e+16,1.29391e+17,1.85656e+09
2.76516e+07,104832,6.83188e+06,9.61302e+27,1.40199e+24,1.45987e+12,0.501512,6.6396e+30,0.03468,0.000131654,5.65316e-11,3.46779e-61,2.31212e+15,9.8346e+15,5.49354e+11,1.21473e+16,1.32611e+17,1.84592e+09
2.81516e+07,104504,6.82191e+06,1.0125e+28,1.4691e+24,1.48615e+12,0.502976,6.54259e+30,0.03468,0.000130476,5.47396e-11,3.23152e-61,2.30005e+15,9.78944e+15,5.46153e+11,1.209e+16,1.35793e+17,1.83516e+09
2.86516e+07,104170,6.81178e+06,1.06539e+28,1.53779e+24,1.51243e+12,0.50447,6.44532e+30,0.03468,0.000129289,5.29742e-11,3.00761e-61,2.28783e+15,9.74371e+15,5.42915e+11,1.20321e+16,1.38935e+17,1.82427e+09
2.91516e+07,103832,6.80148e+06,1.11998e+28,1.60804e+24,1.53871e+12,0.505994,6.34785e+30,0.03468,0.000128092,5.12367e-11,2.79574e-61,2.27546e+15,9.69739e+15,5.3964e+11,1.19734e+16,1.42032e+17,1.81326e+09
2.96516e+07,103489,6.79103e+06,1.17628e+28,1.67983e+24,1.56498e+12,0.507549,6.25024e+30,0.03468,0.000126886,4.95281e-11,2.59557e-61,2.26295e+15,9.65052e+15,5.3633e+11,1.1914e+16,1.45082e+17,1.80214e+09
3.01516e+07,103142,6.78042e+06,1.23433e+28,1.75313e+24,1.59124e+12,0.509134,6.15254e+30,0.03468,0.000125671,4.78494e-11,2.40674e-61,2.25031e+15,9.60309e+15,5.32986e+11,1.18539e+16,1.48081e+17,1.7909e+09
3.06516e+07,102790,6.76965e+06,1.29413e+28,1.82792e+24,1.61749e+12,0.510751,6.05479e+30,0.03468,0.000124449,4.62014e-11,2.22888e-61,2.23752e+15,9.55512e+15,5.29608e+11,1.17932e+16,1.51027e+17,1.77955e+09
3.11516e+07,102433,6.75872e+06,1.3557e+28,1.90416e+24,1.64374e+12,0.512399,5.95706e+30,0.03468,0.000123218,4.45849e-11,2.06161e-61,2.22461e+15,9.50662e+15,5.26197e+11,1.17318e+16,1.53917e+17,1.7681e+09
3.16516e+07,102072,6.74764e+06,1.41906e+28,1.98184e+24,1.66999e+12,0.514079,5.8594e+30,0.03468,0.000121981,4.30007e-11,1.90454e-61,2.21156e+15,9.45761e+15,5.22755e+11,1.16697e+16,1.56748e+17,1.75654e+09
3.21516e+07,101707,6.73641e+06,1.48421e+28,2.06092e+24,1.69622e+12,0.51579,5.76185e+30,0.03468,0.000120737,4.14494e-11,1.75726e-61,2.19839e+15,9.40808e+15,5.19283e+11,1.1607e+16,1.59518e+17,1.74488e+09
3.26516e+07,101338,6.72502e+06,1.55119e+28,2.14137e+24,1.72245e+12,0.517533,5.66446e+30,0.03468,0.000119487,3.99315e-11,1.61937e-61,2.1851e+15,9.35806e+15,5.1578e+11,1.15437e+16,1.62223e+17,1.73312e+09
3.31516e+07,100964,6.71348e+06,1.61999e+28,2.22315e+24,1.74867e+12,0.519309,5.56729e+30,0.03468,0.000118232,3.84476e-11,1.49045e-61,2.17169e+15,9.30756e+15,5.12249e+11,1.14798e+16,1.64862e+17,1.72126e+09
3.36516e+07,100586,6.70179e+06,1.69064e+28,2.30624e+24,1.77489e+12,0.521117,5.47038e+30,0.03468,0.000116971,3.6998e-11,1.37011e-61,2.15816e+15,9.25658e+15,5.0869e+11,1.14152e+16,1.67432e+17,1.70931e+09
3.41516e+07,100204,6.68995e+06,1.76315e+28,2.3906e+24,1.8011e+12,0.522958,5.37377e+30,0.03468,0.000115706,3.5583e-11,1.25794e-61,2.14452e+15,9.20514e+15,5.05105e+11,1.13502e+16,1.69931e+17,1.69728e+09
3.46516e+07,99818.5,6.67796e+06,1.83752e+28,2.47618e+24,1.8273e+12,0.524832,5.27752e+30,0.03468,0.000114436,3.42029e-11,1.15353e-61,2.13077e+15,9.15325e+15,5.01493e+11,1.12845e+16,1.72357e+17,1.68515e+09
3.51516e+07,99428.5,6.66582e+06,1.91378e+28,2.56296e+24,1.85349e+12,0.526739,5.18165e+30,0.03468,0.000113162,3.28579e-11,1.05649e-61,2.11691e+15,9.10092e+15,4.97857e+11,1.12183e+16,1.74708e+17,1.67295e+09
3.56516e+07,99034.7,6.65354e+06,1.99192e+28,2.6509e+24,1.87968e+12,0.52868,5.08623e+30,0.03468,0.000111885,3.15481e-11,9.6642e-62,2.10296e+15,9.04816e+15,4.94197e+11,1.11516e+16,1.76982e+17,1.66066e+09
3.61516e+07,98637,6.6411e+06,2.07197e+28,2.73996e+24,1.90585e+12,0.530655,4.99129e+30,0.03468,0.000110606,3.02735e-11,8.82947e-62,2.0889e+15,8.99499e+15,4.90514e+11,1.10844e+16,1.79177e+17,1.6483e+09
3.66516e+07,98235.5,6.62853e+06,2.15393e+28,2.83009e+24,1.93203e+12,0.532664,4.89687e+30,0.03468,0.000109323,2.90342e-11,8.05696e-62,2.07475e+15,8.94141e+15,4.86809e+11,1.10166e+16,1.81291e+17,1.63586e+09
3.71516e+07,97830.2,6.61581e+06,2.23782e+28,2.92126e+24,1.95819e+12,0.534708,4.803e+30,0.03468,0.000108039,2.78301e-11,7.34304e-62,2.0605e+15,8.88744e+15,4.83083e+11,1.09484e+16,1.83324e+17,1.62335e+09
3.76516e+07,97421.3,6.60295e+06,2.32363e+28,3.01343e+24,1.98434e+12,0.536787,4.70974e+30,0.03468,0.000106753,2.6661e-11,6.68421e-62,2.04617e+15,8.83309e+15,4.79337e+11,1.08797e+16,1.85273e+17,1.61078e+09
3.81516e+07,97008.9,6.58994e+06,2.41138e+28,3.10655e+24,2.01049e+12,0.5389,4.61711e+30,0.03468,0.000105466,2.55267e-11,6.07705e-62,2.03175e+15,8.77836e+15,4.75572e+11,1.08106e+16,1.87137e+17,1.59814e+09
3.86516e+07,96592.9,6.5768e+06,2.50108e+28,3.20058e+24,2.03663e+12,0.541049,4.52514e+30,0.03468,0.000104179,2.44272e-11,5.51831e-62,2.01725e+15,8.72328e+15,4.71789e+11,1.0741e+16,1.88916e+17,1.58543e+09
3.91516e+07,96173.4,6.56351e+06,2.59274e+28,3.29548e+24,2.06276e+12,0.543234,4.43389e+30,0.03468,0.000102891,2.33619e-11,5.00483e-62,2.00267e+15,8.66786e+15,4.67989e+11,1.0671e+16,1.90607e+17,1.57267e+09
3.96516e+07,95750.5,6.55009e+06,2.68635e+28,3.3912e+24,2.08888e+12,0.545455,4.34336e+30,0.03468,0.000101603,2.23307e-11,4.53361e-62,1.98802e+15,8.6121e+15,4.64172e+11,1.06006e+16,1.92211e+17,1.55986e+09
4.01516e+07,95324.3,6.53653e+06,2.78193e+28,3.4877e+24,2.11499e+12,0.547713,4.25361e+30,0.03468,0.000100316,2.13332e-11,4.10176e-62,1.97329e+15,8.55602e+15,4.60341e+11,1.05298e+16,1.93726e+17,1.54699e+09
4.06516e+07,94894.8,6.52284e+06,2.87949e+28,3.58494e+24,2.1411e+12,0.550007,4.16466e+30,0.03468,9.90294e-05,2.03689e-11,3.70654e-62,1.9585e+15,8.49962e+15,4.56495e+11,1.04586e+16,1.95151e+17,1.53407e+09
4.11516e+07,94462.2,6.50901e+06,2.97901e+28,3.68287e+24,2.16719e+12,0.552338,4.07653e+30,0.03468,9.77445e-05,1.94375e-11,3.34534e-62,1.94364e+15,8.44293e+15,4.52636e+11,1.0387e+16,1.96487e+17,1.5211e+09
4.16516e+07,94026.3,6.49504e+06,3.08052e+28,3.78145e+24,2.19328e+12,0.554707,3.98926e+30,0.03468,9.64613e-05,1.85383e-11,3.01568e-62,1.92871e+15,8.38594e+15,4.48764e+11,1.03151e+16,1.97731e+17,1.50809e+09
4.21516e+07,93587.5,6.48095e+06,3.18402e+28,3.88062e+24,2.21936e+12,0.557114,3.90287e+30,0.03468,9.51803e-05,1.7671e-11,2.71521e-62,1.91373e+15,8.32869e+15,4.44881e+11,1.02429e+16,1.98885e+17,1.49504e+09
4.26516e+07,93145.6,6.46672e+06,3.2895e+28,3.98035e+24,2.24542e+12,0.559559,3.81739e+30,0.03468,9.39017e-05,1.6835e-11,2.44172e-62,1.8987e+15,8.27116e+15,4.40987e+11,1.01703e+16,1.99948e+17,1.48196e+09
4.31516e+07,92700.7,6.45236e+06,3.39697e+28,4.08059e+24,2.27148e+12,0.562042,3.73284e+30,0.03468,9.26261e-05,1.60296e-11,2.19313e-62,1.88361e+15,8.21339e+15,4.37084e+11,1.00974e+16,2.00919e+17,1.46883e+09
4.36516e+07,92253,6.43787e+06,3.50643e+28,4.18129e+24,2.29753e+12,0.564565,3.64924e+30,0.03468,9.13537e-05,1.52544e-11,1.96747e-62,1.86847e+15,8.15537e+15,4.33172e+11,1.00243e+16,2.01798e+17,1.45568e+09
4.41516e+07,91802.5,6.42326e+06,3.61789e+28,4.2824e+24,2.32357e+12,0.567127,3.56662e+30,0.03468,9.0085e-05,1.45087e-11,1.76291e-62,1.85329e+15,8.09712e+15,4.29252e+11,9.95084e+15,2.02586e+17,1.44249e+09
4.46516e+07,91349.3,6.40852e+06,3.73133e+28,4.38389e+24,2.3496e+12,0.569728,3.48499e+30,0.03468,8.88202e-05,1.37918e-11,1.57771e-62,1.83806e+15,8.03865e+15,4.25325e+11,9.87714e+15,2.03283e+17,1.42928e+09
4.51516e+07,90893.4,6.39365e+06,3.84678e+28,4.48571e+24,2.37563e+12,0.57237,3.40437e+30,0.03468,8.75597e-05,1.31032e-11,1.41027e-62,1.8228e+15,7.97998e+15,4.21392e+11,9.8032e+15,2.03888e+17,1.41605e+09
4.56516e+07,90434.9,6.37866e+06,3.96421e+28,4.5878e+24,2.40164e+12,0.575052,3.32479e+30,0.03468,8.63038e-05,1.24421e-11,1.25908e-62,1.8075e+15,7.92111e+15,4.17454e+11,9.72903e+15,2.04403e+17,1.4028e+09
4.61516e+07,89973.8,6.36355e+06,4.08364e+28,4.69013e+24,2.42764e+12,0.577776,3.24625e+30,0.03468,8.5053e-05,1.1808e-11,1.12276e-62,1.79217e+15,7.86205e+15,4.13512e+11,9.65463e+15,2.04828e+17,1.38953e+09
4.66516e+07,89510.3,6.34831e+06,4.20506e+28,4.79265e+24,2.45363e+12,0.58054,3.16878e+30,0.03468,8.38074e-05,1.12e-11,9.99995e-63,1.77681e+15,7.80283e+15,4.09566e+11,9.58004e+15,2.05163e+17,1.37624e+09
4.71516e+07,89044.4,6.33296e+06,4.32846e+28,4.89532e+24,2.47961e+12,0.583347,3.09239e+30,0.03468,8.25675e-05,1.06175e-11,8.89588e-63,1.76142e+15,7.74344e+15,4.05618e+11,9.50526e+15,2.05408e+17,1.36294e+09
4.76516e+07,88576.1,6.31749e+06,4.45385e+28,4.99808e+24,2.50558e+12,0.586196,3.01708e+30,0.03468,8.13335e-05,1.00598e-11,7.90425e-63,1.74601e+15,7.68389e+15,4.01668e+11,9.4303e+15,2.05566e+17,1.34963e+09
4.81516e+07,88105.6,6.30189e+06,4.58123e+28,5.10091e+24,2.53154e+12,0.589087,2.94287e+30,0.03468,8.01057e-05,9.52616e-12,7.01478e-63,1.73058e+15,7.62421e+15,3.97717e+11,9.35519e+15,2.05636e+17,1.33632e+09
4.86516e+07,87632.9,6.28618e+06,4.71058e+28,5.20374e+24,2.55749e+12,0.592022,2.86977e+30,0.03468,7.88845e-05,9.01595e-12,6.21797e-63,1.71513e+15,7.5644e+15,3.93766e+11,9.27992e+15,2.05619e+17,1.323e+09
4.91516e+07,87158,6.27036e+06,4.84191e+28,5.30655e+24,2.58343e+12,0.595,2.7978e+30,0.03468,7.767e-05,8.52843e-12,5.50512e-63,1.69967e+15,7.50447e+15,3.89817e+11,9.20453e+15,2.05516e+17,1.30968e+09
4.96516e+07,86681.1,6.25442e+06,4.97521e+28,5.40928e+24,2.60936e+12,0.598023,2.72695e+30,0.03468,7.64626e-05,8.06289e-12,4.86818e-63,1.68419e+15,7.44444e+15,3.85868e+11,9.12902e+15,2.05329e+17,1.29636e+09
5.01516e+07,86202.1,6.23837e+06,5.11047e+28,5.5119e+24,2.63528e+12,0.601089,2.65724e+30,0.03468,7.52625e-05,7.61862e-12,4.29983e-63,1.66871e+15,7.38431e+15,3.81922e+11,9.0534e+15,2.05058e+17,1.28305e+09
5.06516e+07,85721.3,6.22221e+06,5.24769e+28,5.61437e+24,2.66118e+12,0.604201,2.58866e+30,0.03468,7.40701e-05,7.19493e-12,3.79333e-63,1.65323e+15,7.32409e+15,3.7798e+11,8.9777e+15,2.04705e+17,1.26974e+09
5.11516e+07,85238.5,6.20594e+06,5.38686e+28,5.71664e+24,2.68708e+12,0.607359,2.52124e+30,0.03468,7.28855e-05,6.79113e-12,3.34252e-63,1.63774e+15,7.2638e+15,3.74041e+11,8.90191e+15,2.0427e+17,1.25644e+09
5.16516e+07,84754,6.18955e+06,5.52798e+28,5.81867e+24,2.71296e+12,0.610563,2.45496e+30,0.03468,7.1709e-05,6.40652e-12,2.9418e-63,1.62225e+15,7.20344e+15,3.70107e+11,8.82607e+15,2.03756e+17,1.24315e+09
5.21516e+07,84267.7,6.17306e+06,5.67103e+28,5.92042e+24,2.73883e+12,0.613813,2.38984e+30,0.03468,7.05408e-05,6.04043e-12,2.58606e-63,1.60677e+15,7.14303e+15,3.66179e+11,8.75017e+15,2.03164e+17,1.22987e+09
5.26516e+07,83779.8,6.15647e+06,5.81601e+28,6.02186e+24,2.7647e+12,0.61711,2.32586e+30,0.03468,6.93812e-05,5.69219e-12,2.27066e-63,1.59129e+15,7.08258e+15,3.62257e+11,8.67424e+15,2.02495e+17,1.21662e+09
5.31516e+07,83290.2,6.13977e+06,5.96291e+28,6.12294e+24,2.79054e+12,0.620455,2.26305e+30,0.03468,6.82303e-05,5.36114e-12,1.99137e-63,1.57583e+15,7.02209e+15,3.58342e+11,8.59828e+15,2.0175e+17,1.20338e+09
5.36516e+07,82799.2,6.12296e+06,6.11173e+28,6.22364e+24,2.81638e+12,0.623848,2.20139e+30,0.03468,6.70885e-05,5.04663e-12,1.74438e-63,1.56037e+15,6.96158e+15,3.54435e+11,8.52231e+15,2.00932e+17,1.19016e+09
5.41516e+07,82306.6,6.10605e+06,6.26245e+28,6.32391e+24,2.84221e+12,0.627289,2.14088e+30,0.03468,6.59558e-05,4.74801e-12,1.52622e-63,1.54493e+15,6.90106e+15,3.50536e+11,8.44634e+15,2.00042e+17,1.17696e+09
5.46516e+07,81812.6,6.08904e+06,6.41505e+28,6.42371e+24,2.86802e+12,0.63078,2.08153e+30,0.03468,6.48325e-05,4.46467e-12,1.33378e-63,1.52951e+15,6.84054e+15,3.46646e+11,8.37039e+15,1.99081e+17,1.16379e+09
5.51516e+07,81317.3,6.07194e+06,6.56954e+28,6.52302e+24,2.89382e+12,0.634321,2.02333e+30,0.03468,6.37188e-05,4.19598e-12,1.16424e-63,1.51411e+15,6.78002e+15,3.42767e+11,8.29447e+15,1.98051e+17,1.15065e+09
5.56516e+07,80820.8,6.05473e+06,6.7259e+28,6.62179e+24,2.91961e+12,0.637912,1.96627e+30,0.03468,6.26148e-05,3.94136e-12,1.01505e-63,1.49873e+15,6.71952e+15,3.38898e+11,8.21858e+15,1.96954e+17,1.13754e+09
5.61516e+07,80323,6.03742e+06,6.88412e+28,6.72e+24,2.94539e+12,0.641554,1.91035e+30,0.03468,6.15208e-05,3.70021e-12,8.83951e-64,1.48338e+15,6.65904e+15,3.3504e+11,8.14275e+15,1.95792e+17,1.12446e+09
5.66516e+07,79824,6.02002e+06,7.04419e+28,6.81762e+24,2.97115e+12,0.645248,1.85558e+30,0.03468,6.04368e-05,3.47195e-12,7.68881e-64,1.46805e+15,6.5986e+15,3.31194e+11,8.06698e+15,1.94567e+17,1.11142e+09
5.71516e+07,79324,6.00252e+06,7.20609e+28,6.9146e+24,2.99691e+12,0.648993,1.80193e+30,0.03468,5.9363e-05,3.25604e-12,6.6801e-64,1.45276e+15,6.53821e+15,3.2736e+11,7.99129e+15,1.9328e+17,1.09841e+09
5.76516e+07,78822.9,5.98493e+06,7.36981e+28,7.01093e+24,3.02264e+12,0.652792,1.74941e+30,0.03468,5.82997e-05,3.05194e-12,5.79696e-64,1.43749e+15,6.47787e+15,3.2354e+11,7.91569e+15,1.91934e+17,1.08544e+09
5.81516e+07,78320.9,5.96725e+06,7.53534e+28,7.10657e+24,3.04837e+12,0.656644,1.698e+30,0.03468,5.72468e-05,2.8591e-12,5.02471e-64,1.42227e+15,6.4176e+15,3.19733e+11,7.84019e+15,1.90529e+17,1.07252e+09
5.86516e+07,77818,5.94948e+06,7.70266e+28,7.2015e+24,3.07408e+12,0.660549,1.64771e+30,0.03468,5.62046e-05,2.67703e-12,4.35027e-64,1.40708e+15,6.3574e+15,3.15941e+11,7.76479e+15,1.89069e+17,1.05963e+09
5.91516e+07,77314.2,5.93162e+06,7.87177e+28,7.29568e+24,3.09978e+12,0.66451,1.59852e+30,0.03468,5.51732e-05,2.50522e-12,3.76199e-64,1.39193e+15,6.29728e+15,3.12164e+11,7.68952e+15,1.87556e+17,1.04679e+09
5.96516e+07,76809.7,5.91367e+06,8.04264e+28,7.38909e+24,3.12547e+12,0.668526,1.55042e+30,0.03468,5.41526e-05,2.34319e-12,3.24948e-64,1.37682e+15,6.23726e+15,3.08402e+11,7.61439e+15,1.8599e+17,1.034e+09
6.01516e+07,76304.5,5.89563e+06,8.21526e+28,7.4817e+24,3.15114e+12,0.672598,1.50341e+30,0.03468,5.31431e-05,2.19049e-12,2.80354e-64,1.36176e+15,6.17733e+15,3.04657e+11,7.5394e+15,1.84374e+17,1.02125e+09
6.06516e+07,75798.6,5.87751e+06,8.38961e+28,7.5735e+24,3.1768e+12,0.676726,1.45746e+30,0.03468,5.21446e-05,2.04665e-12,2.416e-64,1.34675e+15,6.11751e+15,3.00928e+11,7.46456e+15,1.82711e+17,1.00856e+09
6.11516e+07,75292.1,5.8593e+06,8.56569e+28,7.66445e+24,3.20245e+12,0.680912,1.41259e+30,0.03468,5.11573e-05,1.91125e-12,2.07963e-64,1.33179e+15,6.05781e+15,2.97216e+11,7.38989e+15,1.81002e+17,9.95917e+08
6.16516e+07,74785.1,5.84101e+06,8.74347e+28,7.75453e+24,3.22808e+12,0.685156,1.36876e+30,0.03468,5.01813e-05,1.78387e-12,1.78802e-64,1.31687e+15,5.99824e+15,2.93522e+11,7.3154e+15,1.79249e+17,9.8333e+08
6.21516e+07,74277.7,5.82263e+06,8.92293e+28,7.84373e+24,3.2537e+12,0.689459,1.32597e+30,0.03468,4.92167e-05,1.66409e-12,1.53553e-64,1.30201e+15,5.93879e+15,2.89847e+11,7.2411e+15,1.77454e+17,9.70798e+08
6.26516e+07,73769.8,5.80418e+06,9.10406e+28,7.93202e+24,3.2793e+12,0.693821,1.28422e+30,0.03468,4.82635e-05,1.55155e-12,1.31717e-64,1.28721e+15,5.87949e+15,2.8619e+11,7.16699e+15,1.75619e+17,9.58323e+08
6.31516e+07,73261.5,5.78565e+06,9.28684e+28,8.01939e+24,3.30489e+12,0.698243,1.24348e+30,0.03468,4.73217e-05,1.44585e-12,1.12857e-64,1.27246e+15,5.82035e+15,2.82552e+11,7.09309e+15,1.73746e+17,9.45908e+08
6.36516e+07,72753,5.76704e+06,9.47126e+28,8.10581e+24,3.33047e+12,0.702726,1.20374e+30,0.03468,4.63916e-05,1.34665e-12,9.65861e-65,1.25778e+15,5.76135e+15,2.78934e+11,7.01941e+15,1.71838e+17,9.33554e+08
6.41516e+07,72244.3,5.74835e+06,9.65729e+28,8.19126e+24,3.35603e+12,0.707271,1.16499e+30,0.03468,4.5473e-05,1.2536e-12,8.25662e-65,1.24315e+15,5.70253e+15,2.75337e+11,6.94596e+15,1.69895e+17,9.21262e+08
6.46516e+07,71735.4,5.72959e+06,9.84492e+28,8.27574e+24,3.38157e+12,0.711879,1.12722e+30,0.03468,4.45661e-05,1.16637e-12,7.05005e-65,1.22859e+15,5.64388e+15,2.7176e+11,6.87274e+15,1.67921e+17,9.09034e+08
6.51516e+07,71226.3,5.71076e+06,1.00341e+29,8.35922e+24,3.4071e+12,0.71655,1.09042e+30,0.03468,4.36708e-05,1.08464e-12,6.01291e-65,1.21409e+15,5.58541e+15,2.68204e+11,6.79977e+15,1.65917e+17,8.96871e+08
6.56516e+07,70717.2,5.69185e+06,1.02249e+29,8.4417e+24,3.43262e+12,0.721284,1.05456e+30,0.03468,4.27873e-05,1.00811e-12,5.12248e-65,1.19967e+15,5.52712e+15,2.64669e+11,6.72705e+15,1.63885e+17,8.84776e+08
6.61516e+07,70208.1,5.67287e+06,1.04172e+29,8.52315e+24,3.45812e+12,0.726084,1.01965e+30,0.03468,4.19155e-05,9.36493e-13,4.35894e-65,1.18531e+15,5.46903e+15,2.61157e+11,6.6546e+15,1.61827e+17,8.72748e+08
6.66516e+07,69699.1,5.65382e+06,1.0611e+29,8.60356e+24,3.48361e+12,0.73095,9.85648e+29,0.03468,4.10555e-05,8.6951e-13,3.70497e-65,1.17102e+15,5.41115e+15,2.57667e+11,6.58242e+15,1.59746e+17,8.60791e+08
6.71516e+07,69190.1,5.6347e+06,1.08063e+29,8.68293e+24,3.50908e+12,0.735882,9.52558e+29,0.03468,4.02072e-05,8.06897e-13,3.14554e-65,1.1568e+15,5.35347e+15,2.54199e+11,6.51053e+15,1.57642e+17,8.48904e+08
6.76516e+07,68681.3,5.61552e+06,1.10031e+29,8.76124e+24,3.53454e+12,0.740881,9.2036e+29,0.03468,3.93708e-05,7.48405e-13,2.66753e-65,1.14266e+15,5.29601e+15,2.50755e+11,6.43892e+15,1.55517e+17,8.3709e+08
6.81516e+07,68172.8,5.59627e+06,1.12014e+29,8.83848e+24,3.55998e+12,0.745949,8.89039e+29,0.03468,3.85461e-05,6.93792e-13,2.2596e-65,1.12859e+15,5.23878e+15,2.47334e+11,6.36761e+15,1.53374e+17,8.2535e+08
6.86516e+07,67664.5,5.57695e+06,1.14011e+29,8.91465e+24,3.5854e+12,0.751086,8.58581e+29,0.03468,3.77332e-05,6.42831e-13,1.91188e-65,1.1146e+15,5.18177e+15,2.43937e+11,6.29661e+15,1.51215e+17,8.13684e+08
6.91516e+07,67156.5,5.55757e+06,1.16022e+29,8.98974e+24,3.61081e+12,0.756293,8.2897e+29,0.03468,3.69321e-05,5.95306e-13,1.61583e-65,1.10069e+15,5.125e+15,2.40564e+11,6.22593e+15,1.49041e+17,8.02095e+08
6.96516e+07,66648.9,5.53813e+06,1.18047e+29,9.06373e+24,3.6362e+12,0.761571,8.00191e+29,0.03468,3.61427e-05,5.51008e-13,1.36408e-65,1.08686e+15,5.06846e+15,2.37215e+11,6.15556e+15,1.46854e+17,7.90582e+08
7.01516e+07,66141.7,5.51863e+06,1.20085e+29,9.13663e+24,3.66158e+12,0.76692,7.72229e+29,0.03468,3.53651e-05,5.09744e-13,1.15025e-65,1.07311e+15,5.01218e+15,2.33891e+11,6.08553e+15,1.44656e+17,7.79149e+08
7.06516e+07,65635,5.49906e+06,1.22138e+29,9.20843e+24,3.68694e+12,0.772343,7.45069e+29,0.03468,3.45992e-05,4.71326e-13,9.68848e-66,1.05944e+15,4.95615e+15,2.30592e+11,6.01583e+15,1.42448e+17,7.67794e+08
7.11516e+07,65128.9,5.47944e+06,1.24203e+29,9.27912e+24,3.71228e+12,0.77784,7.18694e+29,0.03468,3.3845e-05,4.3558e-13,8.15131e-66,1.04586e+15,4.90039e+15,2.27319e+11,5.94648e+15,1.40232e+17,7.5652e+08
7.16516e+07,64623.3,5.45976e+06,1.26281e+29,9.3487e+24,3.73761e+12,0.783411,6.9309e+29,0.03468,3.31025e-05,4.02337e-13,6.8503e-66,1.03236e+15,4.84488e+15,2.24071e+11,5.87747e+15,1.3801e+17,7.45327e+08
7.21516e+07,64118.3,5.44003e+06,1.28373e+29,9.41716e+24,3.76292e+12,0.789058,6.68241e+29,0.03468,3.23715e-05,3.7144e-13,5.75046e-66,1.01896e+15,4.78965e+15,2.20849e+11,5.80883e+15,1.35784e+17,7.34217e+08
7.26516e+07,63614.1,5.42024e+06,1.30476e+29,9.48452e+24,3.78822e+12,0.794782,6.44131e+29,0.03468,3.16522e-05,3.4274e-13,4.82178e-66,1.00563e+15,4.7347e+15,2.17653e+11,5.74055e+15,1.33554e+17,7.23191e+08
7.31516e+07,63110.5,5.4004e+06,1.32593e+29,9.55076e+24,3.81349e+12,0.800583,6.20746e+29,0.03468,3.09443e-05,3.16095e-13,4.03854e-66,9.92402e+14,4.68002e+15,2.14483e+11,5.67264e+15,1.31323e+17,7.12248e+08
7.36516e+07,62607.8,5.38051e+06,1.34721e+29,9.61588e+24,3.83875e+12,0.806463,5.9807e+29,0.03468,3.0248e-05,2.91372e-13,3.37873e-66,9.79261e+14,4.62564e+15,2.1134e+11,5.60511e+15,1.29092e+17,7.01391e+08
7.41516e+07,62105.8,5.36056e+06,1.36861e+29,9.67989e+24,3.864e+12,0.812424,5.76087e+29,0.03468,2.9563e-05,2.68446e-13,2.82355e-66,9.66211e+14,4.57155e+15,2.08224e+11,5.53796e+15,1.26862e+17,6.90619e+08
7.46516e+07,61604.7,5.34057e+06,1.39013e+29,9.74278e+24,3.88922e+12,0.818465,5.54783e+29,0.03468,2.88895e-05,2.47197e-13,2.35695e-66,9.53254e+14,4.51775e+15,2.05135e+11,5.47121e+15,1.24635e+17,6.79934e+08
7.51516e+07,61104.6,5.32052e+06,1.41176e+29,9.80456e+24,3.91443e+12,0.824588,5.34141e+29,0.03468,2.82272e-05,2.27513e-13,1.96526e-66,9.4039e+14,4.46425e+15,2.02073e+11,5.40484e+15,1.22413e+17,6.69337e+08
7.56516e+07,60605.4,5.30043e+06,1.4335e+29,9.86523e+24,3.93962e+12,0.830795,5.14148e+29,0.03468,2.75761e-05,2.0929e-13,1.63684e-66,9.27621e+14,4.41106e+15,1.99038e+11,5.33888e+15,1.20196e+17,6.58828e+08
7.61516e+07,60107.2,5.2803e+06,1.45535e+29,9.92479e+24,3.9648e+12,0.837086,4.94788e+29,0.03468,2.69362e-05,1.92429e-13,1.36177e-66,9.14947e+14,4.35818e+15,1.96031e+11,5.27333e+15,1.17986e+17,6.48407e+08
7.66516e+07,59610.1,5.26012e+06,1.47731e+29,9.98325e+24,3.98995e+12,0.843462,4.76046e+29,0.03468,2.63074e-05,1.76836e-13,1.13167e-66,9.0237e+14,4.30562e+15,1.93051e+11,5.20818e+15,1.15784e+17,6.38077e+08
7.71516e+07,59114.1,5.23989e+06,1.49937e+29,1.00406e+25,4.01509e+12,0.849925,4.57907e+29,0.03468,2.56896e-05,1.62423e-13,9.39402e-67,8.8989e+14,4.25338e+15,1.90099e+11,5.14346e+15,1.13592e+17,6.27836e+08
7.76516e+07,58619.2,5.21963e+06,1.52153e+29,1.00969e+25,4.04021e+12,0.856476,4.40358e+29,0.03468,2.50827e-05,1.4911e-13,7.78932e-67,8.77508e+14,4.20145e+15,1.87175e+11,5.07915e+15,1.1141e+17,6.17686e+08
7.81516e+07,58125.4,5.19932e+06,1.54379e+29,1.01521e+25,4.06531e+12,0.863116,4.23382e+29,0.03468,2.44866e-05,1.36818e-13,6.45155e-67,8.65225e+14,4.14986e+15,1.84279e+11,5.01527e+15,1.0924e+17,6.07627e+08
7.86516e+07,57633,5.17897e+06,1.56615e+29,1.02062e+25,4.09039e+12,0.869846,4.06967e+29,0.03468,2.39013e-05,1.25476e-13,5.33761e-67,8.53041e+14,4.0986e+15,1.81412e+11,4.95182e+15,1.07082e+17,5.97659e+08
7.91516e+07,57141.7,5.15859e+06,1.5886e+29,1.02592e+25,4.11545e+12,0.876668,3.91097e+29,0.03468,2.33267e-05,1.15016e-13,4.4111e-67,8.40957e+14,4.04767e+15,1.78572e+11,4.8888e+15,1.04939e+17,5.87784e+08
7.96516e+07,56651.8,5.13817e+06,1.61114e+29,1.03111e+25,4.14049e+12,0.883582,3.7576e+29,0.03468,2.27626e-05,1.05375e-13,3.64138e-67,8.28975e+14,3.99708e+15,1.75761e+11,4.82623e+15,1.0281e+17,5.78001e+08
8.01516e+07,56163.2,5.11771e+06,1.63377e+29,1.0362e+25,4.16552e+12,0.890591,3.6094e+29,0.03468,2.2209e-05,9.64925e-14,3.00264e-67,8.17094e+14,3.94683e+15,1.72978e+11,4.76409e+15,1.00697e+17,5.68312e+08
8.06516e+07,55676,5.09721e+06,1.65649e+29,1.04119e+25,4.19053e+12,0.897695,3.46625e+29,0.03468,2.16658e-05,8.83144e-14,2.47321e-67,8.05315e+14,3.89692e+15,1.70224e+11,4.70241e+15,9.86006e+16,5.58716e+08
8.11516e+07,55190.3,5.07669e+06,1.67929e+29,1.04607e+25,4.21551e+12,0.904896,3.328e+29,0.03468,2.11329e-05,8.07886e-14,2.03487e-67,7.93638e+14,3.84737e+15,1.67499e+11,4.64117e+15,9.65219e+16,5.49213e+08
8.16516e+07,54706,5.05613e+06,1.70217e+29,1.05084e+25,4.24048e+12,0.912195,3.19454e+29,0.03468,2.06102e-05,7.38669e-14,1.67238e-67,7.82065e+14,3.79816e+15,1.64802e+11,4.58039e+15,9.44617e+16,5.39805e+08
8.21516e+07,54223.2,5.03553e+06,1.72513e+29,1.05552e+25,4.26543e+12,0.919594,3.06571e+29,0.03468,2.00975e-05,6.75041e-14,1.37294e-67,7.70595e+14,3.74931e+15,1.62133e+11,4.52006e+15,9.24207e+16,5.30491e+08
8.26516e+07,53741.9,5.01491e+06,1.74816e+29,1.06009e+25,4.29036e+12,0.927094,2.94141e+29,0.03468,1.95948e-05,6.16584e-14,1.12587e-67,7.5923e+14,3.70081e+15,1.59494e+11,4.4602e+15,9.03997e+16,5.21271e+08
8.31516e+07,53262.2,4.99426e+06,1.77127e+29,1.06456e+25,4.31527e+12,0.934696,2.8215e+29,0.03468,1.9102e-05,5.62905e-14,9.22251e-68,7.47969e+14,3.65267e+15,1.56883e+11,4.4008e+15,8.83995e+16,5.12147e+08
8.36516e+07,52784.1,4.97358e+06,1.79444e+29,1.06893e+25,4.34016e+12,0.942401,2.70585e+29,0.03468,1.8619e-05,5.13642e-14,7.54624e-68,7.36812e+14,3.6049e+15,1.543e+11,4.34186e+15,8.64206e+16,5.03117e+08
8.41516e+07,52307.6,4.95287e+06,1.81769e+29,1.0732e+25,4.36502e+12,0.950213,2.59435e+29,0.03468,1.81456e-05,4.68454e-14,6.16785e-68,7.25761e+14,3.55748e+15,1.51747e+11,4.2834e+15,8.44637e+16,4.94183e+08
8.46516e+07,51832.9,4.93214e+06,1.841e+29,1.07738e+25,4.38987e+12,0.958131,2.48687e+29,0.03468,1.76817e-05,4.27027e-14,5.03569e-68,7.14815e+14,3.51044e+15,1.49222e+11,4.2254e+15,8.25295e+16,4.85343e+08
8.51516e+07,51359.8,4.91139e+06,1.86437e+29,1.08146e+25,4.4147e+12,0.966157,2.3833e+29,0.03468,1.72272e-05,3.89068e-14,4.10684e-68,7.03975e+14,3.46376e+15,1.46726e+11,4.16788e+15,8.06184e+16,4.766e+08
8.56516e+07,50888.5,4.89061e+06,1.8878e+29,1.08544e+25,4.43951e+12,0.974294,2.28352e+29,0.03468,1.67821e-05,3.54306e-14,3.34564e-68,6.93241e+14,3.41745e+15,1.44258e+11,4.11084e+15,7.87311e+16,4.67951e+08
8.61516e+07,50418.9,4.8698e+06,1.91129e+29,1.08934e+25,4.4643e+12,0.982542,2.18741e+29,0.03468,1.63461e-05,3.22488e-14,2.72254e-68,6.82612e+14,3.37152e+15,1.4182e+11,4.05427e+15,7.6868e+16,4.59399e+08
8.66516e+07,49951.2,4.84898e+06,1.93483e+29,1.09313e+25,4.48906e+12,0.990903,2.09487e+29,0.03468,1.59193e-05,2.9338e-14,2.21306e-68,6.72091e+14,3.32596e+15,1.39409e+11,3.99819e+15,7.50295e+16,4.50942e+08
8.71516e+07,49485.3,4.82814e+06,1.95843e+29,1.09684e+25,4.51381e+12,0.999379,2.00578e+29,0.03468,1.55014e-05,2.66766e-14,1.79695e-68,6.61675e+14,3.28077e+15,1.37028e+11,3.94258e+15,7.32161e+16,4.4258e+08
8.76516e+07,49021.2,4.80727e+06,1.98207e+29,1.10046e+25,4.53853e+12,1.00797,1.92005e+29,0.03468,1.50923e-05,2.42445e-14,1.45748e-68,6.51366e+14,3.23596e+15,1.34675e+11,3.88746e+15,7.14281e+16,4.34314e+08
8.81516e+07,48559.1,4.78639e+06,2.00576e+29,1.10399e+25,4.56323e+12,1.01668,1.83756e+29,0.03468,1.4692e-05,2.20231e-14,1.18084e-68,6.41164e+14,3.19153e+15,1.3235e+11,3.83283e+15,6.96659e+16,4.26144e+08
8.86516e+07,48098.8,4.7655e+06,2.0295e+29,1.10743e+25,4.58791e+12,1.02551,1.75821e+29,0.03468,1.43002e-05,1.99953e-14,9.55672e-69,6.31068e+14,3.14748e+15,1.30054e+11,3.77868e+15,6.79299e+16,4.18069e+08
8.91516e+07,47640.6,4.74458e+06,2.05327e+29,1.11078e+25,4.61257e+12,1.03447,1.6819e+29,0.03468,1.3917e-05,1.81451e-14,7.72591e-69,6.21079e+14,3.10381e+15,1.27786e+11,3.72502e+15,6.62202e+16,4.10089e+08
8.96516e+07,47184.3,4.72366e+06,2.07709e+29,1.11405e+25,4.63721e+12,1.04354,1.60854e+29,0.03468,1.35421e-05,1.64579e-14,6.23902e-69,6.11196e+14,3.06053e+15,1.25546e+11,3.67185e+15,6.45371e+16,4.02205e+08
9.01516e+07,46730,4.70271e+06,2.10094e+29,1.11724e+25,4.66183e+12,1.05274,1.53803e+29,0.03468,1.31755e-05,1.49201e-14,5.03278e-69,6.0142e+14,3.01762e+15,1.23334e+11,3.61917e+15,6.28809e+16,3.94416e+08
9.06516e+07,46277.8,4.68176e+06,2.12482e+29,1.12034e+25,4.68642e+12,1.06207,1.47027e+29,0.03468,1.28169e-05,1.35193e-14,4.05532e-69,5.91751e+14,2.9751e+15,1.21151e+11,3.56698e+15,6.12516e+16,3.86722e+08
9.11516e+07,45827.6,4.66079e+06,2.14874e+29,1.12337e+25,4.71099e+12,1.07153,1.40518e+29,0.03468,1.24664e-05,1.22439e-14,3.26414e-69,5.82188e+14,2.93297e+15,1.18995e+11,3.51528e+15,5.96496e+16,3.79123e+08
9.16516e+07,45379.5,4.63982e+06,2.17268e+29,1.12631e+25,4.73554e+12,1.08112,1.34266e+29,0.03468,1.21238e-05,1.10833e-14,2.62445e-69,5.72731e+14,2.89122e+15,1.16867e+11,3.46407e+15,5.80749e+16,3.71618e+08
9.21516e+07,44933.5,4.61883e+06,2.19665e+29,1.12918e+25,4.76007e+12,1.09084,1.28264e+29,0.03468,1.17889e-05,1.00277e-14,2.10782e-69,5.63381e+14,2.84986e+15,1.14767e+11,3.41335e+15,5.65276e+16,3.64208e+08
9.26516e+07,44489.6,4.59784e+06,2.22064e+29,1.13197e+25,4.78457e+12,1.1007,1.22502e+29,0.03468,1.14617e-05,9.06808e-15,1.69105e-69,5.54136e+14,2.80888e+15,1.12695e+11,3.36313e+15,5.50077e+16,3.56892e+08
9.31516e+07,44047.9,4.57684e+06,2.24465e+29,1.13468e+25,4.80905e+12,1.1107,1.16972e+29,0.03468,1.1142e-05,8.19625e-15,1.3552e-69,5.44997e+14,2.76829e+15,1.1065e+11,3.3134e+15,5.35154e+16,3.49669e+08
9.36516e+07,43608.4,4.55583e+06,2.26867e+29,1.13732e+25,4.83351e+12,1.12083,1.11666e+29,0.03468,1.08297e-05,7.40455e-15,1.08487e-69,5.35964e+14,2.72809e+15,1.08632e+11,3.26416e+15,5.20506e+16,3.42541e+08
9.41516e+07,43171.1,4.53481e+06,2.29272e+29,1.13989e+25,4.85795e+12,1.13111,1.06576e+29,0.03468,1.05246e-05,6.68599e-15,8.67522e-70,5.27036e+14,2.68827e+15,1.06642e+11,3.21541e+15,5.06134e+16,3.35505e+08
9.46516e+07,42736,4.51379e+06,2.31677e+29,1.14238e+25,4.88236e+12,1.14152,1.01696e+29,0.03468,1.02267e-05,6.03416e-15,6.92961e-70,5.18213e+14,2.64884e+15,1.04678e+11,3.16716e+15,4.92036e+16,3.28563e+08
9.51516e+07,42303.2,4.49277e+06,2.34084e+29,1.14481e+25,4.90675e+12,1.15209,9.70168e+28,0.03468,9.93589e-06,5.44317e-15,5.52922e-70,5.09495e+14,2.6098e+15,1.02742e+11,3.1194e+15,4.78213e+16,3.21713e+08
9.56516e+07,41872.6,4.47175e+06,2.36491e+29,1.14717e+25,4.93111e+12,1.1628,9.25319e+28,0.03468,9.65196e-06,4.90762e-15,4.40703e-70,5.00881e+14,2.57115e+15,1.00832e+11,3.07213e+15,4.64665e+16,3.14956e+08
9.61516e+07,41444.3,4.45072e+06,2.38899e+29,1.14946e+25,4.95545e+12,1.17367,8.82343e+28,0.03468,9.37482e-06,4.42256e-15,3.50878e-70,4.92372e+14,2.53289e+15,9.89492e+10,3.02536e+15,4.51389e+16,3.0829e+08
9.66516e+07,41018.3,4.4297e+06,2.41307e+29,1.15168e+25,4.97977e+12,1.18468,8.41172e+28,0.03468,9.10436e-06,3.98346e-15,2.79056e-70,4.83965e+14,2.49501e+15,9.70926e+10,2.97907e+15,4.38384e+16,3.01716e+08
9.71516e+07,40594.6,4.40867e+06,2.43715e+29,1.15385e+25,5.00406e+12,1.19585,8.01739e+28,0.03468,8.84046e-06,3.58618e-15,2.21694e-70,4.75663e+14,2.45752e+15,9.52622e+10,2.93328e+15,4.25651e+16,2.95233e+08
9.76516e+07,40173.3,4.38765e+06,2.46122e+29,1.15594e+25,5.02833e+12,1.20718,7.63982e+28,0.03468,8.58301e-06,3.22691e-15,1.75932e-70,4.67463e+14,2.42041e+15,9.3458e+10,2.88797e+15,4.13186e+16,2.88841e+08
9.81516e+07,39754.3,4.36662e+06,2.4853e+29,1.15798e+25,5.05257e+12,1.21867,7.27836e+28,0.03468,8.33188e-06,2.90218e-15,1.39464e-70,4.59366e+14,2.38369e+15,9.16797e+10,2.84315e+15,4.00988e+16,2.82539e+08
9.86516e+07,39337.7,4.3456e+06,2.50936e+29,1.15996e+25,5.07679e+12,1.23032,6.93244e+28,0.03468,8.08696e-06,2.60884e-15,1.10435e-70,4.51371e+14,2.34736e+15,8.99271e+10,2.79882e+15,3.89056e+16,2.76327e+08
9.91516e+07,38923.5,4.32459e+06,2.53341e+29,1.16187e+25,5.10099e+12,1.24213,6.60145e+28,0.03468,7.84814e-06,2.34398e-15,0,4.43477e+14,2.31141e+15,8.82002e+10,2.75498e+15,3.77388e+16,2.70204e+08
9.96516e+07,38511.7,4.30358e+06,2.55745e+29,1.16373e+25,5.12516e+12,1.25411,6.28483e+28,0.03468,7.6153e-06,2.10496e-15,0,4.35685e+14,2.27585e+15,8.64986e+10,2.71162e+15,3.65981e+16,2.64171e+08
1.00152e+08,38102.3,4.28257e+06,2.58148e+29,1.16553e+25,5.1493e+12,1.26626,5.98204e+28,0.03468,7.38833e-06,1.88938e-15,0,4.27993e+14,2.24066e+15,8.48222e+10,2.66874e+15,3.54832e+16,2.58225e+08
1.00652e+08,37695.3,4.26158e+06,2.60549e+29,1.16728e+25,5.17342e+12,1.27859,5.69254e+28,0.03468,7.16712e-06,1.69503e-15,0,4.20401e+14,2.20586e+15,8.31709e+10,2.62635e+15,3.4394e+16,2.52368e+08
1.01152e+08,37290.8,4.24059e+06,2.62948e+29,1.16897e+25,5.19751e+12,1.29109,5.41582e+28,0.03468,6.95155e-06,1.51991e-15,0,4.1291e+14,2.17144e+15,8.15443e+10,2.58443e+15,3.33303e+16,2.46598e+08
1.01652e+08,36888.8,4.2196e+06,2.65344e+29,1.17062e+25,5.22158e+12,1.30377,5.15137e+28,0.03468,6.74151e-06,1.36221e-15,0,4.05517e+14,2.1374e+15,7.99424e+10,2.543e+15,3.22916e+16,2.40915e+08
1.02152e+08,36489.2,4.19863e+06,2.67739e+29,1.17221e+25,5.24562e+12,1.31663,4.89872e+28,0.03468,6.5369e-06,1.22026e-15,0,3.98222e+14,2.10374e+15,7.83649e+10,2.50204e+15,3.12778e+16,2.35318e+08
1.02652e+08,36092.1,4.17767e+06,2.7013e+29,1.17375e+25,5.26964e+12,1.32967,4.6574e+28,0.03468,6.3376e-06,1.09255e-15,0,3.91026e+14,2.07046e+15,7.68116e+10,2.46156e+15,3.02885e+16,2.29807e+08
1.03152e+08,35697.5,4.15672e+06,2.72519e+29,1.17524e+25,5.29363e+12,1.3429,4.42696e+28,0.03468,6.14351e-06,9.77729e-16,0,3.83927e+14,2.03755e+15,7.52823e+10,2.42156e+15,2.93236e+16,2.24382e+08
1.03652e+08,35305.4,4.13578e+06,2.74904e+29,1.17668e+25,5.31759e+12,1.35632,4.20696e+28,0.03468,5.95453e-06,8.74534e-16,0,3.76924e+14,2.00502e+15,7.37769e+10,2.38202e+15,2.83825e+16,2.19041e+08
1.04152e+08,34915.9,4.11485e+06,2.77286e+29,1.17808e+25,5.34153e+12,1.36994,3.99698e+28,0.03468,5.77054e-06,7.8184e-16,0,3.70018e+14,1.97287e+15,7.2295e+10,2.34296e+15,2.74651e+16,2.13784e+08
1.04652e+08,34528.8,4.09394e+06,2.79665e+29,1.17943e+25,5.36544e+12,1.38375,3.79661e+28,0.03468,5.59145e-06,6.98622e-16,0,3.63208e+14,1.94108e+15,7.08365e+10,2.30436e+15,2.6571e+16,2.08611e+08
1.05152e+08,34144.3,4.07304e+06,2.82039e+29,1.18073e+25,5.38933e+12,1.39776,3.60546e+28,0.03468,5.41715e-06,6.23949e-16,0,3.56492e+14,1.90967e+15,6.94011e+10,2.26623e+15,2.56999e+16,2.0352e+08
1.05652e+08,33762.4,4.05216e+06,2.8441e+29,1.182e+25,5.41319e+12,1.41197,3.42316e+28,0.03468,5.24754e-06,5.56979e-16,0,3.4987e+14,1.87863e+15,6.79887e+10,2.22856e+15,2.48514e+16,1.98512e+08
1.06152e+08,33383,4.03129e+06,2.86776e+29,1.18322e+25,5.43702e+12,1.42639,3.24932e+28,0.03468,5.08252e-06,4.96948e-16,0,3.43342e+14,1.84795e+15,6.65991e+10,2.19136e+15,2.40252e+16,1.93586e+08
1.06652e+08,33006.2,4.01044e+06,2.89138e+29,1.1844e+25,5.46082e+12,1.44102,3.08361e+28,0.03468,4.92199e-06,4.43165e-16,0,3.36907e+14,1.81764e+15,6.52319e+10,2.15461e+15,2.3221e+16,1.88741e+08
1.07152e+08,32631.9,3.98961e+06,2.91495e+29,1.18554e+25,5.4846e+12,1.45586,2.92568e+28,0.03468,4.76585e-06,3.95004e-16,0,3.30564e+14,1.7877e+15,6.3887e+10,2.11832e+15,2.24383e+16,1.83976e+08
1.07652e+08,32260.2,3.9688e+06,2.93847e+29,1.18665e+25,5.50834e+12,1.47091,2.7752e+28,0.03468,4.61402e-06,3.519e-16,0,3.24313e+14,1.75811e+15,6.25642e+10,2.08249e+15,2.16769e+16,1.79291e+08
1.08152e+08,31891.2,3.948e+06,2.96194e+29,1.18771e+25,5.53207e+12,1.48619,2.63185e+28,0.03468,4.46638e-06,3.13343e-16,0,3.18152e+14,1.72889e+15,6.12632e+10,2.04711e+15,2.09364e+16,1.74685e+08
1.08652e+08,31524.6,3.92723e+06,2.98535e+29,1.18874e+25,5.55576e+12,1.50169,2.49533e+28,0.03468,4.32285e-06,2.78869e-16,0,3.12082e+14,1.70003e+15,5.99838e+10,2.01217e+15,2.02163e+16,1.70158e+08
1.09152e+08,31160.7,3.90647e+06,3.00871e+29,1.18974e+25,5.57942e+12,1.51742,2.36535e+28,0.03468,4.18333e-06,2.48064e-16,0,3.06101e+14,1.67153e+15,5.87258e+10,1.97769e+15,1.95164e+16,1.65709e+08
1.09652e+08,30799.4,3.88574e+06,3.03201e+29,1.1907e+25,5.60306e+12,1.53338,2.24163e+28,0.03468,4.04774e-06,2.2055e-16,0,3.00209e+14,1.64338e+15,5.74889e+10,1.94364e+15,1.88363e+16,1.61337e+08
1.10152e+08,30440.7,3.86503e+06,3.05526e+29,1.19162e+25,5.62667e+12,1.54957,2.12388e+28,0.03468,3.91599e-06,1.95989e-16,0,2.94404e+14,1.61558e+15,5.6273e+10,1.91004e+15,1.81756e+16,1.57042e+08
1.10652e+08,30084.7,3.84434e+06,3.07844e+29,1.19251e+25,5.65025e+12,1.566,2.01186e+28,0.03468,3.78798e-06,1.74074e-16,0,2.88687e+14,1.58813e+15,5.50778e+10,1.87688e+15,1.75339e+16,1.52822e+08
1.11152e+08,29731.2,3.82367e+06,3.10155e+29,1.19338e+25,5.6738e+12,1.58268,1.9053e+28,0.03468,3.66363e-06,1.54532e-16,0,2.83056e+14,1.56104e+15,5.3903e+10,1.84415e+15,1.69108e+16,1.48678e+08
1.11652e+08,29380.3,3.80303e+06,3.1246e+29,1.19421e+25,5.69732e+12,1.5996,1.80397e+28,0.03468,3.54285e-06,1.37115e-16,0,2.77511e+14,1.53429e+15,5.27485e+10,1.81185e+15,1.63061e+16,1.44609e+08
1.12152e+08,29032.1,3.78242e+06,3.14759e+29,1.19501e+25,5.72081e+12,1.61677,1.70763e+28,0.03468,3.42556e-06,1.21598e-16,0,2.7205e+14,1.50789e+15,5.1614e+10,1.77999e+15,1.57192e+16,1.40613e+08
1.12652e+08,28686.5,3.76183e+06,3.1705e+29,1.19578e+25,5.74428e+12,1.6342,1.61606e+28,0.03468,3.31168e-06,1.07783e-16,0,2.66674e+14,1.48182e+15,5.04992e+10,1.74855e+15,1.51499e+16,1.36691e+08
1.13152e+08,28343.5,3.74126e+06,3.19334e+29,1.19652e+25,5.76771e+12,1.65189,1.52904e+28,0.03468,3.20112e-06,9.54889e-17,0,2.61381e+14,1.4561e+15,4.9404e+10,1.71753e+15,1.45978e+16,1.32841e+08
1.13652e+08,28003.1,3.72072e+06,3.21611e+29,1.19724e+25,5.79111e+12,1.66984,1.44637e+28,0.03468,3.0938e-06,8.45538e-17,0,2.56171e+14,1.43072e+15,4.83281e+10,1.68694e+15,1.40624e+16,1.29063e+08
1.14152e+08,27665.4,3.70021e+06,3.23881e+29,1.19793e+25,5.81449e+12,1.68806,1.36785e+28,0.03468,2.98965e-06,7.48327e-17,0,2.51042e+14,1.40567e+15,4.72713e+10,1.65676e+15,1.35435e+16,1.25357e+08
1.14652e+08,27330.3,3.67973e+06,3.26142e+29,1.1986e+25,5.83783e+12,1.70655,1.2933e+28,0.03468,2.88859e-06,6.61954e-17,0,2.45995e+14,1.38096e+15,4.62333e+10,1.627e+15,1.30407e+16,1.2172e+08
1.15152e+08,26997.8,3.65928e+06,3.28396e+29,1.19924e+25,5.86115e+12,1.72533,1.22252e+28,0.03468,2.79053e-06,5.8525e-17,0,2.41027e+14,1.35658e+15,4.5214e+10,1.59765e+15,1.25535e+16,1.18154e+08
1.15652e+08,26668,3.63886e+06,3.30642e+29,1.19985e+25,5.88443e+12,1.74438,1.15534e+28,0.03468,2.69541e-06,5.17168e-17,0,2.36139e+14,1.33253e+15,4.4213e+10,1.56871e+15,1.20817e+16,1.14656e+08
1.16152e+08,26340.8,3.61846e+06,3.3288e+29,1.20044e+25,5.90768e+12,1.76373,1.09159e+28,0.03468,2.60316e-06,4.56771e-17,0,2.3133e+14,1.3088e+15,4.32301e+10,1.54017e+15,1.16249e+16,1.11227e+08
1.16652e+08,26016.2,3.5981e+06,3.35109e+29,1.20101e+25,5.93091e+12,1.78336,1.03112e+28,0.03468,2.51369e-06,4.0322e-17,0,2.26599e+14,1.2854e+15,4.22652e+10,1.51204e+15,1.11827e+16,1.07866e+08
1.17152e+08,25694.2,3.57777e+06,3.37329e+29,1.20156e+25,5.9541e+12,1.8033,9.73774e+27,0.03468,2.42695e-06,3.55763e-17,0,2.21944e+14,1.26232e+15,4.1318e+10,1.4843e+15,1.07548e+16,1.04572e+08
1.17652e+08,25374.9,3.55747e+06,3.39541e+29,1.20209e+25,5.97726e+12,1.82354,9.19397e+27,0.03468,2.34285e-06,3.13729e-17,0,2.17366e+14,1.23955e+15,4.03883e+10,1.45696e+15,1.03408e+16,1.01344e+08
1.18152e+08,25058.1,3.5372e+06,3.41744e+29,1.2026e+25,6.00039e+12,1.84408,8.67849e+27,0.03468,2.26133e-06,2.76518e-17,0,2.12863e+14,1.21711e+15,3.94757e+10,1.43001e+15,9.94037e+15,9.81817e+07
1.18652e+08,24744,3.51697e+06,3.43938e+29,1.20309e+25,6.02349e+12,1.86494,8.18997e+27,0.03468,2.18233e-06,2.43594e-17,0,2.08434e+14,1.19498e+15,3.85802e+10,1.40345e+15,9.55319e+15,9.50842e+07
1.19152e+08,24432.6,3.49677e+06,3.46123e+29,1.20355e+25,6.04655e+12,1.88612,7.72711e+27,0.03468,2.10578e-06,2.14478e-17,0,2.0408e+14,1.17316e+15,3.77015e+10,1.37728e+15,9.17891e+15,9.2051e+07
1.19652e+08,24123.7,3.4766e+06,3.48298e+29,1.204e+25,6.06959e+12,1.90763,7.28867e+27,0.03468,2.03161e-06,1.88743e-17,0,1.99798e+14,1.15165e+15,3.68393e+10,1.35148e+15,8.8172e+15,8.90813e+07
1.20152e+08,23817.4,3.45647e+06,3.50463e+29,1.20444e+25,6.09259e+12,1.92946,6.87346e+27,0.03468,1.95976e-06,1.6601e-17,0,1.95588e+14,1.13044e+15,3.59934e+10,1.32607e+15,8.46773e+15,8.61744e+07
1.20652e+08,23513.8,3.43638e+06,3.5262e+29,1.20485e+25,6.11556e+12,1.95164,6.48034e+27,0.03468,1.89017e-06,1.45938e-17,0,1.9145e+14,1.10954e+15,3.51636e+10,1.30103e+15,8.13017e+15,8.33296e+07
1.21152e+08,23212.7,3.41632e+06,3.54766e+29,1.20525e+25,6.1385e+12,1.97415,6.10824e+27,0.03468,1.82278e-06,1.28225e-17,0,1.87382e+14,1.08894e+15,3.43497e+10,1.27636e+15,7.80421e+15,8.05462e+07
1.21652e+08,22914.3,3.39629e+06,3.56902e+29,1.20563e+25,6.16141e+12,1.99702,5.75612e+27,0.03468,1.75753e-06,1.12603e-17,0,1.83384e+14,1.06864e+15,3.35514e+10,1.25206e+15,7.48952e+15,7.78235e+07
1.22152e+08,22618.4,3.37631e+06,3.59028e+29,1.206e+25,6.18428e+12,2.02024,5.42298e+27,0.03468,1.69436e-06,9.88318e-18,0,1.79455e+14,1.04864e+15,3.27686e+10,1.22812e+15,7.18581e+15,7.51608e+07
1.22652e+08,22325.1,3.35636e+06,3.61144e+29,1.20635e+25,6.20712e+12,2.04382,5.10789e+27,0.03468,1.63321e-06,8.66987e-18,0,1.75594e+14,1.02892e+15,3.2001e+10,1.20455e+15,6.89277e+15,7.25575e+07
1.23152e+08,22034.5,3.33645e+06,3.6325e+29,1.20669e+25,6.22993e+12,2.06777,4.80993e+27,0.03468,1.57404e-06,7.60147e-18,0,1.718e+14,1.0095e+15,3.12483e+10,1.18133e+15,6.61009e+15,7.00128e+07
1.23652e+08,21746.3,3.31657e+06,3.65344e+29,1.20701e+25,6.2527e+12,2.0921,4.52825e+27,0.03468,1.51677e-06,6.66118e-18,0,1.68072e+14,9.90368e+14,3.05105e+10,1.15847e+15,6.33748e+15,6.7526e+07
1.24152e+08,21460.8,3.29674e+06,3.67429e+29,1.20732e+25,6.27544e+12,2.11681,4.26202e+27,0.03468,1.46137e-06,5.83407e-18,0,1.6441e+14,9.71519e+14,2.97871e+10,1.13596e+15,6.07465e+15,6.50966e+07
1.24652e+08,21177.8,3.27695e+06,3.69502e+29,1.20762e+25,6.29815e+12,2.14191,4.01045e+27,0.03468,1.40778e-06,5.10692e-18,0,1.60813e+14,9.52953e+14,2.90782e+10,1.1138e+15,5.82132e+15,6.27237e+07
1.25152e+08,20897.4,3.25719e+06,3.71565e+29,1.20791e+25,6.32082e+12,2.1674,3.77281e+27,0.03468,1.35594e-06,4.468e-18,0,1.5728e+14,9.34666e+14,2.83833e+10,1.09197e+15,5.57721e+15,6.04066e+07
1.25652e+08,20619.6,3.23748e+06,3.73616e+29,1.20818e+25,6.34346e+12,2.1933,3.54837e+27,0.03468,1.30582e-06,3.9069e-18,0,1.5381e+14,9.16657e+14,2.77024e+10,1.07049e+15,5.34205e+15,5.81449e+07
1.26152e+08,20344.3,3.2178e+06,3.75657e+29,1.20844e+25,6.36607e+12,2.21961,3.33646e+27,0.03468,1.25735e-06,3.41441e-18,0,1.50402e+14,8.98922e+14,2.70351e+10,1.04935e+15,5.11556e+15,5.59376e+07
1.26652e+08,20071.5,3.19817e+06,3.77686e+29,1.20869e+25,6.38864e+12,2.24634,3.13642e+27,0.03468,1.21049e-06,2.98238e-18,0,1.47057e+14,8.81458e+14,2.63813e+10,1.02854e+15,4.89748e+15,5.37842e+07
1.27152e+08,19801.2,3.17858e+06,3.79704e+29,1.20893e+25,6.41117e+12,2.2735,2.94764e+27,0.03468,1.1652e-06,2.60359e-18,0,1.43771e+14,8.64264e+14,2.57409e+10,1.00806e+15,4.68756e+15,5.1684e+07
1.27652e+08,19533.5,3.15903e+06,3.8171e+29,1.20916e+25,6.43367e+12,2.30109,2.76953e+27,0.03468,1.12143e-06,2.27167e-18,0,1.40546e+14,8.47335e+14,2.51134e+10,9.87906e+14,4.48555e+15,4.96363e+07
1.28152e+08,19268.3,3.13953e+06,3.83705e+29,1.20938e+25,6.45614e+12,2.32912,2.60153e+27,0.03468,1.07914e-06,1.98098e-18,0,1.3738e+14,8.3067e+14,2.44989e+10,9.68074e+14,4.29119e+15,4.76405e+07
1.28652e+08,19005.6,3.12006e+06,3.85687e+29,1.20959e+25,6.47857e+12,2.35761,2.4431e+27,0.03468,1.03827e-06,1.72653e-18,0,1.34273e+14,8.14265e+14,2.3897e+10,9.48562e+14,4.10425e+15,4.56959e+07
1.29152e+08,18745.4,3.10064e+06,3.87658e+29,1.20979e+25,6.50097e+12,2.38655,2.29374e+27,0.03468,9.98799e-07,1.50393e-18,0,1.31223e+14,7.98118e+14,2.33076e+10,9.29365e+14,3.92448e+15,4.38019e+07
1.29652e+08,18487.7,3.08127e+06,3.89618e+29,1.20998e+25,6.52333e+12,2.41597,2.15296e+27,0.03468,9.60675e-07,1.3093e-18,0,1.2823e+14,7.82227e+14,2.27304e+10,9.1048e+14,3.75167e+15,4.19577e+07
1.30152e+08,18232.5,3.06194e+06,3.91565e+29,1.21017e+25,6.54565e+12,2.44586,2.02031e+27,0.03468,9.23859e-07,1.13922e-18,0,1.25293e+14,7.66588e+14,2.21654e+10,8.91903e+14,3.58558e+15,4.01628e+07
1.30652e+08,17979.7,3.04265e+06,3.935e+29,1.21034e+25,6.56794e+12,2.47624,1.89534e+27,0.03468,8.88313e-07,9.90684e-19,0,1.22412e+14,7.51199e+14,2.16121e+10,8.73632e+14,3.426e+15,3.84165e+07
1.31152e+08,17729.4,3.02341e+06,3.95422e+29,1.21051e+25,6.59019e+12,2.50711,1.77765e+27,0.03468,8.53997e-07,8.61028e-19,0,1.19585e+14,7.36057e+14,2.10706e+10,8.55662e+14,3.27271e+15,3.67181e+07
1.31652e+08,17481.6,3.00421e+06,3.97333e+29,1.21067e+25,6.61241e+12,2.53849,1.66684e+27,0.03468,8.20875e-07,7.47917e-19,0,1.16811e+14,7.21159e+14,2.05405e+10,8.37991e+14,3.1255e+15,3.50671e+07
1.32152e+08,17236.1,2.98506e+06,3.99231e+29,1.21082e+25,6.63459e+12,2.57039,1.56252e+27,0.03468,7.8891e-07,6.49297e-19,0,1.14091e+14,7.06502e+14,2.00217e+10,8.20614e+14,2.98416e+15,3.34627e+07
1.32652e+08,16993.2,2.96595e+06,4.01117e+29,1.21097e+25,6.65674e+12,2.60281,1.46436e+27,0.03468,7.58067e-07,5.6336e-19,0,1.11423e+14,6.92085e+14,1.95141e+10,8.03528e+14,2.84851e+15,3.19044e+07
1.33152e+08,16752.6,2.9469e+06,4.0299e+29,1.21111e+25,6.67884e+12,2.63577,1.372e+27,0.03468,7.28312e-07,4.88517e-19,0,1.08807e+14,6.77903e+14,1.90173e+10,7.86729e+14,2.71833e+15,3.03916e+07
1.33652e+08,16514.5,2.92788e+06,4.0485e+29,1.21124e+25,6.70091e+12,2.66927,1.28513e+27,0.03468,6.99609e-07,4.23374e-19,0,1.06241e+14,6.63956e+14,1.85313e+10,7.70215e+14,2.59345e+15,2.89235e+07
1.34152e+08,16278.7,2.90892e+06,4.06697e+29,1.21137e+25,6.72294e+12,2.70334,1.20344e+27,0.03468,6.71927e-07,3.66706e-19,0,1.03726e+14,6.50238e+14,1.80558e+10,7.53982e+14,2.47369e+15,2.74997e+07
1.34652e+08,16045.4,2.89e+06,4.08532e+29,1.21149e+25,6.74494e+12,2.73797,1.12664e+27,0.03468,6.45234e-07,3.17438e-19,0,1.01259e+14,6.36749e+14,1.75906e+10,7.38026e+14,2.35885e+15,2.61195e+07
1.35152e+08,15814.4,2.87113e+06,4.10354e+29,1.2116e+25,6.7669e+12,2.77318,1.05447e+27,0.03468,6.19499e-07,2.74629e-19,0,9.88416e+13,6.23486e+14,1.71357e+10,7.22344e+14,2.24877e+15,2.47822e+07
1.35652e+08,15585.8,2.85231e+06,4.12163e+29,1.21171e+25,6.78882e+12,2.80898,9.8665e+26,0.03468,5.94691e-07,2.37454e-19,0,9.64718e+13,6.10445e+14,1.66908e+10,7.06933e+14,2.14328e+15,2.34873e+07
1.36152e+08,15359.6,2.83353e+06,4.13959e+29,1.21182e+25,6.8107e+12,2.84538,9.22946e+26,0.03468,5.7078e-07,2.05191e-19,0,9.41491e+13,5.97624e+14,1.62557e+10,6.91789e+14,2.04222e+15,2.22342e+07
1.36652e+08,15135.6,2.81481e+06,4.15742e+29,1.21192e+25,6.83254e+12,2.8824,8.63122e+26,0.03468,5.47738e-07,1.77206e-19,0,9.18728e+13,5.8502e+14,1.58302e+10,6.76909e+14,1.94542e+15,2.10223e+07
1.37152e+08,14914.1,2.79613e+06,4.17512e+29,1.21201e+25,6.85434e+12,2.92005,8.06956e+26,0.03468,5.25538e-07,1.52947e-19,0,8.96422e+13,5.72631e+14,1.54142e+10,6.62289e+14,1.85273e+15,1.9851e+07
1.37652e+08,14694.8,2.77751e+06,4.19269e+29,1.2121e+25,6.87611e+12,2.95834,7.54239e+26,0.03468,5.04152e-07,1.3193e-19,0,8.74566e+13,5.60454e+14,1.50076e+10,6.47926e+14,1.764e+15,1.87198e+07
1.38152e+08,14477.9,2.75893e+06,4.21012e+29,1.21219e+25,6.89784e+12,2.99728,7.04771e+26,0.03468,4.83553e-07,1.13732e-19,0,8.53153e+13,5.48487e+14,1.46101e+10,6.33817e+14,1.67908e+15,1.7628e+07
1.38652e+08,14263.2,2.7404e+06,4.22742e+29,1.21227e+25,6.91953e+12,3.03689,6.58366e+26,0.03468,4.63715e-07,9.79857e-20,0,8.32177e+13,5.36727e+14,1.42216e+10,6.19959e+14,1.59783e+15,1.6575e+07
1.39152e+08,14050.9,2.72192e+06,4.24459e+29,1.21235e+25,6.94117e+12,3.07718,6.14846e+26,0.03468,4.44615e-07,8.43679e-20,0,8.1163e+13,5.25171e+14,1.38419e+10,6.06348e+14,1.52011e+15,1.55604e+07
1.39652e+08,13840.8,2.7035e+06,4.26162e+29,1.21242e+25,6.96278e+12,3.11816,5.74042e+26,0.03468,4.26227e-07,7.25983e-20,0,7.91506e+13,5.13816e+14,1.34708e+10,5.9298e+14,1.44579e+15,1.45835e+07
1.40152e+08,13633,2.68512e+06,4.27852e+29,1.21249e+25,6.98435e+12,3.15985,5.35795e+26,0.03468,4.08528e-07,6.24322e-20,0,7.71798e+13,5.02661e+14,1.31083e+10,5.79854e+14,1.37473e+15,1.36438e+07
1.40652e+08,13427.4,2.66679e+06,4.29528e+29,1.21256e+25,7.00588e+12,3.20227,4.99955e+26,0.03468,3.91495e-07,5.36565e-20,0,7.52499e+13,4.91702e+14,1.2754e+10,5.66965e+14,1.30683e+15,1.27408e+07
1.41152e+08,13224.1,2.64852e+06,4.31191e+29,1.21262e+25,7.02737e+12,3.24542,4.6638e+26,0.03468,3.75105e-07,4.60857e-20,0,7.33602e+13,4.80938e+14,1.2408e+10,5.5431e+14,1.24194e+15,1.18738e+07
1.41652e+08,13023,2.63029e+06,4.3284e+29,1.21268e+25,7.04882e+12,3.28933,4.34935e+26,0.03468,3.59338e-07,3.95583e-20,0,7.15102e+13,4.70365e+14,1.207e+10,5.41887e+14,1.17996e+15,1.10424e+07
1.42152e+08,12824.1,2.61212e+06,4.34475e+29,1.21274e+25,7.07023e+12,3.33401,4.05494e+26,0.03468,3.44172e-07,3.39341e-20,0,6.96991e+13,4.59981e+14,1.17399e+10,5.29691e+14,1.12076e+15,1.02459e+07
1.42652e+08,12627.3,2.594e+06,4.36097e+29,1.2128e+25,7.0916e+12,3.37947,3.77936e+26,0.03468,3.29586e-07,2.90911e-20,0,6.79264e+13,4.49783e+14,1.14175e+10,5.17721e+14,1.06425e+15,9.48398e+06
1.43152e+08,12432.8,2.57593e+06,4.37705e+29,1.21285e+25,7.11293e+12,3.42574,3.52148e+26,0.03468,3.15561e-07,2.49233e-20,0,6.61914e+13,4.39769e+14,1.11027e+10,5.05972e+14,1.01031e+15,8.75595e+06
1.43652e+08,12240.5,2.55792e+06,4.393e+29,1.2129e+25,7.13421e+12,3.47283,3.28023e+26,0.03468,3.02078e-07,2.1339e-20,0,6.44934e+13,4.29937e+14,1.07953e+10,4.94441e+14,9.58843e+14,8.06133e+06
1.44152e+08,12050.3,2.53995e+06,4.4088e+29,1.21294e+25,7.15546e+12,3.52075,3.05461e+26,0.03468,2.89117e-07,1.82583e-20,0,6.28319e+13,4.20284e+14,1.04952e+10,4.83126e+14,9.09745e+14,7.39958e+06
1.44652e+08,11862.2,2.52204e+06,4.42447e+29,1.21299e+25,7.17666e+12,3.56953,2.84367e+26,0.03468,2.76662e-07,1.56123e-20,0,6.12062e+13,4.10808e+14,1.02023e+10,4.72024e+14,8.62922e+14,6.7702e+06
1.45152e+08,11676.3,2.50418e+06,4.44e+29,1.21303e+25,7.19782e+12,3.61918,2.6465e+26,0.03468,2.64693e-07,1.3341e-20,0,5.96157e+13,4.01505e+14,9.91635e+09,4.61131e+14,8.18279e+14,6.17266e+06
1.45652e+08,11492.5,2.48637e+06,4.4554e+29,1.21307e+25,7.21894e+12,3.66973,2.46226e+26,0.03468,2.53195e-07,1.13926e-20,0,5.80598e+13,3.92375e+14,9.63729e+09,4.50444e+14,7.75729e+14,5.60644e+06
1.46152e+08,11310.8,2.46862e+06,4.47065e+29,1.21311e+25,7.24002e+12,3.72119,2.29015e+26,0.03468,2.42151e-07,9.72232e-21,0,5.6538e+13,3.83414e+14,9.36497e+09,4.39961e+14,7.35183e+14,5.07105e+06
1.46652e+08,11131.2,2.45092e+06,4.48577e+29,1.21314e+25,7.26105e+12,3.77358,2.12942e+26,0.03468,2.31544e-07,8.29139e-21,0,5.50496e+13,3.7462e+14,9.09925e+09,4.29679e+14,6.96559e+14,4.56596e+06
1.47152e+08,10953.7,2.43327e+06,4.50074e+29,1.21318e+25,7.28204e+12,3.82693,1.97936e+26,0.03468,2.21359e-07,7.0663e-21,0,5.3594e+13,3.65991e+14,8.84e+09,4.19594e+14,6.59775e+14,4.09067e+06
1.47652e+08,10778.2,2.41568e+06,4.51558e+29,1.21321e+25,7.30299e+12,3.88124,1.83931e+26,0.03468,2.11581e-07,6.01815e-21,0,5.21708e+13,3.57524e+14,8.5871e+09,4.09703e+14,6.24754e+14,3.64467e+06
1.48152e+08,10604.8,2.39814e+06,4.53028e+29,1.21324e+25,7.3239e+12,3.93656,1.70863e+26,0.03468,2.02196e-07,5.12198e-21,0,5.07792e+13,3.49217e+14,8.3404e+09,4.00005e+14,5.91421e+14,3.22745e+06
1.48652e+08,10433.4,2.38065e+06,4.54484e+29,1.21327e+25,7.34476e+12,3.99289,1.58674e+26,0.03468,1.9319e-07,4.35626e-21,0,4.94188e+13,3.41068e+14,8.09979e+09,3.90495e+14,5.59703e+14,2.83851e+06
1.49152e+08,10264,2.36322e+06,4.55926e+29,1.2133e+25,7.36558e+12,4.05026,1.47308e+26,0.03468,1.84548e-07,3.70245e-21,0,4.8089e+13,3.33074e+14,7.86514e+09,3.81171e+14,5.29531e+14,2.47734e+06
1.49652e+08,10096.6,2.34584e+06,4.57354e+29,1.21332e+25,7.38635e+12,4.1087,1.36712e+26,0.03468,1.76257e-07,3.14457e-21,0,4.67893e+13,3.25234e+14,7.63633e+09,3.72031e+14,5.00837e+14,2.14342e+06
1.50152e+08,9931.27,2.32852e+06,4.58768e+29,1.21335e+25,7.40709e+12,4.16822,1.26838e+26,0.03468,1.68306e-07,2.66887e-21,0,4.5519e+13,3.17545e+14,7.41324e+09,3.63071e+14,4.73558e+14,1.83623e+06
1.50652e+08,9767.88,2.31125e+06,4.60169e+29,1.21337e+25,7.42777e+12,4.22886,1.17638e+26,0.03468,1.6068e-07,2.26353e-21,0,4.42777e+13,3.10004e+14,7.19576e+09,3.54289e+14,4.47631e+14,1.55525e+06
1.51152e+08,9606.45,2.29403e+06,4.61555e+29,1.21339e+25,7.44841e+12,4.29063,1.09071e+26,0.03468,1.53369e-07,1.91839e-21,0,4.30649e+13,3.0261e+14,6.98375e+09,3.45682e+14,4.22995e+14,1.29995e+06
1.51652e+08,9446.97,2.27687e+06,4.62928e+29,1.21341e+25,7.46901e+12,4.35357,1.01094e+26,0.03468,1.4636e-07,1.6247e-21,0,4.188e+13,2.9536e+14,6.77711e+09,3.37247e+14,3.99595e+14,1.06977e+06
1.52152e+08,9289.43,2.25977e+06,4.64286e+29,1.21343e+25,7.48957e+12,4.4177,9.36691e+25,0.03468,1.39643e-07,1.37497e-21,0,4.07224e+13,2.88253e+14,6.57573e+09,3.28982e+14,3.77373e+14,864162
1.52652e+08,9133.82,2.24271e+06,4.65631e+29,1.21345e+25,7.51007e+12,4.48305,8.67606e+25,0.03468,1.33206e-07,1.16278e-21,0,3.95918e+13,2.81285e+14,6.3795e+09,3.20883e+14,3.56278e+14,682534
1.53152e+08,8980.11,2.22572e+06,4.66962e+29,1.21347e+25,7.53054e+12,4.54964,8.03346e+25,0.03468,1.27039e-07,9.82607e-22,0,3.84876e+13,2.74456e+14,6.1883e+09,3.12949e+14,3.36258e+14,524274
1.53652e+08,8828.29,2.20878e+06,4.68279e+29,1.21348e+25,7.55095e+12,4.61751,7.43593e+25,0.03468,1.21132e-07,8.29735e-22,0,3.74093e+13,2.67762e+14,6.00202e+09,3.05177e+14,3.17264e+14,388728
1.54152e+08,8678.35,2.19189e+06,4.69582e+29,1.2135e+25,7.57132e+12,4.68669,6.88047e+25,0.03468,1.15475e-07,7.00121e-22,0,3.63563e+13,2.61202e+14,5.82057e+09,2.97564e+14,2.99248e+14,275192
1.54652e+08,8530.28,2.17506e+06,4.70871e+29,1.21351e+25,7.59165e+12,4.7572,6.36431e+25,0.03468,1.10058e-07,5.90307e-22,0,3.53284e+13,2.54774e+14,5.64384e+09,2.90108e+14,2.82166e+14,182887
1.55152e+08,8384.05,2.15828e+06,4.72146e+29,1.21353e+25,7.61193e+12,4.82908,5.88481e+25,0.03468,1.04873e-07,4.97338e-22,0,3.43248e+13,2.48475e+14,5.47172e+09,2.82805e+14,2.65974e+14,110931
1.55652e+08,8239.67,2.14156e+06,4.73408e+29,1.21354e+25,7.63216e+12,4.90236,5.43952e+25,0.03468,9.99098e-08,4.18688e-22,0,3.33453e+13,2.42304e+14,5.30411e+09,2.75655e+14,2.50631e+14,58279.1
1.56152e+08,8097.1,2.1249e+06,4.74656e+29,1.21355e+25,7.65234e+12,4.97708,5.02614e+25,0.03468,9.51604e-08,3.52202e-22,0,3.23892e+13,2.36259e+14,5.14092e+09,2.68653e+14,2.36096e+14,23619.9
1.56652e+08,7956.34,2.10829e+06,4.7589e+29,1.21356e+25,7.67248e+12,5.05326,4.64251e+25,0.03468,9.06165e-08,2.96041e-22,0,3.14563e+13,2.30337e+14,4.98205e+09,2.61798e+14,2.22331e+14,7430.42
1.57152e+08,7817.38,2.09173e+06,4.7711e+29,1.21357e+25,7.69257e+12,5.13095,4.2866e+25,0.03468,8.62701e-08,2.48639e-22,0,3.05459e+13,2.24537e+14,4.8274e+09,2.55088e+14,2.093e+14,2792.41
1.57652e+08,7680.19,2.07523e+06,4.78317e+29,1.21358e+25,7.71261e+12,5.21018,3.95654e+25,0.03468,8.21134e-08,2.08659e-22,0,2.96578e+13,2.18856e+14,4.67688e+09,2.48519e+14,1.96967e+14,971.204
1.58152e+08,7544.77,2.05879e+06,4.7951e+29,1.21359e+25,7.73261e+12,5.291,3.65054e+25,0.03468,7.81391e-08,1.74967e-22,0,2.87913e+13,2.13294e+14,4.5304e+09,2.4209e+14,1.85298e+14,309.722
1.58652e+08,7411.1,2.0424e+06,4.80689e+29,1.2136e+25,7.75256e+12,5.37342,3.36696e+25,0.03468,7.43397e-08,1.46596e-22,0,2.79462e+13,2.07847e+14,4.38786e+09,2.35797e+14,1.74262e+14,57.6969
1.59152e+08,7279.16,2.02607e+06,4.81855e+29,1.21361e+25,7.77246e+12,5.45751,3.10423e+25,0.03468,7.07086e-08,1.22724e-22,0,2.71219e+13,2.02514e+14,4.24918e+09,2.2964e+14,1.63827e+14,7.33614
1.59652e+08,7148.94,2.00979e+06,4.83007e+29,1.21362e+25,7.79231e+12,5.5433,2.86092e+25,0.03468,6.72388e-08,1.02655e-22,0,2.63181e+13,1.97294e+14,4.11427e+09,2.23616e+14,1.53964e+14,0.918221
1.60152e+08,7020.43,1.99357e+06,4.84145e+29,1.21363e+25,7.81211e+12,5.63082,2.63567e+25,0.03468,6.3924e-08,8.57951e-23,0,2.55344e+13,1.92183e+14,3.98304e+09,2.17722e+14,1.44644e+14,0.114951
1.60652e+08,6893.62,1.9774e+06,4.8527e+29,1.21363e+25,7.83186e+12,5.72014,2.42722e+25,0.03468,6.0758e-08,7.16438e-23,0,2.47702e+13,1.87181e+14,3.85541e+09,2.11956e+14,1.35841e+14,0.0144045
1.61152e+08,6768.48,1.96129e+06,4.86382e+29,1.21364e+25,7.85157e+12,5.81128,2.23437e+25,0.03468,5.77346e-08,5.97754e-23,0,2.40254e+13,1.82286e+14,3.73129e+09,2.06315e+14,1.27528e+14,0.00181852
1.61652e+08,6645.01,1.94524e+06,4.8748e+29,1.21365e+25,7.87122e+12,5.9043,2.05604e+25,0.03468,5.48481e-08,4.98301e-23,0,2.32994e+13,1.77496e+14,3.61061e+09,2.00799e+14,1.19682e+14,0.000114909
1.62152e+08,6523.18,1.92924e+06,4.88565e+29,1.21365e+25,7.89082e+12,5.99925,1.89118e+25,0.03468,5.2093e-08,4.15031e-23,0,2.25918e+13,1.72809e+14,3.49329e+09,1.95404e+14,1.12277e+14,0
1.62652e+08,6403,1.9133e+06,4.89636e+29,1.21366e+25,7.91038e+12,6.09617,1.73884e+25,0.03468,4.94638e-08,3.45372e-23,0,2.19023e+13,1.68223e+14,3.37924e+09,1.90129e+14,1.05292e+14,0
1.63152e+08,6284.43,1.89741e+06,4.90694e+29,1.21366e+25,7.92988e+12,6.19511,1.59812e+25,0.03468,4.69553e-08,2.87148e-23,0,2.12306e+13,1.63737e+14,3.26839e+09,1.84971e+14,9.87059e+13,0
1.63652e+08,6167.47,1.88158e+06,4.91739e+29,1.21367e+25,7.94933e+12,6.29614,1.46818e+25,0.03468,4.45626e-08,2.38525e-23,0,2.05761e+13,1.59349e+14,3.16066e+09,1.79928e+14,9.2497e+13,0
1.64152e+08,6052.1,1.8658e+06,4.92771e+29,1.21367e+25,7.96874e+12,6.39929,1.34825e+25,0.03468,4.22808e-08,1.97954e-23,0,1.99386e+13,1.55057e+14,3.05598e+09,1.74999e+14,8.66462e+13,0
1.64652e+08,5938.32,1.85008e+06,4.93789e+29,1.21368e+25,7.98809e+12,6.50464,1.23759e+25,0.03468,4.01053e-08,1.64133e-23,0,1.93178e+13,1.5086e+14,2.95429e+09,1.70181e+14,8.11347e+13,0
1.65152e+08,5826.09,1.83442e+06,4.94795e+29,1.21368e+25,8.00739e+12,6.61223,1.13553e+25,0.03468,3.80316e-08,1.35964e-23,0,1.87132e+13,1.46756e+14,2.85549e+09,1.65472e+14,7.59446e+13,0
1.65652e+08,5715.42,1.81881e+06,4.95787e+29,1.21368e+25,8.02664e+12,6.72213,1.04144e+25,0.03468,3.60554e-08,1.12523e-23,0,1.81245e+13,1.42743e+14,2.75954e+09,1.6087e+14,7.10591e+13,0
1.66152e+08,5606.29,1.80325e+06,4.96766e+29,1.21369e+25,8.04583e+12,6.8344,9.54724e+24,0.03468,3.41726e-08,9.30345e-24,0,1.75514e+13,1.3882e+14,2.66635e+09,1.56374e+14,6.64618e+13,0
1.66652e+08,5498.68,1.78776e+06,4.97732e+29,1.21369e+25,8.06498e+12,6.9491,8.74846e+24,0.03468,3.23792e-08,7.68474e-24,0,1.69935e+13,1.34985e+14,2.57586e+09,1.51981e+14,6.21374e+13,0
1.67152e+08,5392.57,1.77231e+06,4.98686e+29,1.21369e+25,8.08407e+12,7.06629,8.01294e+24,0.03468,3.06714e-08,6.34149e-24,0,1.64505e+13,1.31237e+14,2.48801e+09,1.4769e+14,5.80712e+13,0
1.67652e+08,5287.97,1.75693e+06,4.99627e+29,1.2137e+25,8.10311e+12,7.18606,7.33595e+24,0.03468,2.90455e-08,5.22787e-24,0,1.59221e+13,1.27574e+14,2.40273e+09,1.43499e+14,5.42491e+13,0
1.68152e+08,5184.84,1.74159e+06,5.00554e+29,1.2137e+25,8.12209e+12,7.30846,6.71309e+24,0.03468,2.74979e-08,4.30551e-24,0,1.54079e+13,1.23995e+14,2.31995e+09,1.39405e+14,5.06579e+13,0
1.68652e+08,5083.18,1.72632e+06,5.0147e+29,1.2137e+25,8.14102e+12,7.43356,6.14027e+24,0.03468,2.60253e-08,3.5423e-24,0,1.49077e+13,1.20497e+14,2.23962e+09,1.35407e+14,4.72849e+13,0
1.69152e+08,4982.98,1.7111e+06,5.02372e+29,1.2137e+25,8.1599e+12,7.56146,5.61371e+24,0.03468,2.46244e-08,2.91141e-24,0,1.44212e+13,1.17081e+14,2.16167e+09,1.31504e+14,4.4118e+13,0
1.69652e+08,4884.21,1.69593e+06,5.03262e+29,1.21371e+25,8.17873e+12,7.69221,5.12987e+24,0.03468,2.32919e-08,2.3904e-24,0,1.39479e+13,1.13743e+14,2.08605e+09,1.27693e+14,4.11459e+13,0
1.70152e+08,4786.88,1.68082e+06,5.04139e+29,1.21371e+25,8.1975e+12,7.82591,4.68549e+24,0.03468,2.2025e-08,1.96057e-24,0,1.34877e+13,1.10483e+14,2.0127e+09,1.23973e+14,3.83575e+13,0
1.70652e+08,4690.95,1.66577e+06,5.05004e+29,1.21371e+25,8.21621e+12,7.96263,4.27753e+24,0.03468,2.08207e-08,1.60633e-24,0,1.30403e+13,1.07299e+14,1.94155e+09,1.20341e+14,3.57427e+13,0
1.71152e+08,4596.42,1.65077e+06,5.05857e+29,1.21371e+25,8.23488e+12,8.10247,3.90318e+24,0.03468,1.96762e-08,1.31468e-24,0,1.26053e+13,1.0419e+14,1.87256e+09,1.16797e+14,3.32915e+13,0
1.71652e+08,4503.28,1.63583e+06,5.06697e+29,1.21371e+25,8.25348e+12,8.24551,3.55981e+24,0.03468,1.85889e-08,1.07482e-24,0,1.21824e+13,1.01155e+14,1.80567e+09,1.13339e+14,3.09947e+13,0
1.72152e+08,4411.52,1.62094e+06,5.07525e+29,1.21372e+25,8.27203e+12,8.39184,3.24501e+24,0.03468,1.75561e-08,8.77744e-25,0,1.17715e+13,9.81916e+13,1.74082e+09,1.09965e+14,2.88434e+13,0
1.72652e+08,4321.11,1.6061e+06,5.0834e+29,1.21372e+25,8.29053e+12,8.54156,2.95654e+24,0.03468,1.65754e-08,7.16007e-25,0,1.13722e+13,9.52991e+13,1.67796e+09,1.06673e+14,2.68293e+13,0
1.73152e+08,4232.05,1.59132e+06,5.09144e+29,1.21372e+25,8.30897e+12,8.69477,2.69232e+24,0.03468,1.56444e-08,5.83412e-25,0,1.09842e+13,9.2476e+13,1.61705e+09,1.03462e+14,2.49443e+13,0
1.73652e+08,4144.32,1.5766e+06,5.09936e+29,1.21372e+25,8.32735e+12,8.85157,2.45043e+24,0.03468,1.47609e-08,4.74827e-25,0,1.06073e+13,8.9721e+13,1.55802e+09,1.0033e+14,2.3181e+13,0
1.74152e+08,4057.9,1.56193e+06,5.10715e+29,1.21372e+25,8.34568e+12,9.01207,2.22909e+24,0.03468,1.39226e-08,3.86003e-25,0,1.02413e+13,8.70328e+13,1.50084e+09,9.72756e+13,2.15321e+13,0
1.74652e+08,3972.8,1.54731e+06,5.11483e+29,1.21372e+25,8.36395e+12,9.17638,2.02665e+24,0.03468,1.31275e-08,3.13426e-25,0,9.88582e+12,8.44102e+13,1.44544e+09,9.42975e+13,1.9991e+13,0
1.75152e+08,3888.99,1.53275e+06,5.12239e+29,1.21372e+25,8.38216e+12,9.3446,1.84159e+24,0.03468,1.23737e-08,2.54191e-25,0,9.54067e+12,8.18519e+13,1.3918e+09,9.13939e+13,1.85512e+13,0
1.75652e+08,3806.45,1.51824e+06,5.12983e+29,1.21372e+25,8.40031e+12,9.51687,1.6725e+24,0.03468,1.16591e-08,2.05902e-25,0,9.20561e+12,7.93566e+13,1.33985e+09,8.85635e+13,1.72067e+13,0
1.76152e+08,3725.19,1.50379e+06,5.13715e+29,1.21372e+25,8.41841e+12,9.69331,1.51808e+24,0.03468,1.09819e-08,1.66582e-25,0,8.88039e+12,7.69231e+13,1.28956e+09,8.58048e+13,1.59517e+13,0
1.76652e+08,3645.18,1.48939e+06,5.14436e+29,1.21372e+25,8.43645e+12,9.87404,1.37714e+24,0.03468,1.03403e-08,1.34603e-25,0,8.56478e+12,7.45502e+13,1.24088e+09,8.31163e+13,1.47808e+13,0
1.77152e+08,3566.41,1.47505e+06,5.15145e+29,1.21373e+25,8.45443e+12,10.0592,1.24856e+24,0.03468,9.73274e-09,1.08625e-25,0,8.25854e+12,7.22368e+13,1.19376e+09,8.04965e+13,1.36888e+13,0
1.77652e+08,3488.87,1.46076e+06,5.15843e+29,1.21373e+25,8.47235e+12,10.2489,1.13132e+24,0.03468,9.15751e-09,8.75494e-26,0,7.96145e+12,6.99817e+13,1.14817e+09,7.79443e+13,1.2671e+13,0
1.78152e+08,3412.54,1.44653e+06,5.16529e+29,1.21373e+25,8.49021e+12,10.4433,1.02448e+24,0.03468,8.61308e-09,7.04709e-26,0,7.67329e+12,6.77836e+13,1.10407e+09,7.5458e+13,1.17227e+13,0
1.78652e+08,3337.42,1.43234e+06,5.17205e+29,1.21373e+25,8.50801e+12,10.6426,9.27175e+23,0.03468,8.09797e-09,5.66492e-26,0,7.39383e+12,6.56415e+13,1.0614e+09,7.30364e+13,1.08395e+13,0
1.79152e+08,3263.49,1.41822e+06,5.17869e+29,1.21373e+25,8.52576e+12,10.8469,8.38596e+23,0.03468,7.61075e-09,4.54775e-26,0,7.12287e+12,6.35543e+13,1.02014e+09,7.06782e+13,1.00175e+13,0
1.79652e+08,3190.73,1.40414e+06,5.18522e+29,1.21373e+25,8.54344e+12,11.0563,7.58008e+23,0.03468,7.15007e-09,3.64594e-26,0,6.86019e+12,6.15208e+13,9.80243e+08,6.8382e+13,9.2528e+12,0
1.80152e+08,3119.15,1.39012e+06,5.19163e+29,1.21373e+25,8.56106e+12,11.2711,6.84733e+23,0.03468,6.71463e-09,2.91892e-26,0,6.60559e+12,5.954e+13,9.41674e+08,6.61465e+13,8.54169e+12,0
1.80652e+08,3048.71,1.37615e+06,5.19794e+29,1.21373e+25,8.57862e+12,11.4914,6.18144e+23,0.03468,6.30318e-09,2.3336e-26,0,6.35886e+12,5.76108e+13,9.04394e+08,6.39706e+13,7.88079e+12,0
1.81152e+08,2979.42,1.36224e+06,5.20414e+29,1.21373e+25,8.59612e+12,11.7174,5.57668e+23,0.03468,5.91454e-09,1.86301e-26,0,6.11981e+12,5.57321e+13,8.68368e+08,6.18528e+13,7.26686e+12,0
1.81652e+08,2911.26,1.34838e+06,5.21023e+29,1.21373e+25,8.61356e+12,11.9493,5.02777e+23,0.03468,5.54757e-09,1.48516e-26,0,5.88824e+12,5.3903e+13,8.3356e+08,5.9792e+13,6.69687e+12,0
1.82152e+08,2844.21,1.33457e+06,5.21622e+29,1.21373e+25,8.63094e+12,12.1872,4.52984e+23,0.03468,5.20119e-09,1.18221e-26,0,5.66397e+12,5.21223e+13,7.99937e+08,5.77871e+13,6.16794e+12,0
1.82652e+08,2778.27,1.32081e+06,5.2221e+29,1.21373e+25,8.64825e+12,12.4314,4.07844e+23,0.03468,4.87436e-09,9.39656e-27,0,5.4468e+12,5.03891e+13,7.67464e+08,5.58367e+13,5.67739e+12,0
1.83152e+08,2713.42,1.30711e+06,5.22787e+29,1.21373e+25,8.6655e+12,12.6821,3.66948e+23,0.03468,4.56609e-09,7.45734e-27,0,5.23656e+12,4.87024e+13,7.36108e+08,5.39397e+13,5.22267e+12,0
1.83652e+08,2649.65,1.29346e+06,5.23354e+29,1.21373e+25,8.68269e+12,12.9396,3.2992e+23,0.03468,4.27543e-09,5.90922e-27,0,5.03306e+12,4.70612e+13,7.05839e+08,5.2095e+13,4.8014e+12,0
1.84152e+08,2586.95,1.27987e+06,5.23911e+29,1.21373e+25,8.69982e+12,13.2039,2.96416e+23,0.03468,4.00148e-09,4.67516e-27,0,4.83614e+12,4.54646e+13,6.76623e+08,5.03014e+13,4.41133e+12,0
1.84652e+08,2525.31,1.26632e+06,5.24457e+29,1.21373e+25,8.71688e+12,13.4755,2.66121e+23,0.03468,3.74338e-09,3.69293e-27,0,4.64561e+12,4.39115e+13,6.48432e+08,4.85578e+13,4.05037e+12,0
1.85152e+08,2464.71,1.25283e+06,5.24993e+29,1.21373e+25,8.73387e+12,13.7544,2.38745e+23,0.03468,3.50031e-09,2.91234e-27,0,4.46131e+12,4.24012e+13,6.21234e+08,4.68631e+13,3.71653e+12,0
1.85652e+08,2405.15,1.23939e+06,5.2552e+29,1.21373e+25,8.75081e+12,14.0411,2.14024e+23,0.03468,3.27149e-09,2.29297e-27,0,4.28307e+12,4.09326e+13,5.95e+08,4.52163e+13,3.40796e+12,0
1.86152e+08,2346.61,1.226e+06,5.26036e+29,1.21373e+25,8.76767e+12,14.3358,1.91716e+23,0.03468,3.05616e-09,1.80229e-27,0,4.11074e+12,3.95049e+13,5.69703e+08,4.36162e+13,3.12291e+12,0
1.86652e+08,2289.08,1.21266e+06,5.26542e+29,1.21373e+25,8.78447e+12,14.6387,1.71599e+23,0.03468,2.85361e-09,1.41421e-27,0,3.94416e+12,3.81172e+13,5.45315e+08,4.20619e+13,2.85976e+12,0
1.87152e+08,2232.55,1.19938e+06,5.27038e+29,1.21373e+25,8.80121e+12,14.9501,1.53471e+23,0.03468,2.66316e-09,1.10777e-27,0,3.78316e+12,3.67686e+13,5.21808e+08,4.05523e+13,2.61696e+12,0
1.87652e+08,2177.01,1.18614e+06,5.27525e+29,1.21373e+25,8.81788e+12,15.2704,1.37147e+23,0.03468,2.48418e-09,8.66194e-28,0,3.62761e+12,3.54583e+13,4.99155e+08,3.90864e+13,2.39308e+12,0
1.88152e+08,2122.45,1.17296e+06,5.28002e+29,1.21373e+25,8.83448e+12,15.5999,1.22459e+23,0.03468,2.31603e-09,6.76087e-28,0,3.47734e+12,3.41854e+13,4.77332e+08,3.76632e+13,2.18679e+12,0
1.88652e+08,2068.85,1.15983e+06,5.2847e+29,1.21373e+25,8.85102e+12,15.939,1.09253e+23,0.03468,2.15813e-09,5.26738e-28,0,3.33223e+12,3.29491e+13,4.56313e+08,3.62818e+13,1.99682e+12,0
1.89152e+08,2016.21,1.14675e+06,5.28928e+29,1.21373e+25,8.86749e+12,16.2879,9.73877e+22,0.03468,2.00993e-09,4.09616e-28,0,3.19211e+12,3.17485e+13,4.36073e+08,3.49411e+13,1.82199e+12,0
1.89652e+08,1964.51,1.13372e+06,5.29377e+29,1.21373e+25,8.88389e+12,16.6471,8.67357e+22,0.03468,1.87089e-09,3.17933e-28,0,3.05687e+12,3.0583e+13,4.16589e+08,3.36403e+13,1.66122e+12,0
1.90152e+08,1913.75,1.12074e+06,5.29816e+29,1.21373e+25,8.90022e+12,17.0169,7.71805e+22,0.03468,1.74051e-09,2.46294e-28,0,2.92635e+12,2.94516e+13,3.97838e+08,3.23784e+13,1.51346e+12,0
1.90652e+08,1863.91,1.10781e+06,5.30247e+29,1.21373e+25,8.91648e+12,17.3978,6.86161e+22,0.03468,1.6183e-09,1.90421e-28,0,2.80043e+12,2.83537e+13,3.79795e+08,3.11545e+13,1.37776e+12,0
1.91152e+08,1814.97,1.09493e+06,5.30668e+29,1.21373e+25,8.93268e+12,17.7902,6.0946e+22,0.03468,1.50381e-09,1.46928e-28,0,2.67898e+12,2.72884e+13,3.62441e+08,2.99677e+13,1.25322e+12,0
1.91652e+08,1766.94,1.0821e+06,5.31081e+29,1.21373e+25,8.9488e+12,18.1946,5.40826e+22,0.03468,1.3966e-09,1.13137e-28,0,2.56186e+12,2.6255e+13,3.45752e+08,2.88172e+13,1.13902e+12,0
1.92152e+08,1719.8,1.06932e+06,5.31484e+29,1.21373e+25,8.96485e+12,18.6113,4.79464e+22,0.03468,1.29626e-09,8.69361e-29,0,2.44897e+12,2.52528e+13,3.29707e+08,2.77021e+13,1.03436e+12,0
1.92652e+08,1673.54,1.0566e+06,5.31879e+29,1.21373e+25,8.98084e+12,19.041,4.2465e+22,0.03468,1.2024e-09,6.66606e-29,0,2.34017e+12,2.4281e+13,3.14287e+08,2.66215e+13,9.38516e+11,0
1.93152e+08,1628.15,1.04392e+06,5.32265e+29,1.21373e+25,8.99675e+12,19.4841,3.75729e+22,0.03468,1.11464e-09,5.1003e-29,0,2.23534e+12,2.3339e+13,2.99472e+08,2.55746e+13,8.5082e+11,0
1.93652e+08,1583.62,1.03129e+06,5.32643e+29,1.21373e+25,9.01259e+12,19.9412,3.32107e+22,0.03468,1.03264e-09,3.89367e-29,0,2.13437e+12,2.2426e+13,2.85241e+08,2.45607e+13,7.7064e+11,0
1.94152e+08,1539.94,1.01871e+06,5.33012e+29,1.21373e+25,9.02836e+12,20.4128,2.93246e+22,0.03468,9.56048e-10,2.9658e-29,0,2.03715e+12,2.15414e+13,2.71576e+08,2.35788e+13,6.97388e+11,0
1.94652e+08,1497.09,1.00618e+06,5.33373e+29,1.21373e+25,9.04405e+12,20.8996,2.5866e+22,0.03468,8.84554e-10,2.25383e-29,0,1.94357e+12,2.06845e+13,2.58458e+08,2.26283e+13,6.3052e+11,0
1.95152e+08,1455.08,993697,5.33725e+29,1.21373e+25,9.05968e+12,21.4022,2.27907e+22,0.03468,8.17856e-10,1.70874e-29,0,1.85351e+12,1.98545e+13,2.4587e+08,2.17083e+13,5.6953e+11,0
1.95652e+08,1413.88,981264,5.3407e+29,1.21373e+25,9.07523e+12,21.9212,2.00589e+22,0.03468,7.55667e-10,1.29237e-29,0,1.76687e+12,1.9051e+13,2.33794e+08,2.08181e+13,5.13948e+11,0
1.96152e+08,1373.49,968879,5.34406e+29,1.21373e+25,9.0907e+12,22.4574,1.76348e+22,0.03468,6.97717e-10,9.75061e-30,0,1.68355e+12,1.82732e+13,2.22213e+08,1.9957e+13,4.63338e+11,0
1.96652e+08,1333.9,956543,5.34734e+29,1.21373e+25,9.1061e+12,23.0115,1.54858e+22,0.03468,6.43749e-10,7.33812e-30,0,1.60345e+12,1.75205e+13,2.1111e+08,1.91242e+13,4.17295e+11,0
1.97152e+08,1295.09,944256,5.35055e+29,1.21373e+25,9.12143e+12,23.5843,1.35827e+22,0.03468,5.9352e-10,5.50838e-30,0,1.52647e+12,1.67923e+13,2.0047e+08,1.8319e+13,3.75446e+11,0
1.97652e+08,1257.07,932016,5.35367e+29,1.21373e+25,9.13668e+12,24.1766,1.18992e+22,0.03468,5.468e-10,4.12404e-30,0,1.4525e+12,1.6088e+13,1.90276e+08,1.75407e+13,3.37441e+11,0
1.98152e+08,1219.82,919824,5.35672e+29,1.21373e+25,9.15185e+12,24.7894,1.04116e+22,0.03468,5.03372e-10,3.07934e-30,0,1.38147e+12,1.5407e+13,1.80513e+08,1.67887e+13,3.02962e+11,0
1.98652e+08,1183.32,907680,5.35969e+29,1.21373e+25,9.16695e+12,25.4234,9.09859e+21,0.03468,4.63029e-10,2.29298e-30,0,1.31328e+12,1.47488e+13,1.71167e+08,1.60622e+13,2.7171e+11,0
1.99152e+08,1147.58,895583,5.36259e+29,1.21373e+25,9.18197e+12,26.0797,7.94094e+21,0.03468,4.25579e-10,1.70265e-30,0,1.24783e+12,1.41126e+13,1.62223e+08,1.53606e+13,2.4341e+11,0
1.99652e+08,1112.57,883533,5.36542e+29,1.21373e+25,9.19691e+12,26.7594,6.92149e+21,0.03468,3.90837e-10,1.26067e-30,0,1.18504e+12,1.34981e+13,1.53667e+08,1.46833e+13,2.17811e+11,0
2.00152e+08,1078.3,871531,5.36817e+29,1.21373e+25,9.21177e+12,27.4634,6.02481e+21,0.03468,3.58629e-10,9.30687e-31,0,1.12482e+12,1.29045e+13,1.45486e+08,1.40295e+13,1.94676e+11,0
2.00652e+08,1044.75,859575,5.37085e+29,1.21373e+25,9.22655e+12,28.193,5.23708e+21,0.03468,3.28793e-10,6.85011e-31,0,1.0671e+12,1.23315e+13,1.37665e+08,1.33987e+13,1.73792e+11,0
2.01152e+08,1011.91,847666,5.37346e+29,1.21373e+25,9.24126e+12,28.9494,4.54593e+21,0.03468,3.01174e-10,5.02636e-31,0,1.01179e+12,1.17784e+13,1.30193e+08,1.27904e+13,1.54959e+11,0
2.01652e+08,979.778,835803,5.376e+29,1.21373e+25,9.25588e+12,29.7339,3.94031e+21,0.03468,2.75626e-10,3.67653e-31,0,9.58807e+11,1.12448e+13,1.23057e+08,1.22037e+13,1.37994e+11,0
2.02152e+08,948.339,823987,5.37847e+29,1.21373e+25,9.27042e+12,30.5478,3.41031e+21,0.03468,2.52012e-10,2.68051e-31,0,9.08081e+11,1.07301e+13,1.16244e+08,1.16383e+13,1.22729e+11,0
2.02652e+08,917.586,812217,5.38087e+29,1.21373e+25,9.28488e+12,31.3926,2.94714e+21,0.03468,2.30203e-10,1.94786e-31,0,8.59534e+11,1.02339e+13,1.09743e+08,1.10935e+13,1.0901e+11,0
2.03152e+08,887.51,800492,5.38321e+29,1.21373e+25,9.29926e+12,32.2699,2.54291e+21,0.03468,2.10077e-10,1.41065e-31,0,8.13093e+11,9.75553e+12,1.03542e+08,1.05687e+13,9.66943e+10,0
2.03652e+08,858.102,788813,5.38548e+29,1.21373e+25,9.31355e+12,33.1813,2.19062e+21,0.03468,1.91519e-10,1.01805e-31,0,7.68688e+11,9.29466e+12,9.76309e+07,1.00634e+13,8.56517e+10,0
2.04152e+08,829.353,777180,5.38768e+29,1.21373e+25,9.32777e+12,34.1286,1.88406e+21,0.03468,1.74422e-10,7.32083e-32,0,7.26247e+11,8.85078e+12,9.19976e+07,9.57712e+12,7.5763e+10,0
2.04652e+08,801.255,765592,5.38983e+29,1.21373e+25,9.34189e+12,35.1136,1.61768e+21,0.03468,1.58685e-10,5.24515e-32,0,6.85704e+11,8.42343e+12,8.66322e+07,9.10922e+12,6.69186e+10,0
2.05152e+08,773.799,754049,5.3919e+29,1.21373e+25,9.35593e+12,36.1383,1.38656e+21,0.03468,1.44212e-10,3.74384e-32,0,6.46992e+11,8.01213e+12,8.15245e+07,8.65921e+12,5.90187e+10,0
2.05652e+08,746.977,742550,5.39392e+29,1.21373e+25,9.36989e+12,37.2049,1.18636e+21,0.03468,1.30914e-10,2.66192e-32,0,6.10047e+11,7.61647e+12,7.66645e+07,8.22659e+12,5.19718e+10,0
2.06152e+08,720.779,731097,5.39588e+29,1.21373e+25,9.38376e+12,38.3156,1.01322e+21,0.03468,1.18707e-10,1.88514e-32,0,5.74807e+11,7.23599e+12,7.20426e+07,7.81087e+12,4.56944e+10,0
2.06652e+08,695.199,719687,5.39777e+29,1.21373e+25,9.39754e+12,39.4728,8.63734e+20,0.03468,1.07513e-10,1.32958e-32,0,5.41211e+11,6.87026e+12,6.76497e+07,7.41154e+12,4.01104e+10,0
2.07152e+08,670.226,708322,5.39961e+29,1.21373e+25,9.41124e+12,40.6792,7.34884e+20,0.03468,9.7257e-11,9.33807e-33,0,5.09199e+11,6.51888e+12,6.34766e+07,7.02814e+12,3.51503e+10,0
2.07652e+08,645.854,697001,5.40139e+29,1.21373e+25,9.42484e+12,41.9375,6.2402e+20,0.03468,8.78707e-11,6.53012e-33,0,4.78713e+11,6.18142e+12,5.95147e+07,6.66019e+12,3.0751e+10,0
2.08152e+08,622.074,685724,5.40311e+29,1.21373e+25,9.43836e+12,43.2507,5.28802e+20,0.03468,7.92892e-11,4.54622e-33,0,4.49698e+11,5.85749e+12,5.57554e+07,6.30724e+12,2.6855e+10,0
2.08652e+08,598.877,674490,5.40478e+29,1.21373e+25,9.45178e+12,44.622,4.47174e+20,0.03468,7.14521e-11,3.15056e-33,0,4.22099e+11,5.54669e+12,5.21905e+07,5.96884e+12,2.34102e+10,0
2.09152e+08,576.256,663299,5.40639e+29,1.21373e+25,9.46511e+12,46.0547,3.77331e+20,0.03468,6.43027e-11,2.17307e-33,0,3.95863e+11,5.24863e+12,4.88121e+07,5.64454e+12,2.03694e+10,0
2.09652e+08,554.204,652151,5.40795e+29,1.21373e+25,9.47836e+12,47.5526,3.17688e+20,0.03468,5.77882e-11,1.49157e-33,0,3.70937e+11,4.96293e+12,4.56125e+07,5.33391e+12,1.76895e+10,0
2.10152e+08,532.711,641047,5.40946e+29,1.21373e+25,9.4915e+12,49.1197,2.6686e+20,0.03468,5.18592e-11,1.01868e-33,0,3.47273e+11,4.68923e+12,4.25843e+07,5.03655e+12,1.53318e+10,0
2.10652e+08,511.77,629985,5.41091e+29,1.21373e+25,9.50456e+12,50.7602,2.23634e+20,0.03468,4.64698e-11,6.92121e-34,0,3.2482e+11,4.42716e+12,3.97201e+07,4.75202e+12,1.32612e+10,0
2.11152e+08,491.373,618965,5.41231e+29,1.21373e+25,9.51752e+12,52.4786,1.86952e+20,0.03468,4.15769e-11,4.67743e-34,0,3.03532e+11,4.17636e+12,3.7013e+07,4.47993e+12,1.14462e+10,0
2.11652e+08,471.513,607988,5.41367e+29,1.21373e+25,9.53038e+12,54.28,1.55894e+20,0.03468,3.71406e-11,3.14368e-34,0,2.83362e+11,3.93649e+12,3.44563e+07,4.21989e+12,9.85815e+09,0
2.12152e+08,452.182,597052,5.41497e+29,1.21373e+25,9.54315e+12,56.1698,1.29657e+20,0.03468,3.31236e-11,2.10086e-34,0,2.64266e+11,3.7072e+12,3.20434e+07,3.9715e+12,8.47137e+09,0
2.12652e+08,433.373,586158,5.41623e+29,1.21373e+25,9.55582e+12,58.1536,1.07546e+20,0.03468,2.94915e-11,1.39572e-34,0,2.462e+11,3.48816e+12,2.9768e+07,3.73439e+12,7.26282e+09,0
2.13152e+08,415.077,575306,5.41744e+29,1.21373e+25,9.56839e+12,60.2379,8.89577e+19,0.03468,2.6212e-11,9.21628e-35,0,2.29121e+11,3.27905e+12,2.76239e+07,3.5082e+12,6.21177e+09,0
2.13652e+08,397.287,564495,5.4186e+29,1.21373e+25,9.58086e+12,62.4294,7.33706e+19,0.03468,2.32552e-11,6.04755e-35,0,2.1299e+11,3.07954e+12,2.56053e+07,3.29255e+12,5.29966e+09,0
2.14152e+08,379.997,553725,5.41972e+29,1.21373e+25,9.59323e+12,64.7356,6.03346e+19,0.03468,2.05936e-11,3.9425e-35,0,1.97766e+11,2.88931e+12,2.37064e+07,3.0871e+12,4.50988e+09,0
2.14652e+08,363.198,542996,5.42079e+29,1.21373e+25,9.6055e+12,67.1644,4.94617e+19,0.03468,1.82014e-11,2.55289e-35,0,1.83411e+11,2.70808e+12,2.19218e+07,2.89151e+12,3.82761e+09,0
2.15152e+08,346.884,532307,5.42182e+29,1.21373e+25,9.61766e+12,69.7248,4.04187e+19,0.03468,1.6055e-11,1.64155e-35,0,1.69887e+11,2.53552e+12,2.0246e+07,2.70543e+12,3.23961e+09,0
2.15652e+08,331.047,521659,5.42281e+29,1.21373e+25,9.62972e+12,72.4263,3.29195e+19,0.03468,1.41323e-11,1.0479e-35,0,1.57157e+11,2.37136e+12,1.86739e+07,2.52853e+12,2.73412e+09,0
2.16152e+08,315.68,511051,5.42376e+29,1.21373e+25,9.64168e+12,75.2793,2.67195e+19,0.03468,1.24131e-11,6.63923e-36,0,1.45188e+11,2.2153e+12,1.72007e+07,2.3605e+12,2.30066e+09,0
2.16652e+08,300.776,500482,5.42467e+29,1.21373e+25,9.65353e+12,78.2954,2.16097e+19,0.03468,1.08786e-11,4.17366e-36,0,1.33944e+11,2.06706e+12,1.58214e+07,2.20102e+12,1.92997e+09,0
2.17152e+08,286.328,489953,5.42553e+29,1.21373e+25,9.66527e+12,81.4871,1.74123e+19,0.03468,9.51172e-12,2.60246e-36,0,1.23393e+11,1.92637e+12,1.45315e+07,2.04978e+12,1.61383e+09,0
2.17652e+08,272.329,479464,5.42636e+29,1.21373e+25,9.6769e+12,84.8683,1.39759e+19,0.03468,8.29648e-12,1.60909e-36,0,1.13503e+11,1.79296e+12,1.33264e+07,1.90648e+12,1.345e+09,0
2.18152e+08,258.772,469014,5.42716e+29,1.21373e+25,9.68842e+12,88.4541,1.11727e+19,0.03468,7.2183e-12,9.86168e-37,0,1.04243e+11,1.66657e+12,1.2202e+07,1.77082e+12,1.11707e+09,0
2.18652e+08,245.65,458602,5.42791e+29,1.21373e+25,9.69983e+12,92.2614,8.89437e+18,0.03468,6.26379e-12,5.9888e-37,0,9.55825e+10,1.54694e+12,1.11541e+07,1.64253e+12,9.24418e+08,0
2.19152e+08,232.956,448230,5.42864e+29,1.21373e+25,9.71112e+12,96.3086,7.04973e+18,0.03468,5.42066e-12,3.60227e-37,0,8.74931e+10,1.43382e+12,1.01787e+07,1.52132e+12,7.62122e+08,0
2.19652e+08,220.683,437895,5.42932e+29,1.21373e+25,9.72231e+12,100.616,5.56222e+18,0.03468,4.67764e-12,2.14526e-37,0,7.99467e+10,1.32697e+12,9.27196e+06,1.40692e+12,6.25857e+08,0
2.20152e+08,208.826,427599,5.42998e+29,1.21373e+25,9.73337e+12,105.207,4.36771e+18,0.03468,4.02446e-12,1.26432e-37,0,7.29163e+10,1.22614e+12,8.43019e+06,1.29907e+12,5.11852e+08,0
2.20652e+08,197.376,417341,5.4306e+29,1.21373e+25,9.74432e+12,110.107,3.41268e+18,0.03468,3.45171e-12,7.37063e-38,0,6.63757e+10,1.13111e+12,7.64987e+06,1.1975e+12,4.16824e+08,0
2.21152e+08,186.328,407120,5.43118e+29,1.21373e+25,9.75515e+12,115.343,2.65261e+18,0.03468,2.95083e-12,4.24814e-38,0,6.02997e+10,1.04165e+12,6.92757e+06,1.10196e+12,3.37919e+08,0
2.21652e+08,175.675,396937,5.43174e+29,1.21373e+25,9.76585e+12,120.948,2.05058e+18,0.03468,2.51403e-12,2.41939e-38,0,5.46638e+10,9.57527e+11,6.26002e+06,1.0122e+12,2.72666e+08,0
2.22152e+08,165.41,386791,5.43227e+29,1.21373e+25,9.77644e+12,126.956,1.57614e+18,0.03468,2.13423e-12,1.36074e-38,0,4.94447e+10,8.78531e+11,5.64409e+06,9.27982e+11,2.18932e+08,0
2.22652e+08,155.526,376681,5.43277e+29,1.21373e+25,9.7869e+12,133.407,1.2042e+18,0.03468,1.805e-12,7.55318e-39,0,4.46195e+10,8.04449e+11,5.07676e+06,8.49074e+11,1.74881e+08,0
2.23152e+08,146.018,366609,5.43324e+29,1.21373e+25,9.79723e+12,140.347,9.14235e+17,0.03468,1.52053e-12,4.13506e-39,0,4.01665e+10,7.35073e+11,4.55513e+06,7.75244e+11,1.38935e+08,0
2.23652e+08,136.879,356572,5.43369e+29,1.21373e+25,9.80744e+12,147.824,6.89487e+17,0.03468,1.27557e-12,2.23107e-39,0,3.60646e+10,6.70202e+11,4.07643e+06,7.0627e+11,1.09747e+08,0
2.24152e+08,128.103,346572,5.4341e+29,1.21373e+25,9.81751e+12,155.898,5.16355e+17,0.03468,1.06539e-12,1.18546e-39,0,3.22934e+10,6.09637e+11,3.63801e+06,6.41934e+11,8.61704e+07,0
2.24652e+08,119.682,336607,5.4345e+29,1.21373e+25,9.82746e+12,164.632,3.83845e+17,0.03468,8.85724e-13,6.19766e-40,0,2.88336e+10,5.53188e+11,3.23731e+06,5.82025e+11,6.72289e+07,0
2.25152e+08,111.611,326678,5.43486e+29,1.21373e+25,9.83726e+12,174.101,2.83117e+17,0.03468,7.32764e-13,3.18523e-40,0,2.56663e+10,5.00666e+11,2.87191e+06,5.26335e+11,5.20993e+07,0
2.25652e+08,103.884,316784,5.43521e+29,1.21373e+25,9.84694e+12,184.389,2.07099e+17,0.03468,6.03086e-13,1.60764e-40,0,2.27736e+10,4.51889e+11,2.53949e+06,4.74665e+11,4.00879e+07,0
2.26152e+08,96.4935,306926,5.43553e+29,1.21373e+25,9.85647e+12,195.595,1.50168e+17,0.03468,4.93636e-13,7.95973e-41,0,2.0138e+10,4.06679e+11,2.23781e+06,4.26819e+11,3.06136e+07,0
2.26652e+08,89.4343,297101,5.43583e+29,1.21373e+25,9.86586e+12,207.832,1.07876e+17,0.03468,4.01697e-13,3.86144e-41,0,1.77429e+10,3.64862e+11,1.96476e+06,3.82607e+11,2.31916e+07,0
2.27152e+08,82.6997,287312,5.43611e+29,1.21373e+25,9.87511e+12,221.229,7.67293e+16,0.03468,3.24857e-13,1.83305e-41,0,1.55725e+10,3.2627e+11,1.71832e+06,3.41845e+11,1.74196e+07,0
2.27652e+08,76.2836,277556,5.43637e+29,1.21373e+25,9.88421e+12,235.939,5.40009e+16,0.03468,2.60981e-13,8.50253e-42,0,1.36114e+10,2.90738e+11,1.49655e+06,3.04351e+11,1.29656e+07,0
2.28152e+08,70.1798,267834,5.43661e+29,1.21373e+25,9.89316e+12,252.141,3.75776e+16,0.03468,2.08186e-13,3.84754e-42,0,1.18451e+10,2.58106e+11,1.29764e+06,2.69952e+11,9.55696e+06,0
2.28652e+08,64.382,258146,5.43683e+29,1.21373e+25,9.90195e+12,270.044,2.58343e+16,0.03468,1.64816e-13,1.69557e-42,0,1.02595e+10,2.28218e+11,1.11982e+06,2.38479e+11,6.97145e+06,0
2.29152e+08,58.8842,248490,5.43703e+29,1.21373e+25,9.9106e+12,289.895,1.75314e+16,0.03468,1.29424e-13,7.26279e-43,0,8.84131e+09,2.00923e+11,961455,2.09765e+11,5.02885e+06,0
2.29652e+08,53.6802,238868,5.43722e+29,1.21373e+25,9.91908e+12,311.991,1.17317e+16,0.03468,1.00745e-13,3.01719e-43,0,7.57777e+09,1.76073e+11,820962,1.83652e+11,3.58414e+06,0
2.30152e+08,48.7637,229278,5.43739e+29,1.21373e+25,9.9274e+12,336.684,7.73296e+15,0.03468,7.76828e-14,1.21272e-43,0,6.45673e+09,1.53525e+11,696855,1.59983e+11,2.5215e+06,0
2.30652e+08,44.1286,219721,5.43754e+29,1.21373e+25,9.93555e+12,364.402,5.01453e+15,0.03468,5.92899e-14,4.70324e-44,0,5.46661e+09,1.33141e+11,587726,1.38608e+11,1.74913e+06,0
2.31152e+08,39.7686,210195,5.43768e+29,1.21373e+25,9.94354e+12,395.663,3.19451e+15,0.03468,4.47515e-14,1.75458e-44,0,4.59642e+09,1.14785e+11,492245,1.19382e+11,1.19496e+06,0
2.31652e+08,35.6777,200701,5.43781e+29,1.21373e+25,9.95135e+12,431.102,1.99607e+15,0.03468,3.33712e-14,6.27445e-45,0,3.83572e+09,9.83257e+10,409156,1.02162e+11,802876,0
2.32152e+08,31.8495,191238,5.43792e+29,1.21373e+25,9.95898e+12,471.506,1.2211e+15,0.03468,2.45571e-14,2.14228e-45,0,3.1746e+09,8.36368e+10,337278,8.68118e+10,529703,0
2.32652e+08,28.2778,181806,5.43803e+29,1.21373e+25,9.96643e+12,517.855,7.29841e+14,0.03468,1.78096e-14,6.95173e-46,0,2.60372e+09,7.0595e+10,275501,7.3199e+10,342548,0
2.33152e+08,24.9562,172404,5.43812e+29,1.21373e+25,9.97368e+12,571.388,4.25163e+14,0.03468,1.27101e-14,2.13272e-46,0,2.11422e+09,5.9081e+10,222784,6.11954e+10,216677,0
2.33652e+08,21.8784,163033,5.4382e+29,1.21373e+25,9.98075e+12,633.685,2.40722e+14,0.03468,8.91033e-15,6.14803e-47,0,1.69777e+09,4.89793e+10,178152,5.06772e+10,133739,0
2.34152e+08,19.0381,153691,5.43827e+29,1.21373e+25,9.98761e+12,706.792,1.32032e+14,0.03468,6.1234e-15,1.65337e-47,0,1.34655e+09,4.01783e+10,140697,4.1525e+10,80319.3,0
2.34652e+08,16.4286,144378,5.43833e+29,1.21373e+25,9.99427e+12,793.392,6.98795e+13,0.03468,4.11514e-15,4.11278e-48,0,1.05322e+09,3.25703e+10,109572,3.36237e+10,46777.9,0
2.35152e+08,14.0433,135095,5.43838e+29,1.21373e+25,1.00007e+13,897.063,3.55227e+13,0.03468,2.69649e-15,9.3671e-49,0,8.10904e+08,2.60513e+10,83992.7,2.68623e+10,26313.3,0
2.35652e+08,11.8757,125839,5.43843e+29,1.21373e+25,1.00069e+13,1022.67,1.72464e+13,0.03468,1.71671e-15,1.92943e-49,0,6.13224e+08,2.05209e+10,63234.2,2.11342e+10,14226.9,0
2.36152e+08,9.91888,116611,5.43847e+29,1.21373e+25,1.00129e+13,1176.95,7.94198e+12,0.03468,1.05731e-15,3.54035e-50,0,4.54244e+08,1.58827e+10,46628.7,1.6337e+10,7349.47,0
2.36652e+08,8.16581,107411,5.4385e+29,1.21373e+25,1.00187e+13,1369.48,3.43928e+12,0.03468,6.2657e-16,5.67947e-51,0,3.28486e+08,1.20439e+10,33564.8,1.23725e+10,3600.79,0
2.37152e+08,6.60935,98237.3,5.43852e+29,1.21373e+25,1.00242e+13,1614.24,1.38547e+12,0.03468,3.54846e-16,7.77857e-52,0,2.30913e+08,8.9157e+09,23485.3,9.14664e+09,1657.53,0
2.37652e+08,5.2421,89089.7,5.43854e+29,1.21373e+25,1.00294e+13,1932.34,5.11955e+11,0.03468,1.90367e-16,8.82097e-53,0,1.56926e+08,6.41289e+09,15885.5,6.56983e+09,708.254,0
2.38152e+08,4.05641,79967.6,5.43856e+29,1.21373e+25,1.00344e+13,2356.82,1.70344e+11,0.03468,9.56255e-17,7.95372e-54,0,1.0235e+08,4.45427e+09,10312.1,4.55663e+09,276.46,0
2.38652e+08,3.04427,70870.1,5.43857e+29,1.21373e+25,1.00391e+13,2942.01,4.97666e+10,0.03468,4.42702e-17,5.3968e-55,0,6.34344e+07,2.96256e+09,6361.24,3.026e+09,96.457,0
2.39152e+08,2.19727,61796.4,5.43858e+29,1.21373e+25,1.00435e+13,3782.46,1.23208e+10,0.03468,1.84719e-17,2.54968e-56,0,3.68403e+07,1.86452e+09,3677.41,1.90136e+09,29.1709,0
2.39652e+08,1.50646,52745.4,5.43859e+29,1.21373e+25,1.00475e+13,5055.32,2.45284e+09,0.03468,6.72157e-18,7.47948e-58,0,1.96387e+07,1.09109e+09,1951.77,1.11073e+09,7.30798,0
2.40152e+08,0.962203,43716,5.43859e+29,1.21373e+25,1.00512e+13,7126.4,3.61767e+08,0.03468,2.02584e-18,1.13882e-59,0,9.30314e+06,5.77601e+08,920.986,5.86905e+08,1.41271,0
2.40652e+08,0.553959,34706.7,5.4386e+29,1.21373e+25,1.00545e+13,10859.6,3.43945e+07,0.03468,4.63348e-19,6.63964e-62,0,3.70665e+06,2.64005e+08,365.884,2.67712e+08,0.186798,0
2.41152e+08,0.269849,25715.5,5.4386e+29,1.21373e+25,1.00573e+13,18747,1.61562e+06,0.03468,6.8026e-20,8.28762e-65,0,1.11786e+06,9.52876e+07,110.273,9.64056e+07,0.0134149,0
2.41652e+08,0.103887,16735.9,5.4386e+29,1.21373e+25,1.00592e+13,43215.8,20997.2,0.03468,4.69826e-21,6.18926e-69,0,227747,2.38743e+07,19.7829,2.41021e+07,0.000358168,0
2.41994e+08,0.0382655,10592.1,5.4386e+29,1.21373e+25,1.00593e+13,106502,207.619,0.03468,2.77658e-22,0,0,43105.3,5.56557e+06,3.17407,5.60868e+06,7.81874e-06,0
2.42236e+08,0.0129764,6266.2,5.4386e+29,1.21373e+25,1.00593e+13,313703,1.07311,0.03468,1.15331e-23,0,0,7108.43,1.11655e+06,0.388783,1.12366e+06,1.10353e-07,0
2.42355e+08,0.00509022,4126.97,5.4386e+29,1.21373e+25,1.00593e+13,702799,0.0156705,0.03468,8.51215e-25,0,0,1494.21,288462,0.0731504,289956,3.19808e-09,0
