X = 0.734
Y = 0.25
Z = 0.016
mu = 0.601142
Radius,Density,Temp,Mass,Lum,OptD,Kff,KH,Kes,PP,CNO,3a,Deg,Gas,Rad,TotPres, dLdr, dPdT
0,0,0,0,0,0,-nan,0,0.03468,0,0,0,0,0,0,0,0,0
0.01,200150,2.5704e+07,838386,2.56423e+07,6941.2,0.0076344,1.38582e+36,0.03468,0.0503653,30.5349,2.64236e-35,6.79377e+15,7.06441e+16,1.10075e+14,7.7548e+16,7692.68,2.91182e+09
10709.1,200150,2.5704e+07,1.02969e+18,3.14933e+19,7.43411e+07,0.0076344,1.38582e+36,0.03468,0.0503653,30.5349,2.64236e-35,6.79377e+15,7.06441e+16,1.10075e+14,7.7548e+16,8.82237e+15,2.91182e+09
21268.9,200150,2.5704e+07,8.06634e+18,2.46711e+20,1.47638e+08,0.0076344,1.38582e+36,0.03468,0.0503653,30.5349,2.64236e-35,6.79377e+15,7.06441e+16,1.10075e+14,7.7548e+16,3.47989e+16,2.91182e+09
32102.4,200150,2.5704e+07,2.77369e+19,8.48341e+20,2.22836e+08,0.0076344,1.38582e+36,0.03468,0.0503653,30.5349,2.64236e-35,6.79377e+15,7.06441e+16,1.10075e+14,7.7548e+16,7.92781e+16,2.91182e+09
42241,200150,2.5704e+07,6.31898e+19,1.93267e+21,2.9321e+08,0.0076344,1.38582e+36,0.03468,0.0503653,30.5348,2.64235e-35,6.79377e+15,7.06441e+16,1.10075e+14,7.7548e+16,1.3726e+17,2.91182e+09
55581.5,200150,2.5704e+07,1.43958e+20,4.40298e+21,3.85809e+08,0.0076344,1.38582e+36,0.03468,0.0503653,30.5348,2.64235e-35,6.79377e+15,7.06441e+16,1.10075e+14,7.7548e+16,2.3765e+17,2.91182e+09
73135.2,200150,2.5704e+07,3.27962e+20,1.00308e+22,5.07653e+08,0.0076344,1.38582e+36,0.03468,0.0503653,30.5348,2.64234e-35,6.79377e+15,7.06441e+16,1.10075e+14,7.75479e+16,4.11461e+17,2.91182e+09
83892.7,200150,2.5704e+07,4.95014e+20,1.51401e+22,5.82323e+08,0.0076344,1.38582e+36,0.03468,0.0503652,30.5347,2.64233e-35,6.79377e+15,7.06441e+16,1.10075e+14,7.75479e+16,5.41407e+17,2.91182e+09
96232.7,200150,2.5704e+07,7.47156e+20,2.28519e+22,6.67977e+08,0.0076344,1.38582e+36,0.03468,0.0503652,30.5347,2.64233e-35,6.79377e+15,7.06441e+16,1.10075e+14,7.75479e+16,7.12393e+17,2.91182e+09
110388,200150,2.57039e+07,1.12773e+21,3.44918e+22,7.6623e+08,0.0076344,1.38582e+36,0.03468,0.0503652,30.5346,2.64231e-35,6.79376e+15,7.06441e+16,1.10075e+14,7.75479e+16,9.37378e+17,2.91182e+09
126625,200150,2.57039e+07,1.70216e+21,5.20606e+22,8.78934e+08,0.0076344,1.38582e+36,0.03468,0.0503652,30.5346,2.6423e-35,6.79376e+15,7.0644e+16,1.10075e+14,7.75479e+16,1.23342e+18,2.91182e+09
145250,200150,2.57039e+07,2.56917e+21,7.85782e+22,1.00822e+09,0.00763441,1.38581e+36,0.03468,0.0503651,30.5345,2.64228e-35,6.79376e+15,7.0644e+16,1.10075e+14,7.75478e+16,1.62295e+18,2.91181e+09
166615,200150,2.57039e+07,3.87782e+21,1.18603e+23,1.15652e+09,0.00763441,1.38581e+36,0.03468,0.0503651,30.5343,2.64226e-35,6.79375e+15,7.0644e+16,1.10075e+14,7.75478e+16,2.13549e+18,2.91181e+09
191123,200150,2.57039e+07,5.85304e+21,1.79014e+23,1.32663e+09,0.00763441,1.38581e+36,0.03468,0.050365,30.5342,2.64222e-35,6.79374e+15,7.06439e+16,1.10075e+14,7.75477e+16,2.8099e+18,2.91181e+09
219235,200149,2.57039e+07,8.83437e+21,2.70196e+23,1.52176e+09,0.00763442,1.3858e+36,0.03468,0.0503649,30.5339,2.64218e-35,6.79374e+15,7.06438e+16,1.10075e+14,7.75476e+16,3.6973e+18,2.91181e+09
251483,200149,2.57039e+07,1.33343e+22,4.07822e+23,1.7456e+09,0.00763442,1.3858e+36,0.03468,0.0503647,30.5336,2.64213e-35,6.79372e+15,7.06437e+16,1.10075e+14,7.75475e+16,4.86492e+18,2.9118e+09
288474,200149,2.57039e+07,2.01263e+22,6.15547e+23,2.00236e+09,0.00763443,1.38579e+36,0.03468,0.0503645,30.5332,2.64205e-35,6.79371e+15,7.06436e+16,1.10074e+14,7.75474e+16,6.40126e+18,2.9118e+09
330906,200149,2.57039e+07,3.03779e+22,9.29075e+23,2.29689e+09,0.00763444,1.38578e+36,0.03468,0.0503643,30.5327,2.64195e-35,6.79369e+15,7.06434e+16,1.10074e+14,7.75472e+16,8.42275e+18,2.91179e+09
379580,200148,2.57039e+07,4.58512e+22,1.40229e+24,2.63474e+09,0.00763446,1.38576e+36,0.03468,0.050364,30.5321,2.64183e-35,6.79366e+15,7.06432e+16,1.10074e+14,7.75469e+16,1.10825e+19,2.91179e+09
429580,200148,2.57038e+07,6.64619e+22,2.03261e+24,2.9818e+09,0.00763447,1.38575e+36,0.03468,0.0503636,30.5313,2.64168e-35,6.79363e+15,7.06429e+16,1.10073e+14,7.75466e+16,1.41941e+19,2.91178e+09
479580,200147,2.57038e+07,9.24747e+22,2.82811e+24,3.32885e+09,0.00763449,1.38573e+36,0.03468,0.0503632,30.5304,2.64151e-35,6.7936e+15,7.06426e+16,1.10072e+14,7.75463e+16,1.769e+19,2.91177e+09
529580,200146,2.57037e+07,1.24518e+23,3.80802e+24,3.6759e+09,0.00763451,1.38571e+36,0.03468,0.0503627,30.5294,2.64132e-35,6.79356e+15,7.06423e+16,1.10072e+14,7.75459e+16,2.15702e+19,2.91176e+09
579580,200146,2.57037e+07,1.63222e+23,4.99153e+24,4.02296e+09,0.00763454,1.38569e+36,0.03468,0.0503622,30.5283,2.64111e-35,6.79352e+15,7.06419e+16,1.10071e+14,7.75455e+16,2.58345e+19,2.91174e+09
629580,200145,2.57037e+07,2.09214e+23,6.39787e+24,4.37001e+09,0.00763456,1.38566e+36,0.03468,0.0503617,30.5271,2.64089e-35,6.79347e+15,7.06415e+16,1.1007e+14,7.7545e+16,3.0483e+19,2.91173e+09
679580,200144,2.57036e+07,2.63122e+23,8.04623e+24,4.71706e+09,0.00763459,1.38564e+36,0.03468,0.0503611,30.5258,2.64065e-35,6.79343e+15,7.0641e+16,1.1007e+14,7.75445e+16,3.55154e+19,2.91172e+09
729580,200143,2.57036e+07,3.25577e+23,9.95581e+24,5.06411e+09,0.00763462,1.38561e+36,0.03468,0.0503604,30.5245,2.64039e-35,6.79337e+15,7.06406e+16,1.10069e+14,7.7544e+16,4.09317e+19,2.9117e+09
779580,200142,2.57035e+07,3.97206e+23,1.21458e+25,5.41116e+09,0.00763465,1.38558e+36,0.03468,0.0503597,30.523,2.64011e-35,6.79332e+15,7.06401e+16,1.10068e+14,7.75434e+16,4.67318e+19,2.91168e+09
829580,200141,2.57034e+07,4.78638e+23,1.46354e+25,5.7582e+09,0.00763469,1.38554e+36,0.03468,0.050359,30.5214,2.63981e-35,6.79326e+15,7.06395e+16,1.10067e+14,7.75428e+16,5.29155e+19,2.91166e+09
879580,200140,2.57034e+07,5.70501e+23,1.74437e+25,6.10524e+09,0.00763472,1.38551e+36,0.03468,0.0503582,30.5197,2.63949e-35,6.79319e+15,7.06389e+16,1.10066e+14,7.75422e+16,5.94827e+19,2.91164e+09
929580,200139,2.57033e+07,6.73425e+23,2.059e+25,6.45229e+09,0.00763476,1.38547e+36,0.03468,0.0503574,30.518,2.63916e-35,6.79312e+15,7.06383e+16,1.10064e+14,7.75415e+16,6.64333e+19,2.91162e+09
979580,200137,2.57032e+07,7.88038e+23,2.40935e+25,6.79932e+09,0.0076348,1.38543e+36,0.03468,0.0503565,30.5161,2.6388e-35,6.79305e+15,7.06377e+16,1.10063e+14,7.75408e+16,7.37671e+19,2.9116e+09
1.02958e+06,200136,2.57032e+07,9.14968e+23,2.79731e+25,7.14636e+09,0.00763484,1.38539e+36,0.03468,0.0503556,30.5141,2.63843e-35,6.79298e+15,7.0637e+16,1.10062e+14,7.75401e+16,8.1484e+19,2.91158e+09
1.07958e+06,200135,2.57031e+07,1.05484e+24,3.22482e+25,7.4934e+09,0.00763489,1.38535e+36,0.03468,0.0503546,30.5121,2.63804e-35,6.7929e+15,7.06363e+16,1.10061e+14,7.75393e+16,8.95838e+19,2.91156e+09
1.12958e+06,200133,2.5703e+07,1.2083e+24,3.69379e+25,7.84043e+09,0.00763493,1.38531e+36,0.03468,0.0503536,30.5099,2.63763e-35,6.79282e+15,7.06356e+16,1.10059e+14,7.75385e+16,9.80663e+19,2.91153e+09
1.17958e+06,200132,2.57029e+07,1.37595e+24,4.20613e+25,8.18746e+09,0.00763498,1.38526e+36,0.03468,0.0503526,30.5077,2.63721e-35,6.79273e+15,7.06348e+16,1.10058e+14,7.75376e+16,1.06931e+20,2.91151e+09
1.22958e+06,200130,2.57028e+07,1.55843e+24,4.76374e+25,8.53448e+09,0.00763503,1.38521e+36,0.03468,0.0503515,30.5053,2.63676e-35,6.79264e+15,7.0634e+16,1.10056e+14,7.75367e+16,1.16179e+20,2.91148e+09
1.27958e+06,200128,2.57027e+07,1.75638e+24,5.36855e+25,8.88151e+09,0.00763508,1.38516e+36,0.03468,0.0503503,30.5029,2.6363e-35,6.79255e+15,7.06332e+16,1.10055e+14,7.75358e+16,1.25809e+20,2.91145e+09
1.32958e+06,200127,2.57026e+07,1.97041e+24,6.02246e+25,9.22853e+09,0.00763514,1.38511e+36,0.03468,0.0503491,30.5003,2.63582e-35,6.79245e+15,7.06323e+16,1.10053e+14,7.75348e+16,1.3582e+20,2.91142e+09
1.37958e+06,200125,2.57025e+07,2.20116e+24,6.72739e+25,9.57555e+09,0.00763519,1.38505e+36,0.03468,0.0503479,30.4977,2.63531e-35,6.79235e+15,7.06314e+16,1.10051e+14,7.75338e+16,1.46213e+20,2.91139e+09
1.42958e+06,200123,2.57024e+07,2.44926e+24,7.48524e+25,9.92256e+09,0.00763525,1.38499e+36,0.03468,0.0503466,30.4949,2.6348e-35,6.79224e+15,7.06304e+16,1.10049e+14,7.75327e+16,1.56988e+20,2.91136e+09
1.47958e+06,200121,2.57023e+07,2.71532e+24,8.29791e+25,1.02696e+10,0.00763531,1.38493e+36,0.03468,0.0503453,30.4921,2.63426e-35,6.79213e+15,7.06295e+16,1.10048e+14,7.75316e+16,1.68145e+20,2.91133e+09
1.52958e+06,200119,2.57022e+07,2.99999e+24,9.16732e+25,1.06166e+10,0.00763538,1.38487e+36,0.03468,0.0503439,30.4891,2.6337e-35,6.79202e+15,7.06284e+16,1.10046e+14,7.75305e+16,1.79682e+20,2.91129e+09
1.57958e+06,200117,2.57021e+07,3.30389e+24,1.00954e+26,1.09636e+10,0.00763544,1.38481e+36,0.03468,0.0503425,30.4861,2.63313e-35,6.79191e+15,7.06274e+16,1.10044e+14,7.75294e+16,1.916e+20,2.91126e+09
1.62958e+06,200115,2.5702e+07,3.62765e+24,1.1084e+26,1.13106e+10,0.00763551,1.38475e+36,0.03468,0.050341,30.483,2.63254e-35,6.79179e+15,7.06263e+16,1.10042e+14,7.75282e+16,2.03899e+20,2.91122e+09
1.67958e+06,200113,2.57019e+07,3.97189e+24,1.2135e+26,1.16576e+10,0.00763558,1.38468e+36,0.03468,0.0503395,30.4797,2.63192e-35,6.79166e+15,7.06252e+16,1.1004e+14,7.75269e+16,2.16578e+20,2.91118e+09
1.72958e+06,200110,2.57017e+07,4.33725e+24,1.32504e+26,1.20046e+10,0.00763565,1.38461e+36,0.03468,0.050338,30.4764,2.6313e-35,6.79154e+15,7.06241e+16,1.10037e+14,7.75257e+16,2.29637e+20,2.91115e+09
1.77958e+06,200108,2.57016e+07,4.72435e+24,1.4432e+26,1.23516e+10,0.00763572,1.38454e+36,0.03468,0.0503364,30.473,2.63065e-35,6.7914e+15,7.06229e+16,1.10035e+14,7.75243e+16,2.43076e+20,2.91111e+09
1.82958e+06,200106,2.57015e+07,5.13382e+24,1.56818e+26,1.26986e+10,0.0076358,1.38446e+36,0.03468,0.0503347,30.4695,2.62998e-35,6.79127e+15,7.06217e+16,1.10033e+14,7.7523e+16,2.56894e+20,2.91107e+09
1.87958e+06,200103,2.57013e+07,5.56629e+24,1.70016e+26,1.30455e+10,0.00763588,1.38439e+36,0.03468,0.050333,30.4658,2.6293e-35,6.79113e+15,7.06205e+16,1.1003e+14,7.75216e+16,2.71091e+20,2.91103e+09
1.92958e+06,200101,2.57012e+07,6.02238e+24,1.83933e+26,1.33925e+10,0.00763596,1.38431e+36,0.03468,0.0503313,30.4621,2.6286e-35,6.79099e+15,7.06192e+16,1.10028e+14,7.75202e+16,2.85668e+20,2.91098e+09
1.97958e+06,200098,2.5701e+07,6.50273e+24,1.98589e+26,1.37395e+10,0.00763604,1.38423e+36,0.03468,0.0503295,30.4583,2.62788e-35,6.79084e+15,7.06179e+16,1.10026e+14,7.75187e+16,3.00623e+20,2.91094e+09
2.02958e+06,200096,2.57009e+07,7.00796e+24,2.14002e+26,1.40865e+10,0.00763612,1.38415e+36,0.03468,0.0503277,30.4544,2.62714e-35,6.79069e+15,7.06165e+16,1.10023e+14,7.75172e+16,3.15956e+20,2.91089e+09
2.07958e+06,200093,2.57007e+07,7.5387e+24,2.30191e+26,1.44334e+10,0.00763621,1.38407e+36,0.03468,0.0503258,30.4504,2.62638e-35,6.79054e+15,7.06152e+16,1.1002e+14,7.75157e+16,3.31667e+20,2.91085e+09
2.12958e+06,200090,2.57006e+07,8.09558e+24,2.47175e+26,1.47804e+10,0.0076363,1.38398e+36,0.03468,0.0503239,30.4463,2.6256e-35,6.79038e+15,7.06137e+16,1.10018e+14,7.75141e+16,3.47756e+20,2.9108e+09
2.17958e+06,200087,2.57004e+07,8.67922e+24,2.64973e+26,1.51273e+10,0.00763639,1.3839e+36,0.03468,0.0503219,30.4421,2.62481e-35,6.79022e+15,7.06123e+16,1.10015e+14,7.75125e+16,3.64222e+20,2.91075e+09
2.22958e+06,200084,2.57003e+07,9.29026e+24,2.83603e+26,1.54743e+10,0.00763648,1.38381e+36,0.03468,0.0503199,30.4378,2.624e-35,6.79006e+15,7.06108e+16,1.10012e+14,7.75109e+16,3.81065e+20,2.9107e+09
2.27958e+06,200081,2.57001e+07,9.92932e+24,3.03085e+26,1.58212e+10,0.00763658,1.38372e+36,0.03468,0.0503178,30.4334,2.62317e-35,6.78989e+15,7.06093e+16,1.10009e+14,7.75092e+16,3.98285e+20,2.91065e+09
2.32958e+06,200078,2.56999e+07,1.0597e+25,3.23438e+26,1.61682e+10,0.00763667,1.38362e+36,0.03468,0.0503157,30.4289,2.62232e-35,6.78972e+15,7.06078e+16,1.10006e+14,7.75075e+16,4.15881e+20,2.9106e+09
2.37958e+06,200075,2.56998e+07,1.1294e+25,3.4468e+26,1.65151e+10,0.00763677,1.38353e+36,0.03468,0.0503136,30.4243,2.62146e-35,6.78954e+15,7.06062e+16,1.10003e+14,7.75057e+16,4.33852e+20,2.91055e+09
2.42958e+06,200072,2.56996e+07,1.20209e+25,3.66829e+26,1.6862e+10,0.00763687,1.38343e+36,0.03468,0.0503114,30.4196,2.62057e-35,6.78936e+15,7.06046e+16,1.1e+14,7.7504e+16,4.522e+20,2.91049e+09
2.47958e+06,200069,2.56994e+07,1.27783e+25,3.89906e+26,1.72089e+10,0.00763697,1.38333e+36,0.03468,0.0503091,30.4148,2.61967e-35,6.78918e+15,7.06029e+16,1.09997e+14,7.75021e+16,4.70922e+20,2.91044e+09
2.52958e+06,200066,2.56992e+07,1.35669e+25,4.13928e+26,1.75559e+10,0.00763708,1.38323e+36,0.03468,0.0503068,30.41,2.61875e-35,6.78899e+15,7.06013e+16,1.09994e+14,7.75003e+16,4.90019e+20,2.91038e+09
2.57958e+06,200062,2.5699e+07,1.43872e+25,4.38914e+26,1.79028e+10,0.00763719,1.38312e+36,0.03468,0.0503045,30.405,2.61781e-35,6.7888e+15,7.05996e+16,1.09991e+14,7.74984e+16,5.0949e+20,2.91032e+09
2.62958e+06,200059,2.56988e+07,1.524e+25,4.64883e+26,1.82497e+10,0.0076373,1.38302e+36,0.03468,0.0503021,30.3999,2.61686e-35,6.78861e+15,7.05978e+16,1.09987e+14,7.74964e+16,5.29335e+20,2.91027e+09
2.67958e+06,200055,2.56986e+07,1.61258e+25,4.91854e+26,1.85966e+10,0.00763741,1.38291e+36,0.03468,0.0502997,30.3947,2.61588e-35,6.78841e+15,7.0596e+16,1.09984e+14,7.74944e+16,5.49553e+20,2.91021e+09
2.72958e+06,200052,2.56984e+07,1.70453e+25,5.19845e+26,1.89435e+10,0.00763752,1.3828e+36,0.03468,0.0502973,30.3895,2.61489e-35,6.78821e+15,7.05942e+16,1.09981e+14,7.74924e+16,5.70145e+20,2.91015e+09
2.77958e+06,200048,2.56982e+07,1.7999e+25,5.48875e+26,1.92904e+10,0.00763764,1.38269e+36,0.03468,0.0502947,30.3841,2.61388e-35,6.788e+15,7.05924e+16,1.09977e+14,7.74904e+16,5.91109e+20,2.91008e+09
2.82958e+06,200044,2.5698e+07,1.89877e+25,5.78962e+26,1.96372e+10,0.00763775,1.38258e+36,0.03468,0.0502922,30.3787,2.61285e-35,6.78779e+15,7.05905e+16,1.09974e+14,7.74883e+16,6.12445e+20,2.91002e+09
2.87958e+06,200041,2.56978e+07,2.00119e+25,6.10125e+26,1.99841e+10,0.00763787,1.38246e+36,0.03468,0.0502896,30.3731,2.61181e-35,6.78758e+15,7.05886e+16,1.0997e+14,7.74862e+16,6.34153e+20,2.90996e+09
2.92958e+06,200037,2.56976e+07,2.10723e+25,6.42383e+26,2.0331e+10,0.007638,1.38234e+36,0.03468,0.0502869,30.3675,2.61074e-35,6.78736e+15,7.05867e+16,1.09966e+14,7.7484e+16,6.56232e+20,2.90989e+09
2.97958e+06,200033,2.56974e+07,2.21695e+25,6.75755e+26,2.06778e+10,0.00763812,1.38222e+36,0.03468,0.0502842,30.3617,2.60966e-35,6.78714e+15,7.05847e+16,1.09963e+14,7.74818e+16,6.78681e+20,2.90983e+09
3.02958e+06,200029,2.56971e+07,2.33042e+25,7.10258e+26,2.10247e+10,0.00763825,1.3821e+36,0.03468,0.0502815,30.3559,2.60856e-35,6.78692e+15,7.05827e+16,1.09959e+14,7.74795e+16,7.01502e+20,2.90976e+09
3.07958e+06,200025,2.56969e+07,2.44769e+25,7.45911e+26,2.13715e+10,0.00763837,1.38198e+36,0.03468,0.0502787,30.3499,2.60745e-35,6.78669e+15,7.05806e+16,1.09955e+14,7.74773e+16,7.24691e+20,2.90969e+09
3.12958e+06,200021,2.56967e+07,2.56882e+25,7.82733e+26,2.17184e+10,0.0076385,1.38185e+36,0.03468,0.0502759,30.3439,2.60631e-35,6.78646e+15,7.05786e+16,1.09951e+14,7.7475e+16,7.48251e+20,2.90962e+09
3.17958e+06,200017,2.56965e+07,2.69389e+25,8.20742e+26,2.20652e+10,0.00763864,1.38173e+36,0.03468,0.050273,30.3378,2.60516e-35,6.78623e+15,7.05764e+16,1.09947e+14,7.74726e+16,7.72179e+20,2.90955e+09
3.22958e+06,200012,2.56962e+07,2.82295e+25,8.59957e+26,2.2412e+10,0.00763877,1.3816e+36,0.03468,0.0502701,30.3315,2.60399e-35,6.78599e+15,7.05743e+16,1.09943e+14,7.74702e+16,7.96475e+20,2.90948e+09
3.27958e+06,200008,2.5696e+07,2.95607e+25,9.00396e+26,2.27589e+10,0.00763891,1.38146e+36,0.03468,0.0502671,30.3252,2.6028e-35,6.78574e+15,7.05721e+16,1.09939e+14,7.74678e+16,8.21139e+20,2.90941e+09
3.32958e+06,200004,2.56957e+07,3.0933e+25,9.42077e+26,2.31057e+10,0.00763905,1.38133e+36,0.03468,0.0502641,30.3188,2.60159e-35,6.7855e+15,7.05699e+16,1.09935e+14,7.74653e+16,8.46171e+20,2.90933e+09
3.37958e+06,199999,2.56955e+07,3.23472e+25,9.85019e+26,2.34525e+10,0.00763919,1.3812e+36,0.03468,0.050261,30.3123,2.60037e-35,6.78525e+15,7.05677e+16,1.0993e+14,7.74628e+16,8.71569e+20,2.90926e+09
3.42958e+06,199995,2.56952e+07,3.38038e+25,1.02924e+27,2.37993e+10,0.00763933,1.38106e+36,0.03468,0.0502579,30.3057,2.59913e-35,6.78499e+15,7.05654e+16,1.09926e+14,7.74603e+16,8.97333e+20,2.90918e+09
3.47958e+06,199990,2.5695e+07,3.53034e+25,1.07476e+27,2.4146e+10,0.00763947,1.38092e+36,0.03468,0.0502548,30.299,2.59787e-35,6.78474e+15,7.05631e+16,1.09922e+14,7.74577e+16,9.23464e+20,2.9091e+09
3.52958e+06,199986,2.56947e+07,3.68468e+25,1.12159e+27,2.44928e+10,0.00763962,1.38078e+36,0.03468,0.0502516,30.2922,2.59659e-35,6.78448e+15,7.05607e+16,1.09917e+14,7.74551e+16,9.49959e+20,2.90902e+09
3.57958e+06,199981,2.56944e+07,3.84344e+25,1.16976e+27,2.48396e+10,0.00763977,1.38063e+36,0.03468,0.0502483,30.2853,2.5953e-35,6.78421e+15,7.05584e+16,1.09913e+14,7.74525e+16,9.76819e+20,2.90894e+09
3.62958e+06,199976,2.56942e+07,4.0067e+25,1.21928e+27,2.51864e+10,0.00763992,1.38049e+36,0.03468,0.0502451,30.2783,2.59399e-35,6.78394e+15,7.05559e+16,1.09908e+14,7.74498e+16,1.00404e+21,2.90886e+09
3.67958e+06,199971,2.56939e+07,4.17452e+25,1.27017e+27,2.55331e+10,0.00764008,1.38034e+36,0.03468,0.0502417,30.2712,2.59266e-35,6.78367e+15,7.05535e+16,1.09903e+14,7.74471e+16,1.03163e+21,2.90878e+09
3.72958e+06,199966,2.56936e+07,4.34695e+25,1.32245e+27,2.58799e+10,0.00764023,1.38019e+36,0.03468,0.0502383,30.264,2.59131e-35,6.78339e+15,7.0551e+16,1.09899e+14,7.74443e+16,1.05958e+21,2.9087e+09
3.77958e+06,199962,2.56934e+07,4.52407e+25,1.37614e+27,2.62266e+10,0.00764039,1.38004e+36,0.03468,0.0502349,30.2567,2.58995e-35,6.78311e+15,7.05485e+16,1.09894e+14,7.74415e+16,1.08789e+21,2.90861e+09
3.82958e+06,199957,2.56931e+07,4.70593e+25,1.43125e+27,2.65733e+10,0.00764055,1.37988e+36,0.03468,0.0502315,30.2494,2.58857e-35,6.78283e+15,7.0546e+16,1.09889e+14,7.74387e+16,1.11657e+21,2.90853e+09
3.87958e+06,199951,2.56928e+07,4.8926e+25,1.4878e+27,2.692e+10,0.00764071,1.37973e+36,0.03468,0.0502279,30.2419,2.58717e-35,6.78254e+15,7.05434e+16,1.09884e+14,7.74358e+16,1.1456e+21,2.90844e+09
3.92958e+06,199946,2.56925e+07,5.08414e+25,1.54581e+27,2.72668e+10,0.00764087,1.37957e+36,0.03468,0.0502244,30.2343,2.58575e-35,6.78225e+15,7.05408e+16,1.09879e+14,7.74329e+16,1.175e+21,2.90836e+09
3.97958e+06,199941,2.56922e+07,5.28061e+25,1.6053e+27,2.76135e+10,0.00764104,1.37941e+36,0.03468,0.0502208,30.2267,2.58432e-35,6.78196e+15,7.05381e+16,1.09874e+14,7.743e+16,1.20475e+21,2.90827e+09
4.02958e+06,199936,2.56919e+07,5.48207e+25,1.66629e+27,2.79602e+10,0.00764121,1.37925e+36,0.03468,0.0502171,30.2189,2.58287e-35,6.78166e+15,7.05355e+16,1.09869e+14,7.7427e+16,1.23487e+21,2.90818e+09
4.07958e+06,199930,2.56916e+07,5.68859e+25,1.7288e+27,2.83068e+10,0.00764138,1.37909e+36,0.03468,0.0502134,30.2111,2.5814e-35,6.78136e+15,7.05328e+16,1.09864e+14,7.7424e+16,1.26534e+21,2.90809e+09
4.12958e+06,199925,2.56913e+07,5.90023e+25,1.79283e+27,2.86535e+10,0.00764155,1.37892e+36,0.03468,0.0502097,30.2031,2.57991e-35,6.78105e+15,7.053e+16,1.09859e+14,7.74209e+16,1.29617e+21,2.90799e+09
4.17958e+06,199920,2.5691e+07,6.11705e+25,1.85842e+27,2.90002e+10,0.00764173,1.37875e+36,0.03468,0.0502059,30.1951,2.57841e-35,6.78074e+15,7.05272e+16,1.09853e+14,7.74178e+16,1.32736e+21,2.9079e+09
4.22958e+06,199914,2.56907e+07,6.33912e+25,1.92557e+27,2.93468e+10,0.0076419,1.37858e+36,0.03468,0.0502021,30.187,2.57689e-35,6.78043e+15,7.05244e+16,1.09848e+14,7.74147e+16,1.3589e+21,2.90781e+09
4.27958e+06,199908,2.56904e+07,6.56649e+25,1.99432e+27,2.96935e+10,0.00764208,1.37841e+36,0.03468,0.0501982,30.1787,2.57535e-35,6.78011e+15,7.05216e+16,1.09843e+14,7.74115e+16,1.3908e+21,2.90771e+09
4.32958e+06,199903,2.569e+07,6.79923e+25,2.06466e+27,3.00401e+10,0.00764226,1.37824e+36,0.03468,0.0501943,30.1704,2.5738e-35,6.77979e+15,7.05187e+16,1.09837e+14,7.74083e+16,1.42306e+21,2.90762e+09
4.37958e+06,199897,2.56897e+07,7.0374e+25,2.13663e+27,3.03867e+10,0.00764244,1.37806e+36,0.03468,0.0501903,30.162,2.57223e-35,6.77947e+15,7.05158e+16,1.09832e+14,7.74051e+16,1.45567e+21,2.90752e+09
4.42958e+06,199891,2.56894e+07,7.28106e+25,2.21023e+27,3.07334e+10,0.00764263,1.37788e+36,0.03468,0.0501863,30.1535,2.57064e-35,6.77914e+15,7.05129e+16,1.09826e+14,7.74018e+16,1.48864e+21,2.90742e+09
4.47958e+06,199885,2.56891e+07,7.53029e+25,2.2855e+27,3.108e+10,0.00764282,1.3777e+36,0.03468,0.0501823,30.1449,2.56904e-35,6.77881e+15,7.05099e+16,1.09821e+14,7.73985e+16,1.52195e+21,2.90732e+09
4.52958e+06,199879,2.56887e+07,7.78513e+25,2.36244e+27,3.14266e+10,0.00764301,1.37752e+36,0.03468,0.0501782,30.1362,2.56741e-35,6.77847e+15,7.05069e+16,1.09815e+14,7.73952e+16,1.55562e+21,2.90722e+09
4.57958e+06,199873,2.56884e+07,8.04565e+25,2.44107e+27,3.17732e+10,0.0076432,1.37734e+36,0.03468,0.050174,30.1274,2.56577e-35,6.77813e+15,7.05038e+16,1.09809e+14,7.73918e+16,1.58965e+21,2.90712e+09
4.62958e+06,199867,2.56881e+07,8.31191e+25,2.52141e+27,3.21197e+10,0.00764339,1.37715e+36,0.03468,0.0501698,30.1185,2.56412e-35,6.77779e+15,7.05007e+16,1.09803e+14,7.73883e+16,1.62402e+21,2.90701e+09
4.67958e+06,199861,2.56877e+07,8.58398e+25,2.60347e+27,3.24663e+10,0.00764359,1.37696e+36,0.03468,0.0501656,30.1096,2.56245e-35,6.77745e+15,7.04976e+16,1.09797e+14,7.73849e+16,1.65874e+21,2.90691e+09
4.72958e+06,199855,2.56874e+07,8.86192e+25,2.68729e+27,3.28128e+10,0.00764378,1.37677e+36,0.03468,0.0501613,30.1005,2.56076e-35,6.7771e+15,7.04945e+16,1.09791e+14,7.73814e+16,1.69382e+21,2.9068e+09
4.77958e+06,199849,2.5687e+07,9.14579e+25,2.77286e+27,3.31594e+10,0.00764398,1.37658e+36,0.03468,0.050157,30.0913,2.55905e-35,6.77674e+15,7.04913e+16,1.09785e+14,7.73778e+16,1.72924e+21,2.9067e+09
4.82958e+06,199842,2.56867e+07,9.43565e+25,2.86022e+27,3.35059e+10,0.00764418,1.37639e+36,0.03468,0.0501526,30.0821,2.55733e-35,6.77638e+15,7.04881e+16,1.09779e+14,7.73743e+16,1.76501e+21,2.90659e+09
4.87958e+06,199836,2.56863e+07,9.73156e+25,2.94937e+27,3.38524e+10,0.00764439,1.37619e+36,0.03468,0.0501482,30.0727,2.55559e-35,6.77602e+15,7.04849e+16,1.09773e+14,7.73707e+16,1.80113e+21,2.90648e+09
4.92958e+06,199830,2.56859e+07,1.00336e+26,3.04034e+27,3.4199e+10,0.00764459,1.376e+36,0.03468,0.0501438,30.0633,2.55383e-35,6.77566e+15,7.04816e+16,1.09767e+14,7.7367e+16,1.83759e+21,2.90637e+09
4.97958e+06,199823,2.56856e+07,1.03418e+26,3.13314e+27,3.45455e+10,0.0076448,1.3758e+36,0.03468,0.0501392,30.0537,2.55206e-35,6.77529e+15,7.04783e+16,1.09761e+14,7.73633e+16,1.8744e+21,2.90626e+09
5.02958e+06,199817,2.56852e+07,1.06563e+26,3.22778e+27,3.48919e+10,0.00764501,1.3756e+36,0.03468,0.0501347,30.0441,2.55027e-35,6.77492e+15,7.04749e+16,1.09754e+14,7.73596e+16,1.91156e+21,2.90615e+09
5.07958e+06,199810,2.56848e+07,1.0977e+26,3.3243e+27,3.52384e+10,0.00764522,1.37539e+36,0.03468,0.0501301,30.0344,2.54846e-35,6.77454e+15,7.04716e+16,1.09748e+14,7.73559e+16,1.94906e+21,2.90604e+09
5.12958e+06,199803,2.56844e+07,1.13041e+26,3.42269e+27,3.55849e+10,0.00764544,1.37519e+36,0.03468,0.0501255,30.0246,2.54664e-35,6.77416e+15,7.04682e+16,1.09741e+14,7.73521e+16,1.9869e+21,2.90592e+09
5.17958e+06,199796,2.56841e+07,1.16377e+26,3.52299e+27,3.59313e+10,0.00764566,1.37498e+36,0.03468,0.0501208,30.0146,2.5448e-35,6.77378e+15,7.04647e+16,1.09735e+14,7.73482e+16,2.02509e+21,2.90581e+09
5.22958e+06,199790,2.56837e+07,1.19777e+26,3.62521e+27,3.62778e+10,0.00764587,1.37477e+36,0.03468,0.050116,30.0046,2.54294e-35,6.77339e+15,7.04612e+16,1.09728e+14,7.73444e+16,2.06362e+21,2.90569e+09
5.27958e+06,199783,2.56833e+07,1.23243e+26,3.72936e+27,3.66242e+10,0.00764609,1.37456e+36,0.03468,0.0501113,29.9945,2.54107e-35,6.773e+15,7.04577e+16,1.09722e+14,7.73405e+16,2.10249e+21,2.90557e+09
5.32958e+06,199776,2.56829e+07,1.26776e+26,3.83546e+27,3.69706e+10,0.00764632,1.37434e+36,0.03468,0.0501064,29.9844,2.53918e-35,6.77261e+15,7.04542e+16,1.09715e+14,7.73365e+16,2.1417e+21,2.90545e+09
5.37958e+06,199769,2.56825e+07,1.30374e+26,3.94354e+27,3.7317e+10,0.00764654,1.37413e+36,0.03468,0.0501016,29.9741,2.53727e-35,6.77221e+15,7.04506e+16,1.09708e+14,7.73325e+16,2.18125e+21,2.90533e+09
5.42958e+06,199761,2.56821e+07,1.34041e+26,4.0536e+27,3.76634e+10,0.00764677,1.37391e+36,0.03468,0.0500967,29.9637,2.53535e-35,6.77181e+15,7.0447e+16,1.09701e+14,7.73285e+16,2.22114e+21,2.90521e+09
5.47958e+06,199754,2.56817e+07,1.37775e+26,4.16566e+27,3.80098e+10,0.007647,1.37369e+36,0.03468,0.0500917,29.9532,2.53341e-35,6.7714e+15,7.04434e+16,1.09694e+14,7.73245e+16,2.26136e+21,2.90509e+09
5.52958e+06,199747,2.56813e+07,1.41578e+26,4.27974e+27,3.83562e+10,0.00764723,1.37347e+36,0.03468,0.0500867,29.9427,2.53146e-35,6.77099e+15,7.04397e+16,1.09687e+14,7.73204e+16,2.30192e+21,2.90497e+09
5.57958e+06,199740,2.56809e+07,1.4545e+26,4.39585e+27,3.87025e+10,0.00764746,1.37325e+36,0.03468,0.0500817,29.932,2.52949e-35,6.77058e+15,7.0436e+16,1.0968e+14,7.73163e+16,2.34282e+21,2.90484e+09
5.62958e+06,199732,2.56804e+07,1.49392e+26,4.51403e+27,3.90489e+10,0.0076477,1.37302e+36,0.03468,0.0500766,29.9213,2.5275e-35,6.77016e+15,7.04323e+16,1.09673e+14,7.73121e+16,2.38406e+21,2.90472e+09
5.67958e+06,199725,2.568e+07,1.53405e+26,4.63427e+27,3.93952e+10,0.00764794,1.37279e+36,0.03468,0.0500714,29.9105,2.5255e-35,6.76974e+15,7.04285e+16,1.09666e+14,7.73079e+16,2.42563e+21,2.90459e+09
5.72958e+06,199717,2.56796e+07,1.57489e+26,4.75659e+27,3.97415e+10,0.00764818,1.37257e+36,0.03468,0.0500663,29.8995,2.52348e-35,6.76932e+15,7.04247e+16,1.09659e+14,7.73037e+16,2.46753e+21,2.90446e+09
5.77958e+06,199710,2.56792e+07,1.61644e+26,4.88103e+27,4.00878e+10,0.00764842,1.37233e+36,0.03468,0.050061,29.8885,2.52144e-35,6.76889e+15,7.04208e+16,1.09652e+14,7.72994e+16,2.50977e+21,2.90433e+09
5.82958e+06,199702,2.56787e+07,1.65872e+26,5.00758e+27,4.04341e+10,0.00764866,1.3721e+36,0.03468,0.0500558,29.8774,2.51939e-35,6.76846e+15,7.0417e+16,1.09644e+14,7.72951e+16,2.55233e+21,2.9042e+09
5.87958e+06,199695,2.56783e+07,1.70173e+26,5.13626e+27,4.07804e+10,0.00764891,1.37187e+36,0.03468,0.0500505,29.8662,2.51732e-35,6.76802e+15,7.04131e+16,1.09637e+14,7.72907e+16,2.59523e+21,2.90407e+09
5.92958e+06,199687,2.56779e+07,1.74547e+26,5.26711e+27,4.11267e+10,0.00764916,1.37163e+36,0.03468,0.0500451,29.8549,2.51524e-35,6.76759e+15,7.04091e+16,1.09629e+14,7.72863e+16,2.63846e+21,2.90394e+09
5.97958e+06,199679,2.56774e+07,1.78996e+26,5.40012e+27,4.14729e+10,0.00764941,1.37139e+36,0.03468,0.0500397,29.8435,2.51314e-35,6.76714e+15,7.04051e+16,1.09622e+14,7.72819e+16,2.68202e+21,2.90381e+09
6.02958e+06,199671,2.5677e+07,1.83519e+26,5.53531e+27,4.18191e+10,0.00764966,1.37115e+36,0.03468,0.0500342,29.8321,2.51103e-35,6.7667e+15,7.04011e+16,1.09614e+14,7.72775e+16,2.7259e+21,2.90367e+09
6.07958e+06,199663,2.56765e+07,1.88118e+26,5.67271e+27,4.21654e+10,0.00764991,1.37091e+36,0.03468,0.0500288,29.8205,2.5089e-35,6.76625e+15,7.03971e+16,1.09606e+14,7.7273e+16,2.77011e+21,2.90354e+09
6.12958e+06,199655,2.56761e+07,1.92793e+26,5.81233e+27,4.25116e+10,0.00765017,1.37066e+36,0.03468,0.0500232,29.8088,2.50675e-35,6.76579e+15,7.0393e+16,1.09599e+14,7.72684e+16,2.81465e+21,2.9034e+09
6.17958e+06,199647,2.56756e+07,1.97545e+26,5.95418e+27,4.28578e+10,0.00765043,1.37041e+36,0.03468,0.0500176,29.7971,2.50459e-35,6.76534e+15,7.03889e+16,1.09591e+14,7.72639e+16,2.85952e+21,2.90326e+09
6.22958e+06,199639,2.56752e+07,2.02374e+26,6.09829e+27,4.32039e+10,0.00765069,1.37016e+36,0.03468,0.050012,29.7853,2.50241e-35,6.76488e+15,7.03848e+16,1.09583e+14,7.72593e+16,2.90471e+21,2.90313e+09
6.27958e+06,199631,2.56747e+07,2.07281e+26,6.24466e+27,4.35501e+10,0.00765095,1.36991e+36,0.03468,0.0500063,29.7733,2.50022e-35,6.76441e+15,7.03806e+16,1.09575e+14,7.72546e+16,2.95022e+21,2.90299e+09
6.32958e+06,199622,2.56742e+07,2.12266e+26,6.39332e+27,4.38963e+10,0.00765122,1.36966e+36,0.03468,0.0500006,29.7613,2.49801e-35,6.76394e+15,7.03764e+16,1.09567e+14,7.72499e+16,2.99606e+21,2.90285e+09
6.37958e+06,199614,2.56738e+07,2.17331e+26,6.54427e+27,4.42424e+10,0.00765148,1.36941e+36,0.03468,0.0499949,29.7492,2.49578e-35,6.76347e+15,7.03722e+16,1.09559e+14,7.72452e+16,3.04221e+21,2.9027e+09
6.42958e+06,199606,2.56733e+07,2.22476e+26,6.69754e+27,4.45885e+10,0.00765175,1.36915e+36,0.03468,0.0499891,29.737,2.49354e-35,6.763e+15,7.03679e+16,1.09551e+14,7.72405e+16,3.08869e+21,2.90256e+09
6.47958e+06,199597,2.56728e+07,2.27701e+26,6.85315e+27,4.49346e+10,0.00765202,1.36889e+36,0.03468,0.0499832,29.7247,2.49129e-35,6.76252e+15,7.03636e+16,1.09543e+14,7.72357e+16,3.13549e+21,2.90242e+09
6.52958e+06,199588,2.56723e+07,2.33006e+26,7.0111e+27,4.52807e+10,0.0076523,1.36863e+36,0.03468,0.0499773,29.7124,2.48902e-35,6.76203e+15,7.03593e+16,1.09535e+14,7.72308e+16,3.1826e+21,2.90227e+09
6.57958e+06,199580,2.56718e+07,2.38394e+26,7.17141e+27,4.56268e+10,0.00765257,1.36837e+36,0.03468,0.0499714,29.6999,2.48673e-35,6.76155e+15,7.03549e+16,1.09526e+14,7.7226e+16,3.23004e+21,2.90212e+09
6.62958e+06,199571,2.56714e+07,2.43864e+26,7.33411e+27,4.59729e+10,0.00765285,1.3681e+36,0.03468,0.0499654,29.6873,2.48443e-35,6.76106e+15,7.03505e+16,1.09518e+14,7.72211e+16,3.27779e+21,2.90198e+09
6.67958e+06,199562,2.56709e+07,2.49417e+26,7.4992e+27,4.63189e+10,0.00765313,1.36784e+36,0.03468,0.0499594,29.6747,2.48211e-35,6.76056e+15,7.03461e+16,1.0951e+14,7.72161e+16,3.32586e+21,2.90183e+09
6.72958e+06,199554,2.56704e+07,2.55053e+26,7.6667e+27,4.6665e+10,0.00765341,1.36757e+36,0.03468,0.0499533,29.6619,2.47978e-35,6.76007e+15,7.03416e+16,1.09501e+14,7.72112e+16,3.37424e+21,2.90168e+09
6.77958e+06,199545,2.56699e+07,2.60774e+26,7.83663e+27,4.7011e+10,0.0076537,1.3673e+36,0.03468,0.0499472,29.6491,2.47744e-35,6.75957e+15,7.03371e+16,1.09493e+14,7.72062e+16,3.42293e+21,2.90153e+09
6.82958e+06,199536,2.56694e+07,2.66579e+26,8.009e+27,4.7357e+10,0.00765398,1.36703e+36,0.03468,0.049941,29.6362,2.47507e-35,6.75906e+15,7.03326e+16,1.09484e+14,7.72011e+16,3.47194e+21,2.90138e+09
6.87958e+06,199527,2.56689e+07,2.72469e+26,8.18383e+27,4.7703e+10,0.00765427,1.36675e+36,0.03468,0.0499348,29.6232,2.4727e-35,6.75855e+15,7.0328e+16,1.09475e+14,7.7196e+16,3.52126e+21,2.90122e+09
6.92958e+06,199518,2.56683e+07,2.78446e+26,8.36113e+27,4.80489e+10,0.00765456,1.36647e+36,0.03468,0.0499285,29.6101,2.4703e-35,6.75804e+15,7.03234e+16,1.09467e+14,7.71909e+16,3.57089e+21,2.90107e+09
6.97958e+06,199509,2.56678e+07,2.84509e+26,8.54092e+27,4.83949e+10,0.00765485,1.3662e+36,0.03468,0.0499222,29.5969,2.4679e-35,6.75752e+15,7.03188e+16,1.09458e+14,7.71858e+16,3.62083e+21,2.90091e+09
7.02958e+06,199499,2.56673e+07,2.90659e+26,8.72322e+27,4.87408e+10,0.00765515,1.36592e+36,0.03468,0.0499159,29.5836,2.46548e-35,6.757e+15,7.03141e+16,1.09449e+14,7.71806e+16,3.67108e+21,2.90076e+09
7.07958e+06,199490,2.56668e+07,2.96897e+26,8.90804e+27,4.90868e+10,0.00765545,1.36563e+36,0.03468,0.0499095,29.5703,2.46304e-35,6.75648e+15,7.03094e+16,1.0944e+14,7.71753e+16,3.72164e+21,2.9006e+09
7.12958e+06,199481,2.56663e+07,3.03224e+26,9.09539e+27,4.94327e+10,0.00765574,1.36535e+36,0.03468,0.0499031,29.5568,2.46059e-35,6.75595e+15,7.03047e+16,1.09431e+14,7.71701e+16,3.7725e+21,2.90044e+09
7.17958e+06,199471,2.56657e+07,3.0964e+26,9.28529e+27,4.97786e+10,0.00765604,1.36506e+36,0.03468,0.0498966,29.5433,2.45812e-35,6.75542e+15,7.02999e+16,1.09422e+14,7.71648e+16,3.82367e+21,2.90028e+09
7.22958e+06,199462,2.56652e+07,3.16145e+26,9.47776e+27,5.01244e+10,0.00765635,1.36478e+36,0.03468,0.0498901,29.5297,2.45564e-35,6.75489e+15,7.02951e+16,1.09413e+14,7.71594e+16,3.87514e+21,2.90012e+09
7.27958e+06,199452,2.56647e+07,3.22741e+26,9.67281e+27,5.04703e+10,0.00765665,1.36449e+36,0.03468,0.0498835,29.516,2.45314e-35,6.75435e+15,7.02903e+16,1.09404e+14,7.7154e+16,3.92692e+21,2.89996e+09
7.32958e+06,199443,2.56641e+07,3.29427e+26,9.87046e+27,5.08161e+10,0.00765696,1.3642e+36,0.03468,0.0498769,29.5022,2.45063e-35,6.75381e+15,7.02854e+16,1.09395e+14,7.71486e+16,3.979e+21,2.89979e+09
7.37958e+06,199433,2.56636e+07,3.36205e+26,1.00707e+28,5.1162e+10,0.00765727,1.3639e+36,0.03468,0.0498703,29.4883,2.44811e-35,6.75327e+15,7.02805e+16,1.09385e+14,7.71432e+16,4.03138e+21,2.89963e+09
7.42958e+06,199423,2.5663e+07,3.43075e+26,1.02736e+28,5.15078e+10,0.00765758,1.36361e+36,0.03468,0.0498636,29.4743,2.44557e-35,6.75272e+15,7.02756e+16,1.09376e+14,7.71377e+16,4.08406e+21,2.89946e+09
7.47958e+06,199414,2.56625e+07,3.50038e+26,1.04791e+28,5.18536e+10,0.00765789,1.36331e+36,0.03468,0.0498569,29.4602,2.44301e-35,6.75216e+15,7.02706e+16,1.09366e+14,7.71322e+16,4.13704e+21,2.8993e+09
7.52958e+06,199404,2.56619e+07,3.57095e+26,1.06873e+28,5.21993e+10,0.00765821,1.36301e+36,0.03468,0.0498501,29.4461,2.44045e-35,6.75161e+15,7.02656e+16,1.09357e+14,7.71266e+16,4.19032e+21,2.89913e+09
7.57958e+06,199394,2.56614e+07,3.64245e+26,1.08982e+28,5.25451e+10,0.00765853,1.36271e+36,0.03468,0.0498432,29.4318,2.43786e-35,6.75105e+15,7.02606e+16,1.09347e+14,7.7121e+16,4.24389e+21,2.89896e+09
7.62958e+06,199384,2.56608e+07,3.7149e+26,1.11117e+28,5.28908e+10,0.00765885,1.3624e+36,0.03468,0.0498364,29.4175,2.43527e-35,6.75049e+15,7.02556e+16,1.09338e+14,7.71154e+16,4.29776e+21,2.89879e+09
7.67958e+06,199374,2.56602e+07,3.7883e+26,1.13279e+28,5.32366e+10,0.00765917,1.3621e+36,0.03468,0.0498295,29.4031,2.43265e-35,6.74992e+15,7.02505e+16,1.09328e+14,7.71097e+16,4.35193e+21,2.89862e+09
7.72958e+06,199364,2.56597e+07,3.86266e+26,1.15469e+28,5.35823e+10,0.00765949,1.36179e+36,0.03468,0.0498225,29.3886,2.43003e-35,6.74935e+15,7.02453e+16,1.09318e+14,7.7104e+16,4.40638e+21,2.89845e+09
7.77958e+06,199354,2.56591e+07,3.93798e+26,1.17686e+28,5.3928e+10,0.00765982,1.36148e+36,0.03468,0.0498155,29.374,2.42739e-35,6.74877e+15,7.02402e+16,1.09309e+14,7.70983e+16,4.46114e+21,2.89828e+09
7.82958e+06,199343,2.56585e+07,4.01428e+26,1.1993e+28,5.42736e+10,0.00766015,1.36117e+36,0.03468,0.0498084,29.3594,2.42473e-35,6.7482e+15,7.0235e+16,1.09299e+14,7.70925e+16,4.51618e+21,2.8981e+09
7.87958e+06,199333,2.56579e+07,4.09155e+26,1.22202e+28,5.46193e+10,0.00766048,1.36086e+36,0.03468,0.0498014,29.3446,2.42207e-35,6.74761e+15,7.02298e+16,1.09289e+14,7.70867e+16,4.57151e+21,2.89793e+09
7.92958e+06,199323,2.56573e+07,4.1698e+26,1.24502e+28,5.49649e+10,0.00766081,1.36054e+36,0.03468,0.0497942,29.3297,2.41938e-35,6.74703e+15,7.02245e+16,1.09279e+14,7.70808e+16,4.62713e+21,2.89775e+09
7.97958e+06,199312,2.56568e+07,4.24905e+26,1.26829e+28,5.53105e+10,0.00766115,1.36023e+36,0.03468,0.049787,29.3148,2.41669e-35,6.74644e+15,7.02192e+16,1.09269e+14,7.70749e+16,4.68304e+21,2.89757e+09
8.02958e+06,199302,2.56562e+07,4.32929e+26,1.29185e+28,5.56561e+10,0.00766148,1.35991e+36,0.03468,0.0497798,29.2998,2.41398e-35,6.74585e+15,7.02139e+16,1.09259e+14,7.7069e+16,4.73923e+21,2.8974e+09
8.07958e+06,199291,2.56556e+07,4.41052e+26,1.31569e+28,5.60017e+10,0.00766182,1.35959e+36,0.03468,0.0497725,29.2847,2.41126e-35,6.74525e+15,7.02085e+16,1.09249e+14,7.7063e+16,4.79572e+21,2.89722e+09
8.12958e+06,199280,2.5655e+07,4.49277e+26,1.33981e+28,5.63473e+10,0.00766216,1.35927e+36,0.03468,0.0497652,29.2695,2.40852e-35,6.74465e+15,7.02032e+16,1.09238e+14,7.7057e+16,4.85248e+21,2.89704e+09
8.17958e+06,199270,2.56544e+07,4.57603e+26,1.36421e+28,5.66928e+10,0.00766251,1.35894e+36,0.03468,0.0497579,29.2542,2.40577e-35,6.74405e+15,7.01977e+16,1.09228e+14,7.7051e+16,4.90953e+21,2.89685e+09
8.22958e+06,199259,2.56537e+07,4.66031e+26,1.3889e+28,5.70383e+10,0.00766285,1.35862e+36,0.03468,0.0497505,29.2389,2.403e-35,6.74344e+15,7.01923e+16,1.09218e+14,7.70449e+16,4.96686e+21,2.89667e+09
8.27958e+06,199248,2.56531e+07,4.74562e+26,1.41388e+28,5.73838e+10,0.0076632,1.35829e+36,0.03468,0.049743,29.2234,2.40022e-35,6.74283e+15,7.01868e+16,1.09207e+14,7.70388e+16,5.02447e+21,2.89649e+09
8.32958e+06,199237,2.56525e+07,4.83195e+26,1.43915e+28,5.77293e+10,0.00766355,1.35796e+36,0.03468,0.0497355,29.2079,2.39743e-35,6.74222e+15,7.01813e+16,1.09197e+14,7.70327e+16,5.08236e+21,2.8963e+09
8.37958e+06,199226,2.56519e+07,4.91933e+26,1.46471e+28,5.80748e+10,0.0076639,1.35763e+36,0.03468,0.049728,29.1923,2.39463e-35,6.7416e+15,7.01757e+16,1.09186e+14,7.70265e+16,5.14053e+21,2.89611e+09
8.42958e+06,199215,2.56513e+07,5.00775e+26,1.49055e+28,5.84202e+10,0.00766425,1.35729e+36,0.03468,0.0497204,29.1766,2.39181e-35,6.74098e+15,7.01701e+16,1.09176e+14,7.70203e+16,5.19898e+21,2.89593e+09
8.47958e+06,199204,2.56507e+07,5.09722e+26,1.5167e+28,5.87657e+10,0.00766461,1.35696e+36,0.03468,0.0497128,29.1608,2.38897e-35,6.74035e+15,7.01645e+16,1.09165e+14,7.7014e+16,5.2577e+21,2.89574e+09
8.52958e+06,199193,2.565e+07,5.18775e+26,1.54313e+28,5.91111e+10,0.00766497,1.35662e+36,0.03468,0.0497052,29.1449,2.38613e-35,6.73972e+15,7.01589e+16,1.09154e+14,7.70077e+16,5.3167e+21,2.89555e+09
8.57958e+06,199182,2.56494e+07,5.27933e+26,1.56986e+28,5.94565e+10,0.00766533,1.35628e+36,0.03468,0.0496974,29.129,2.38327e-35,6.73909e+15,7.01532e+16,1.09144e+14,7.70014e+16,5.37597e+21,2.89536e+09
8.62958e+06,199171,2.56488e+07,5.37199e+26,1.59689e+28,5.98019e+10,0.00766569,1.35594e+36,0.03468,0.0496897,29.1129,2.3804e-35,6.73845e+15,7.01475e+16,1.09133e+14,7.69951e+16,5.43551e+21,2.89517e+09
8.67958e+06,199159,2.56481e+07,5.46572e+26,1.62422e+28,6.01472e+10,0.00766606,1.35559e+36,0.03468,0.0496819,29.0968,2.37751e-35,6.73781e+15,7.01417e+16,1.09122e+14,7.69887e+16,5.49533e+21,2.89497e+09
8.72958e+06,199148,2.56475e+07,5.56054e+26,1.65185e+28,6.04925e+10,0.00766642,1.35525e+36,0.03468,0.0496741,29.0806,2.37461e-35,6.73717e+15,7.01359e+16,1.09111e+14,7.69822e+16,5.55541e+21,2.89478e+09
8.77958e+06,199136,2.56468e+07,5.65643e+26,1.67977e+28,6.08378e+10,0.00766679,1.3549e+36,0.03468,0.0496662,29.0643,2.3717e-35,6.73652e+15,7.01301e+16,1.091e+14,7.69757e+16,5.61577e+21,2.89459e+09
8.82958e+06,199125,2.56462e+07,5.75343e+26,1.708e+28,6.11831e+10,0.00766716,1.35455e+36,0.03468,0.0496583,29.0479,2.36878e-35,6.73587e+15,7.01243e+16,1.09089e+14,7.69692e+16,5.67639e+21,2.89439e+09
8.87958e+06,199113,2.56455e+07,5.85152e+26,1.73654e+28,6.15284e+10,0.00766753,1.3542e+36,0.03468,0.0496503,29.0315,2.36584e-35,6.73522e+15,7.01184e+16,1.09078e+14,7.69627e+16,5.73727e+21,2.89419e+09
8.92958e+06,199101,2.56449e+07,5.95071e+26,1.76538e+28,6.18737e+10,0.00766791,1.35385e+36,0.03468,0.0496423,29.0149,2.36289e-35,6.73456e+15,7.01125e+16,1.09067e+14,7.69561e+16,5.79843e+21,2.89399e+09
8.97958e+06,199090,2.56442e+07,6.05102e+26,1.79452e+28,6.22189e+10,0.00766829,1.35349e+36,0.03468,0.0496342,28.9983,2.35993e-35,6.7339e+15,7.01065e+16,1.09055e+14,7.69495e+16,5.85984e+21,2.89379e+09
9.02958e+06,199078,2.56435e+07,6.15245e+26,1.82398e+28,6.25641e+10,0.00766867,1.35314e+36,0.03468,0.0496261,28.9816,2.35695e-35,6.73323e+15,7.01006e+16,1.09044e+14,7.69428e+16,5.92152e+21,2.89359e+09
9.07958e+06,199066,2.56429e+07,6.25499e+26,1.85374e+28,6.29093e+10,0.00766905,1.35278e+36,0.03468,0.049618,28.9648,2.35396e-35,6.73256e+15,7.00946e+16,1.09033e+14,7.69362e+16,5.98346e+21,2.89339e+09
9.12958e+06,199054,2.56422e+07,6.35867e+26,1.88381e+28,6.32545e+10,0.00766943,1.35242e+36,0.03468,0.0496098,28.9479,2.35096e-35,6.73189e+15,7.00885e+16,1.09021e+14,7.69294e+16,6.04566e+21,2.89319e+09
9.17958e+06,199042,2.56415e+07,6.46349e+26,1.9142e+28,6.35996e+10,0.00766982,1.35206e+36,0.03468,0.0496016,28.931,2.34795e-35,6.73121e+15,7.00824e+16,1.0901e+14,7.69227e+16,6.10812e+21,2.89299e+09
9.22958e+06,199030,2.56408e+07,6.56944e+26,1.94489e+28,6.39448e+10,0.0076702,1.35169e+36,0.03468,0.0495933,28.9139,2.34492e-35,6.73054e+15,7.00763e+16,1.08998e+14,7.69159e+16,6.17083e+21,2.89278e+09
9.27958e+06,199018,2.56401e+07,6.67654e+26,1.9759e+28,6.42899e+10,0.00767059,1.35133e+36,0.03468,0.049585,28.8968,2.34188e-35,6.72985e+15,7.00702e+16,1.08986e+14,7.6909e+16,6.2338e+21,2.89257e+09
9.32958e+06,199006,2.56395e+07,6.7848e+26,2.00723e+28,6.46349e+10,0.00767099,1.35096e+36,0.03468,0.0495766,28.8796,2.33883e-35,6.72917e+15,7.0064e+16,1.08975e+14,7.69022e+16,6.29703e+21,2.89237e+09
9.37958e+06,198994,2.56388e+07,6.89422e+26,2.03888e+28,6.498e+10,0.00767138,1.35059e+36,0.03468,0.0495682,28.8623,2.33576e-35,6.72847e+15,7.00578e+16,1.08963e+14,7.68953e+16,6.36051e+21,2.89216e+09
9.42958e+06,198981,2.56381e+07,7.0048e+26,2.07084e+28,6.53251e+10,0.00767178,1.35022e+36,0.03468,0.0495597,28.8449,2.33269e-35,6.72778e+15,7.00516e+16,1.08951e+14,7.68883e+16,6.42424e+21,2.89195e+09
9.47958e+06,198969,2.56374e+07,7.11655e+26,2.10312e+28,6.56701e+10,0.00767217,1.34984e+36,0.03468,0.0495513,28.8275,2.3296e-35,6.72708e+15,7.00453e+16,1.08939e+14,7.68813e+16,6.48822e+21,2.89174e+09
9.52958e+06,198956,2.56367e+07,7.22949e+26,2.13572e+28,6.60151e+10,0.00767257,1.34947e+36,0.03468,0.0495427,28.81,2.3265e-35,6.72638e+15,7.0039e+16,1.08927e+14,7.68743e+16,6.55245e+21,2.89153e+09
9.57958e+06,198944,2.5636e+07,7.3436e+26,2.16864e+28,6.63601e+10,0.00767298,1.34909e+36,0.03468,0.0495341,28.7923,2.32339e-35,6.72568e+15,7.00327e+16,1.08915e+14,7.68673e+16,6.61693e+21,2.89132e+09
9.62958e+06,198931,2.56352e+07,7.45891e+26,2.20189e+28,6.6705e+10,0.00767338,1.34871e+36,0.03468,0.0495255,28.7746,2.32026e-35,6.72497e+15,7.00263e+16,1.08903e+14,7.68602e+16,6.68166e+21,2.8911e+09
9.67958e+06,198919,2.56345e+07,7.57541e+26,2.23546e+28,6.705e+10,0.00767379,1.34833e+36,0.03468,0.0495169,28.7569,2.31713e-35,6.72426e+15,7.00199e+16,1.08891e+14,7.6853e+16,6.74664e+21,2.89089e+09
9.72958e+06,198906,2.56338e+07,7.69312e+26,2.26936e+28,6.73949e+10,0.0076742,1.34795e+36,0.03468,0.0495081,28.739,2.31398e-35,6.72354e+15,7.00135e+16,1.08879e+14,7.68459e+16,6.81185e+21,2.89067e+09
9.77958e+06,198893,2.56331e+07,7.81203e+26,2.30358e+28,6.77398e+10,0.00767461,1.34756e+36,0.03468,0.0494994,28.7211,2.31082e-35,6.72282e+15,7.0007e+16,1.08866e+14,7.68387e+16,6.87731e+21,2.89045e+09
9.82958e+06,198880,2.56324e+07,7.93216e+26,2.33813e+28,6.80846e+10,0.00767502,1.34718e+36,0.03468,0.0494906,28.7031,2.30764e-35,6.7221e+15,7.00005e+16,1.08854e+14,7.68315e+16,6.94302e+21,2.89024e+09
9.87958e+06,198867,2.56316e+07,8.05351e+26,2.37301e+28,6.84295e+10,0.00767544,1.34679e+36,0.03468,0.0494818,28.685,2.30446e-35,6.72137e+15,6.9994e+16,1.08842e+14,7.68242e+16,7.00896e+21,2.89002e+09
9.92958e+06,198854,2.56309e+07,8.17608e+26,2.40822e+28,6.87743e+10,0.00767585,1.3464e+36,0.03468,0.0494729,28.6668,2.30126e-35,6.72064e+15,6.99874e+16,1.08829e+14,7.68169e+16,7.07514e+21,2.8898e+09
9.97958e+06,198841,2.56302e+07,8.29989e+26,2.44376e+28,6.91191e+10,0.00767627,1.34601e+36,0.03468,0.049464,28.6485,2.29806e-35,6.71991e+15,6.99808e+16,1.08817e+14,7.68095e+16,7.14156e+21,2.88958e+09
1.00296e+07,198828,2.56294e+07,8.42494e+26,2.47964e+28,6.94639e+10,0.0076767,1.34561e+36,0.03468,0.049455,28.6302,2.29484e-35,6.71917e+15,6.99742e+16,1.08804e+14,7.68022e+16,7.20821e+21,2.88935e+09
1.00796e+07,198815,2.56287e+07,8.55123e+26,2.51585e+28,6.98086e+10,0.00767712,1.34522e+36,0.03468,0.049446,28.6118,2.29161e-35,6.71843e+15,6.99675e+16,1.08792e+14,7.67947e+16,7.2751e+21,2.88913e+09
1.01296e+07,198802,2.56279e+07,8.67877e+26,2.55239e+28,7.01534e+10,0.00767755,1.34482e+36,0.03468,0.0494369,28.5933,2.28836e-35,6.71768e+15,6.99608e+16,1.08779e+14,7.67873e+16,7.34223e+21,2.88891e+09
1.01796e+07,198789,2.56272e+07,8.80757e+26,2.58927e+28,7.04981e+10,0.00767797,1.34442e+36,0.03468,0.0494278,28.5747,2.28511e-35,6.71694e+15,6.99541e+16,1.08766e+14,7.67798e+16,7.40958e+21,2.88868e+09
1.02296e+07,198775,2.56264e+07,8.93763e+26,2.62649e+28,7.08428e+10,0.0076784,1.34402e+36,0.03468,0.0494187,28.5561,2.28185e-35,6.71618e+15,6.99474e+16,1.08753e+14,7.67723e+16,7.47717e+21,2.88845e+09
1.02796e+07,198762,2.56257e+07,9.06896e+26,2.66404e+28,7.11874e+10,0.00767884,1.34361e+36,0.03468,0.0494095,28.5373,2.27857e-35,6.71543e+15,6.99406e+16,1.08741e+14,7.67647e+16,7.54498e+21,2.88822e+09
1.03296e+07,198748,2.56249e+07,9.20157e+26,2.70194e+28,7.15321e+10,0.00767927,1.34321e+36,0.03468,0.0494003,28.5185,2.27528e-35,6.71467e+15,6.99337e+16,1.08728e+14,7.67571e+16,7.61303e+21,2.888e+09
1.03796e+07,198735,2.56241e+07,9.33545e+26,2.74017e+28,7.18767e+10,0.00767971,1.3428e+36,0.03468,0.049391,28.4996,2.27199e-35,6.71391e+15,6.99269e+16,1.08715e+14,7.67495e+16,7.6813e+21,2.88777e+09
1.04296e+07,198721,2.56234e+07,9.47063e+26,2.77875e+28,7.22213e+10,0.00768015,1.34239e+36,0.03468,0.0493817,28.4807,2.26868e-35,6.71314e+15,6.992e+16,1.08702e+14,7.67418e+16,7.74979e+21,2.88753e+09
1.04796e+07,198708,2.56226e+07,9.60709e+26,2.81767e+28,7.25659e+10,0.00768059,1.34198e+36,0.03468,0.0493723,28.4616,2.26536e-35,6.71237e+15,6.99131e+16,1.08688e+14,7.67341e+16,7.81851e+21,2.8873e+09
1.05296e+07,198694,2.56218e+07,9.74486e+26,2.85693e+28,7.29104e+10,0.00768103,1.34157e+36,0.03468,0.049363,28.4425,2.26202e-35,6.7116e+15,6.99061e+16,1.08675e+14,7.67264e+16,7.88746e+21,2.88707e+09
1.05796e+07,198680,2.56211e+07,9.88393e+26,2.89655e+28,7.32549e+10,0.00768148,1.34116e+36,0.03468,0.0493535,28.4233,2.25868e-35,6.71082e+15,6.98991e+16,1.08662e+14,7.67186e+16,7.95662e+21,2.88683e+09
1.06296e+07,198666,2.56203e+07,1.00243e+27,2.9365e+28,7.35994e+10,0.00768192,1.34074e+36,0.03468,0.049344,28.404,2.25533e-35,6.71004e+15,6.98921e+16,1.08649e+14,7.67108e+16,8.026e+21,2.8866e+09
1.06796e+07,198652,2.56195e+07,1.0166e+27,2.97681e+28,7.39439e+10,0.00768237,1.34032e+36,0.03468,0.0493345,28.3846,2.25196e-35,6.70926e+15,6.98851e+16,1.08635e+14,7.6703e+16,8.09561e+21,2.88636e+09
1.07296e+07,198638,2.56187e+07,1.0309e+27,3.01746e+28,7.42884e+10,0.00768282,1.3399e+36,0.03468,0.0493249,28.3652,2.24859e-35,6.70847e+15,6.9878e+16,1.08622e+14,7.66951e+16,8.16542e+21,2.88612e+09
1.07796e+07,198624,2.56179e+07,1.04534e+27,3.05846e+28,7.46328e+10,0.00768328,1.33948e+36,0.03468,0.0493153,28.3457,2.2452e-35,6.70768e+15,6.98709e+16,1.08609e+14,7.66872e+16,8.23546e+21,2.88589e+09
1.08296e+07,198610,2.56171e+07,1.05991e+27,3.09981e+28,7.49772e+10,0.00768373,1.33906e+36,0.03468,0.0493057,28.3261,2.24181e-35,6.70688e+15,6.98637e+16,1.08595e+14,7.66792e+16,8.30571e+21,2.88565e+09
1.08796e+07,198596,2.56163e+07,1.07461e+27,3.14152e+28,7.53216e+10,0.00768419,1.33863e+36,0.03468,0.049296,28.3064,2.2384e-35,6.70608e+15,6.98566e+16,1.08581e+14,7.66712e+16,8.37617e+21,2.88541e+09
1.09296e+07,198582,2.56155e+07,1.08945e+27,3.18358e+28,7.56659e+10,0.00768465,1.33821e+36,0.03468,0.0492862,28.2867,2.23499e-35,6.70528e+15,6.98494e+16,1.08568e+14,7.66632e+16,8.44684e+21,2.88516e+09
1.09796e+07,198567,2.56147e+07,1.10442e+27,3.22599e+28,7.60103e+10,0.00768511,1.33778e+36,0.03468,0.0492765,28.2669,2.23156e-35,6.70448e+15,6.98421e+16,1.08554e+14,7.66551e+16,8.51772e+21,2.88492e+09
1.10296e+07,198553,2.56139e+07,1.11953e+27,3.26875e+28,7.63546e+10,0.00768558,1.33735e+36,0.03468,0.0492666,28.247,2.22812e-35,6.70367e+15,6.98348e+16,1.0854e+14,7.6647e+16,8.58881e+21,2.88468e+09
1.10796e+07,198539,2.5613e+07,1.13477e+27,3.31188e+28,7.66988e+10,0.00768604,1.33692e+36,0.03468,0.0492568,28.227,2.22467e-35,6.70285e+15,6.98275e+16,1.08526e+14,7.66389e+16,8.66011e+21,2.88443e+09
1.11296e+07,198524,2.56122e+07,1.15015e+27,3.35536e+28,7.70431e+10,0.00768651,1.33648e+36,0.03468,0.0492469,28.2069,2.22122e-35,6.70204e+15,6.98202e+16,1.08512e+14,7.66307e+16,8.73161e+21,2.88418e+09
1.11796e+07,198509,2.56114e+07,1.16567e+27,3.39919e+28,7.73873e+10,0.00768698,1.33604e+36,0.03468,0.0492369,28.1868,2.21775e-35,6.70122e+15,6.98128e+16,1.08498e+14,7.66225e+16,8.80331e+21,2.88394e+09
1.12296e+07,198495,2.56106e+07,1.18133e+27,3.44339e+28,7.77315e+10,0.00768746,1.33561e+36,0.03468,0.0492269,28.1666,2.21427e-35,6.7004e+15,6.98054e+16,1.08484e+14,7.66143e+16,8.87522e+21,2.88369e+09
1.12796e+07,198480,2.56097e+07,1.19713e+27,3.48795e+28,7.80757e+10,0.00768793,1.33517e+36,0.03468,0.0492169,28.1463,2.21078e-35,6.69957e+15,6.9798e+16,1.0847e+14,7.6606e+16,8.94733e+21,2.88344e+09
1.13296e+07,198465,2.56089e+07,1.21307e+27,3.53286e+28,7.84199e+10,0.00768841,1.33473e+36,0.03468,0.0492068,28.126,2.20728e-35,6.69874e+15,6.97905e+16,1.08456e+14,7.65977e+16,9.01964e+21,2.88319e+09
1.13796e+07,198451,2.56081e+07,1.22914e+27,3.57814e+28,7.8764e+10,0.00768889,1.33428e+36,0.03468,0.0491967,28.1056,2.20378e-35,6.6979e+15,6.9783e+16,1.08442e+14,7.65894e+16,9.09215e+21,2.88294e+09
1.14296e+07,198436,2.56072e+07,1.24536e+27,3.62378e+28,7.91081e+10,0.00768937,1.33384e+36,0.03468,0.0491865,28.0851,2.20026e-35,6.69707e+15,6.97755e+16,1.08428e+14,7.6581e+16,9.16486e+21,2.88268e+09
1.14796e+07,198421,2.56064e+07,1.26172e+27,3.66979e+28,7.94522e+10,0.00768985,1.33339e+36,0.03468,0.0491763,28.0645,2.19673e-35,6.69623e+15,6.97679e+16,1.08413e+14,7.65726e+16,9.23776e+21,2.88243e+09
1.15296e+07,198406,2.56055e+07,1.27822e+27,3.71616e+28,7.97962e+10,0.00769034,1.33294e+36,0.03468,0.0491661,28.0439,2.19319e-35,6.69538e+15,6.97603e+16,1.08399e+14,7.65641e+16,9.31085e+21,2.88217e+09
1.15796e+07,198391,2.56047e+07,1.29486e+27,3.7629e+28,8.01402e+10,0.00769083,1.33249e+36,0.03468,0.0491558,28.0231,2.18965e-35,6.69453e+15,6.97527e+16,1.08385e+14,7.65556e+16,9.38414e+21,2.88151e+09
1.16296e+07,198375,2.56038e+07,1.31165e+27,3.81001e+28,8.04842e+10,0.00769132,1.33204e+36,0.03468,0.0491454,28.0023,2.18609e-35,6.69368e+15,6.9745e+16,1.0837e+14,7.65471e+16,9.45761e+21,2.88005e+09
1.16796e+07,198360,2.5603e+07,1.32858e+27,3.85748e+28,8.08282e+10,0.00769181,1.33159e+36,0.03468,0.0491351,27.9815,2.18252e-35,6.69282e+15,6.97373e+16,1.08356e+14,7.65385e+16,9.53128e+21,2.87725e+09
1.17296e+07,198345,2.56021e+07,1.34565e+27,3.90532e+28,8.11721e+10,0.0076923,1.33113e+36,0.03468,0.0491246,27.9605,2.17895e-35,6.69197e+15,6.97296e+16,1.08341e+14,7.65299e+16,9.60514e+21,2.87237e+09
1.17796e+07,198330,2.56012e+07,1.36287e+27,3.95353e+28,8.15161e+10,0.0076928,1.33067e+36,0.03468,0.0491142,27.9395,2.17537e-35,6.6911e+15,6.97219e+16,1.08326e+14,7.65213e+16,9.67918e+21,2.86437e+09
1.18296e+07,198314,2.56004e+07,1.38023e+27,4.00211e+28,8.186e+10,0.0076933,1.33021e+36,0.03468,0.0491037,27.9184,2.17177e-35,6.69024e+15,6.97141e+16,1.08311e+14,7.65126e+16,9.7534e+21,2.85176e+09
1.18796e+07,198299,2.55995e+07,1.39774e+27,4.05106e+28,8.22038e+10,0.0076938,1.32975e+36,0.03468,0.0490931,27.8972,2.16817e-35,6.68937e+15,6.97063e+16,1.08297e+14,7.65039e+16,9.82781e+21,2.83238e+09
1.19296e+07,198283,2.55986e+07,1.4154e+27,4.10039e+28,8.25477e+10,0.0076943,1.32929e+36,0.03468,0.0490825,27.876,2.16456e-35,6.68849e+15,6.96984e+16,1.08282e+14,7.64952e+16,9.90241e+21,2.80301e+09
1.19796e+07,198268,2.55977e+07,1.4332e+27,4.15009e+28,8.28915e+10,0.00769481,1.32882e+36,0.03468,0.0490719,27.8547,2.16094e-35,6.68762e+15,6.96905e+16,1.08267e+14,7.64864e+16,9.97718e+21,2.75901e+09
1.20296e+07,198252,2.55968e+07,1.45116e+27,4.20016e+28,8.32353e+10,0.00769531,1.32836e+36,0.03468,0.0490612,27.8333,2.15731e-35,6.68674e+15,6.96826e+16,1.08252e+14,7.64776e+16,1.00521e+22,2.69821e+09
1.20796e+07,198236,2.55959e+07,1.46926e+27,4.25061e+28,8.3579e+10,0.00769582,1.32789e+36,0.03468,0.0490505,27.8119,2.15367e-35,6.68585e+15,6.96747e+16,1.08237e+14,7.64688e+16,1.01273e+22,2.62884e+09
1.21296e+07,198221,2.55951e+07,1.48751e+27,4.30144e+28,8.39227e+10,0.00769633,1.32742e+36,0.03468,0.0490398,27.7903,2.15002e-35,6.68497e+15,6.96667e+16,1.08222e+14,7.64599e+16,1.02026e+22,2.55178e+09
1.21796e+07,198205,2.55942e+07,1.5059e+27,4.35264e+28,8.42664e+10,0.00769685,1.32695e+36,0.03468,0.049029,27.7687,2.14636e-35,6.68408e+15,6.96587e+16,1.08206e+14,7.6451e+16,1.0278e+22,2.46792e+09
1.22296e+07,198189,2.55933e+07,1.52445e+27,4.40422e+28,8.46101e+10,0.00769736,1.32647e+36,0.03468,0.0490181,27.7471,2.1427e-35,6.68318e+15,6.96506e+16,1.08191e+14,7.6442e+16,1.03537e+22,2.37819e+09
1.22796e+07,198173,2.55923e+07,1.54315e+27,4.45617e+28,8.49538e+10,0.00769788,1.326e+36,0.03468,0.0490073,27.7253,2.13902e-35,6.68228e+15,6.96425e+16,1.08176e+14,7.6433e+16,1.04295e+22,2.28354e+09
1.23296e+07,198157,2.55914e+07,1.562e+27,4.50851e+28,8.52974e+10,0.0076984,1.32552e+36,0.03468,0.0489963,27.7035,2.13534e-35,6.68138e+15,6.96344e+16,1.08161e+14,7.6424e+16,1.05055e+22,2.18493e+09
1.23796e+07,198141,2.55905e+07,1.58101e+27,4.56123e+28,8.5641e+10,0.00769892,1.32504e+36,0.03468,0.0489854,27.6816,2.13165e-35,6.68048e+15,6.96263e+16,1.08145e+14,7.64149e+16,1.05817e+22,2.08333e+09
1.24296e+07,198124,2.55896e+07,1.60016e+27,4.61433e+28,8.59845e+10,0.00769945,1.32456e+36,0.03468,0.0489744,27.6597,2.12795e-35,6.67957e+15,6.96181e+16,1.0813e+14,7.64058e+16,1.0658e+22,1.97967e+09
1.25614e+07,198082,2.55872e+07,1.65138e+27,4.7561e+28,8.68898e+10,0.00770084,1.32329e+36,0.03468,0.0489452,27.6015,2.11816e-35,6.67716e+15,6.95964e+16,1.08089e+14,7.63817e+16,1.086e+22,1.87483e+09
1.28481e+07,197987,2.55818e+07,1.76655e+27,5.07381e+28,8.88589e+10,0.00770392,1.32047e+36,0.03468,0.0488806,27.4731,2.09666e-35,6.67182e+15,6.95485e+16,1.07998e+14,7.63283e+16,1.13032e+22,1.76967e+09
1.33845e+07,197803,2.55714e+07,1.99608e+27,5.70267e+28,9.25404e+10,0.00770986,1.31505e+36,0.03468,0.0487562,27.227,2.05575e-35,6.66153e+15,6.94559e+16,1.07823e+14,7.62252e+16,1.21457e+22,1.66496e+09
1.42772e+07,197481,2.55532e+07,2.42039e+27,6.85089e+28,9.86599e+10,0.00772029,1.30559e+36,0.03468,0.0485384,26.8003,1.98587e-35,6.64348e+15,6.92935e+16,1.07516e+14,7.60445e+16,1.35816e+22,1.56143e+09
1.56369e+07,196952,2.55233e+07,3.17474e+27,8.84985e+28,1.0796e+11,0.00773748,1.29015e+36,0.03468,0.0481819,26.1122,1.87596e-35,6.61383e+15,6.90269e+16,1.07013e+14,7.57477e+16,1.58312e+22,1.45972e+09
1.75757e+07,196116,2.5476e+07,4.49681e+27,1.22372e+29,1.21176e+11,0.00776473,1.2661e+36,0.03468,0.0476228,25.0591,1.71428e-35,6.56712e+15,6.86066e+16,1.06222e+14,7.52799e+16,1.91136e+22,1.36041e+09
2.02132e+07,194829,2.5403e+07,6.81349e+27,1.78693e+29,1.39059e+11,0.00780702,1.22977e+36,0.03468,0.0467704,23.5132,1.49122e-35,6.49544e+15,6.7961e+16,1.0501e+14,7.45615e+16,2.35673e+22,1.26397e+09
2.36845e+07,192878,2.5292e+07,1.08958e+28,2.70254e+29,1.62402e+11,0.00787198,1.17629e+36,0.03468,0.0454976,21.3342,1.20526e-35,6.38737e+15,6.69862e+16,1.03186e+14,7.34768e+16,2.90684e+22,1.17084e+09
2.81521e+07,189952,2.51244e+07,1.81327e+28,4.13875e+29,1.92073e+11,0.00797151,1.09955e+36,0.03468,0.0436318,18.4075,8.7255e-36,6.2267e+15,6.5533e+16,1.00479e+14,7.18602e+16,3.49058e+22,1.08134e+09
3.31521e+07,186155,2.49049e+07,2.92588e+28,6.00057e+29,2.247e+11,0.0081048,1.00584e+36,0.03468,0.0412848,15.1489,5.69581e-36,6.02066e+15,6.36621e+16,9.70127e+13,6.97797e+16,3.90544e+22,9.95752e+08
3.81521e+07,181850,2.46527e+07,4.39788e+28,7.99872e+29,2.56625e+11,0.00826223,9.07134e+35,0.03468,0.0387212,12.0856,3.47349e-36,5.79037e+15,6.156e+16,9.3143e+13,6.74435e+16,4.03288e+22,9.14273e+08
4.31521e+07,177082,2.43693e+07,6.26391e+28,9.99138e+29,2.87765e+11,0.00844495,8.06683e+35,0.03468,0.0360016,9.3495,1.98024e-36,5.53955e+15,5.92567e+16,8.89328e+13,6.48851e+16,3.88906e+22,8.37041e+08
4.81521e+07,171899,2.40561e+07,8.55148e+28,1.18557e+30,3.18043e+11,0.00865424,7.07442e+35,0.03468,0.0331855,7.016,1.05615e-36,5.27196e+15,5.67829e+16,8.44481e+13,6.21393e+16,3.53063e+22,7.64136e+08
5.31521e+07,166350,2.37147e+07,1.12806e+29,1.35031e+30,3.47391e+11,0.00889157,6.11936e+35,0.03468,0.03033,5.1089,5.27389e-37,4.99142e+15,5.41704e+16,7.9756e+13,5.92416e+16,3.0351e+22,6.95588e+08
5.81521e+07,160489,2.3347e+07,1.44637e+29,1.4885e+30,3.75751e+11,0.00915862,5.22187e+35,0.03468,0.0274879,3.61135,2.46778e-37,4.70174e+15,5.14511e+16,7.49224e+13,5.62278e+16,2.48169e+22,6.31381e+08
6.31521e+07,154366,2.29546e+07,1.81056e+29,1.59898e+30,4.03071e+11,0.00945732,4.39675e+35,0.03468,0.0247062,2.47911,1.08304e-37,4.4066e+15,4.86565e+16,7.00114e+13,5.31331e+16,1.93704e+22,5.71459e+08
6.81521e+07,148034,2.25395e+07,2.22037e+29,1.68343e+30,4.29313e+11,0.00978982,3.6535e+35,0.03468,0.022025,1.65346,4.46224e-38,4.1095e+15,4.58171e+16,6.50829e+13,4.99917e+16,1.44768e+22,5.15731e+08
7.31521e+07,141546,2.21036e+07,2.67485e+29,1.74534e+30,4.54443e+11,0.0101586,2.99674e+35,0.03468,0.0194772,1.07191,1.72767e-38,3.81371e+15,4.29617e+16,6.01926e+13,4.68356e+16,1.03882e+22,4.64081e+08
7.81521e+07,134951,2.16489e+07,3.17239e+29,1.78897e+30,4.78438e+11,0.0105663,2.42683e+35,0.03468,0.0170881,0.675754,6.29227e-39,3.52217e+15,4.01173e+16,5.53903e+13,4.36949e+16,7.1763e+21,4.16367e+08
8.31521e+07,128297,2.11773e+07,3.71076e+29,1.81862e+30,5.01284e+11,0.0110161,1.94078e+35,0.03468,0.0148756,0.414467,2.15794e-39,3.23751e+15,3.73084e+16,5.07194e+13,4.05967e+16,4.78604e+21,3.72431e+08
8.81521e+07,121629,2.06909e+07,4.28723e+29,1.8381e+30,5.22975e+11,0.0115114,1.53304e+35,0.03468,0.0128507,0.247439,6.97601e-40,2.96197e+15,3.45571e+16,4.62172e+13,3.75653e+16,3.09151e+21,3.32101e+08
9.31521e+07,114991,2.01914e+07,4.8986e+29,1.85051e+30,5.43512e+11,0.012056,1.19637e+35,0.03468,0.0110181,0.143857,2.12797e-40,2.69746e+15,3.18823e+16,4.1914e+13,3.46217e+16,1.94196e+21,2.95194e+08
9.81521e+07,108420,1.9681e+07,5.54127e+29,1.85823e+30,5.62903e+11,0.0126543,9.22586e+34,0.03468,0.00937718,0.081486,6.13145e-41,2.44549e+15,2.93006e+16,3.78336e+13,3.17839e+16,1.19263e+21,2.61523e+08
1.03152e+08,101952,1.91614e+07,6.21137e+29,1.86293e+30,5.81163e+11,0.013311,7.03181e+34,0.03468,0.00792278,0.044991,1.67048e-41,2.20721e+15,2.68252e+16,3.39936e+13,2.90664e+16,7.21324e+20,2.30895e+08
1.08152e+08,95618.6,1.86344e+07,6.90477e+29,1.86577e+30,5.98312e+11,0.0140314,5.29832e+34,0.03468,0.00664628,0.0242245,4.30759e-42,1.98345e+15,2.44668e+16,3.04054e+13,2.64807e+16,4.3388e+20,2.03121e+08
1.13152e+08,89447.2,1.81018e+07,7.61723e+29,1.86747e+30,6.14376e+11,0.0148217,3.94735e+34,0.03468,0.00553641,0.0127251,1.05233e-42,1.77472e+15,2.22335e+16,2.70754e+13,2.40353e+16,2.62808e+20,1.7801e+08
1.18152e+08,83461.4,1.75652e+07,8.34442e+29,1.86852e+30,6.29385e+11,0.0156884,2.90839e+34,0.03468,0.0045801,0.00652419,2.43779e-43,1.58123e+15,2.01307e+16,2.40051e+13,2.1736e+16,1.62581e+20,1.55377e+08
1.23152e+08,77681.2,1.70262e+07,9.082e+29,1.86917e+30,6.43374e+11,0.0166392,2.11961e+34,0.03468,0.00376328,0.00326603,5.35967e-44,1.40296e+15,1.81616e+16,2.11917e+13,1.95858e+16,1.04069e+20,1.3504e+08
1.28152e+08,72122.6,1.64864e+07,9.8257e+29,1.8696e+30,6.56378e+11,0.0176823,1.52823e+34,0.03468,0.00307147,0.00159697,1.11923e-44,1.23966e+15,1.63274e+16,1.8629e+13,1.75857e+16,6.94872e+19,1.16826e+08
1.33152e+08,66798.2,1.5947e+07,1.05714e+30,1.86989e+30,6.68438e+11,0.0188273,1.09023e+34,0.03468,0.00249032,0.000762966,2.22157e-45,1.09092e+15,1.46273e+16,1.63081e+13,1.57345e+16,4.84164e+19,1.00567e+08
1.38152e+08,61717.6,1.54094e+07,1.1315e+30,1.8701e+30,6.79595e+11,0.0200847,7.69658e+33,0.03468,0.00200597,0.00035626,4.19402e-46,9.56165e+14,1.30591e+16,1.42177e+13,1.40295e+16,3.49668e+19,8.61038e+07
1.43152e+08,56886.9,1.48747e+07,1.20528e+30,1.87025e+30,6.89892e+11,0.0214665,5.37749e+33,0.03468,0.00160541,0.000162627,7.53481e-47,8.34716e+14,1.16194e+16,1.23449e+13,1.24664e+16,2.59005e+19,7.32858e+07
1.48152e+08,52309.7,1.43442e+07,1.27813e+30,1.87036e+30,6.99372e+11,0.0229863,3.7188e+33,0.03468,0.00127662,7.25887e-05,1.28877e-47,7.25809e+14,1.03034e+16,1.06756e+13,1.10398e+16,1.94664e+19,6.19707e+07
1.53152e+08,47987.1,1.38187e+07,1.34971e+30,1.87045e+30,7.0808e+11,0.0246592,2.54564e+33,0.03468,0.00100872,3.16855e-05,2.09934e-48,6.28627e+14,9.10568e+15,9.19515e+12,9.7435e+15,1.47157e+19,5.20246e+07
1.58152e+08,43917.9,1.32992e+07,1.41974e+30,1.87051e+30,7.16059e+11,0.0265024,1.72496e+33,0.03468,0.000791989,1.35272e-05,3.25749e-49,5.42318e+14,8.02024e+15,7.88845e+12,8.57045e+15,1.11193e+19,4.33227e+07
1.63152e+08,40098.9,1.27865e+07,1.48793e+30,1.87056e+30,7.23354e+11,0.0285357,1.15707e+33,0.03468,0.000617894,5.64838e-06,4.81507e-50,4.66021e+14,7.04051e+15,6.74055e+12,7.51328e+15,8.3636e+18,3.57482e+07
1.68152e+08,36525.3,1.22813e+07,1.55405e+30,1.8706e+30,7.30007e+11,0.0307814,7.68286e+32,0.03468,0.000479012,2.3067e-06,6.77961e-51,3.9888e+14,6.15969e+15,5.73675e+12,6.5643e+15,6.24656e+18,2.91929e+07
1.73152e+08,33190.9,1.17842e+07,1.6179e+30,1.87063e+30,7.3606e+11,0.0332648,5.04954e+32,0.03468,0.000368978,9.21207e-07,9.09033e-52,3.40056e+14,5.37083e+15,4.8629e+12,5.71575e+15,4.62561e+18,2.35564e+07
1.78152e+08,30088.3,1.12959e+07,1.67931e+30,1.87065e+30,7.41609e+11,0.0360152,3.28477e+32,0.03468,0.000282392,3.59699e-07,1.16022e-52,2.88745e+14,4.667e+15,4.10552e+12,4.95986e+15,3.39309e+18,1.87458e+07
1.83152e+08,27209.1,1.08167e+07,1.73812e+30,1.87066e+30,7.46995e+11,0.0390661,2.11459e+32,0.03468,0.000214716,1.37281e-07,1.40868e-53,2.4418e+14,4.04137e+15,3.45194e+12,4.289e+15,2.46428e+18,1.46755e+07
1.88152e+08,24544.3,1.0347e+07,1.79422e+30,1.87067e+30,7.52278e+11,0.0424561,1.34691e+32,0.03468,0.000162176,5.11922e-08,1.62566e-54,2.05638e+14,3.48727e+15,2.89034e+12,3.6958e+15,1.77134e+18,1.12665e+07
1.93152e+08,22084.2,9.88723e+06,1.84752e+30,1.87068e+30,7.57455e+11,0.0462298,8.48673e+31,0.03468,0.000121662,1.86425e-08,1.78122e-55,1.72446e+14,2.99831e+15,2.40984e+12,3.17316e+15,1.25983e+18,8.44614e+06
1.98152e+08,19818.8,9.43758e+06,1.89797e+30,1.87068e+30,7.62527e+11,0.0504392,5.28826e+31,0.03468,9.06348e-05,6.62585e-09,1.85054e-56,1.43984e+14,2.56837e+15,2.00047e+12,2.71436e+15,8.86362e+17,6.14772e+06
2.03152e+08,17737.9,8.99826e+06,1.94553e+30,1.87069e+30,7.67491e+11,0.0551446,3.25767e+31,0.03468,6.70365e-05,2.29665e-09,1.81993e-57,1.1968e+14,2.1917e+15,1.65319e+12,2.31303e+15,6.1671e+17,4.30971e+06
2.08152e+08,15831.2,8.56941e+06,1.99019e+30,1.87069e+30,7.72348e+11,0.0604168,1.98309e+31,0.03468,4.92144e-05,7.75663e-10,1.69098e-58,9.90165e+13,1.86288e+15,1.35986e+12,1.96326e+15,4.24213e+17,2.87544e+06
2.13152e+08,14088.4,8.15111e+06,2.03195e+30,1.87069e+30,7.77096e+11,0.0663392,1.19237e+31,0.03468,3.58513e-05,2.54986e-10,1.48096e-59,8.15243e+13,1.57688e+15,1.11316e+12,1.65952e+15,2.88375e+17,1.79247e+06
2.18152e+08,12499.3,7.74341e+06,2.07084e+30,1.87069e+30,7.81734e+11,0.0730101,7.07727e+30,0.03468,2.59055e-05,8.1486e-11,1.21922e-60,6.67825e+13,1.32905e+15,9.06609e+11,1.39673e+15,1.93646e+17,1.01196e+06
2.23152e+08,11054,7.34631e+06,2.10691e+30,1.87069e+30,7.86262e+11,0.0805467,4.14396e+30,0.03468,1.85599e-05,2.52781e-11,9.40543e-62,5.44152e+13,1.11509e+15,7.3446e+11,1.17024e+15,1.28383e+17,487830
2.28152e+08,9742.84,6.95977e+06,2.14023e+30,1.8707e+30,7.90679e+11,0.0890889,2.39181e+30,0.03468,1.31777e-05,7.59912e-12,6.77369e-63,4.40887e+13,9.3111e+14,5.91656e+11,9.7579e+14,8.39819e+16,189274
2.33152e+08,8556.34,6.58371e+06,2.17085e+30,1.8707e+30,7.94983e+11,0.0988054,1.35959e+30,0.03468,9.26714e-06,2.20949e-12,4.53481e-64,3.55084e+13,7.73533e+14,4.73775e+11,8.09515e+14,5.41654e+16,72718.8
2.38152e+08,7485.51,6.21802e+06,2.19887e+30,1.8707e+30,7.99174e+11,0.1099,7.60346e+29,0.03468,6.45069e-06,6.19929e-13,2.80817e-65,2.84154e+13,6.39138e+14,3.76963e+11,6.6793e+14,3.44149e+16,27012.8
2.43152e+08,6521.75,5.86258e+06,2.22439e+30,1.8707e+30,8.03251e+11,0.122622,4.17842e+29,0.03468,4.44115e-06,1.67407e-13,1.59926e-66,2.25835e+13,5.25017e+14,2.97883e+11,5.47898e+14,2.15191e+16,9347.36
2.48152e+08,5656.81,5.51723e+06,2.24751e+30,1.8707e+30,8.07213e+11,0.137279,2.25322e+29,0.03468,3.02156e-06,4.33769e-14,8.32042e-68,1.78158e+13,4.28562e+14,2.33654e+11,4.46611e+14,1.32266e+16,3861.62
2.53152e+08,4882.93,5.18179e+06,2.26834e+30,1.8707e+30,8.11058e+11,0.15425,1.19038e+29,0.03468,2.02943e-06,1.07464e-14,3.92407e-69,1.39418e+13,3.4744e+14,1.81806e+11,3.61564e+14,7.98045e+15,1317.51
2.58152e+08,4192.72,4.85606e+06,2.28701e+30,1.8707e+30,8.14786e+11,0.174012,6.14941e+28,0.03468,1.34403e-06,2.53506e-15,1.66252e-70,1.08146e+13,2.79576e+14,1.40225e+11,2.90531e+14,4.71916e+15,493.338
2.63152e+08,3579.26,4.53984e+06,2.30362e+30,1.8707e+30,8.18396e+11,0.197169,3.09949e+28,0.03468,8.76457e-07,5.6668e-16,0,8.3082e+12,2.23128e+14,1.07115e+11,2.31543e+14,2.72991e+15,206.509
2.68152e+08,3036.03,4.2329e+06,2.31831e+30,1.8707e+30,8.21886e+11,0.224495,1.52029e+28,0.03468,5.61869e-07,1.19357e-16,0,6.31485e+12,1.76468e+14,8.09548e+10,1.82864e+14,1.5414e+15,196.266
2.73152e+08,2556.95,3.93501e+06,2.3312e+30,1.8707e+30,8.25254e+11,0.256992,7.23449e+27,0.03468,3.53414e-07,2.35285e-17,0,4.74302e+12,1.38162e+14,6.0461e+10,1.42966e+14,8.47275e+14,186.116
2.78152e+08,2136.32,3.64593e+06,2.34242e+30,1.8707e+30,8.285e+11,0.295979,3.32769e+27,0.03468,2.17609e-07,4.3063e-18,0,3.51529e+12,1.06954e+14,4.4558e+10,1.10513e+14,4.51979e+14,176.491
2.83152e+08,1768.84,3.36542e+06,2.35209e+30,1.8707e+30,8.3162e+11,0.34322,1.47307e+27,0.03468,1.30803e-07,7.24768e-19,0,2.56645e+12,8.17424e+13,3.23478e+10,8.43412e+13,2.33108e+14,166.994
2.88152e+08,1449.59,3.0932e+06,2.36036e+30,1.8707e+30,8.34614e+11,0.401113,6.24205e+26,0.03468,7.64986e-08,1.10869e-19,0,1.84187e+12,6.15705e+13,2.30847e+10,6.34355e+13,1.15705e+14,158.008
2.93152e+08,1173.98,2.82904e+06,2.36733e+30,1.8707e+30,8.37479e+11,0.472991,2.51544e+26,0.03468,4.33506e-08,1.51957e-20,0,1.29605e+12,4.5606e+13,1.61528e+10,4.69182e+13,5.49608e+13,149.175
2.98152e+08,937.8,2.57267e+06,2.37314e+30,1.8707e+30,8.40212e+11,0.563585,9.56179e+25,0.03468,2.36822e-08,1.83311e-21,0,8.91323e+11,3.31295e+13,1.10465e+10,3.40318e+13,2.48094e+13,140.525
3.03152e+08,737.111,2.32383e+06,2.3779e+30,1.8707e+30,8.42809e+11,0.679807,3.39337e+25,0.03468,1.23915e-08,1.90296e-22,0,5.96678e+11,2.35211e+13,7.3537e+09,2.41251e+13,1.05484e+13,132.376
3.08152e+08,568.292,2.08226e+06,2.38174e+30,1.8707e+30,8.45269e+11,0.832061,1.1095e+25,0.03468,6.15864e-09,1.65138e-23,0,3.86786e+11,1.6249e+13,4.74054e+09,1.66405e+13,4.17635e+12,124.425
3.13152e+08,427.99,1.8477e+06,2.38476e+30,1.8707e+30,8.47585e+11,1.03662,3.28419e+24,0.03468,2.87564e-09,1.15302e-24,0,2.41125e+11,1.08589e+13,2.93911e+09,1.1103e+13,1.51666e+12,116.692
3.18152e+08,313.107,1.6199e+06,2.38708e+30,1.8707e+30,8.49753e+11,1.3201,8.59524e+23,0.03468,1.24284e-09,6.15066e-26,0,1.43221e+11,6.96466e+12,1.73635e+09,7.10962e+12,4.9498e+11,109.198
3.23152e+08,220.772,1.39859e+06,2.38881e+30,1.8707e+30,8.51767e+11,1.72851,1.92402e+23,0.03468,4.86944e-10,2.33138e-27,0,8.00001e+10,4.23988e+12,9.64827e+08,4.32085e+12,1.41074e+11,102.186
3.28152e+08,148.322,1.18352e+06,2.39003e+30,1.8707e+30,8.5362e+11,2.34719,3.50937e+22,0.03468,1.67761e-10,5.64775e-29,0,4.12281e+10,2.41048e+12,4.94766e+08,2.4522e+12,3.3671e+10,95.4123
3.33152e+08,93.2755,974453,2.39086e+30,1.8707e+30,8.55301e+11,3.34966,4.83905e+21,0.03468,4.84826e-11,7.42242e-31,0,1.90311e+10,1.2481e+12,2.2737e+08,1.26736e+12,6.30737e+09,88.8909
3.38152e+08,53.3031,771120,2.39138e+30,1.8707e+30,8.56799e+11,5.13602,4.45145e+20,0.03468,1.08646e-11,4.02639e-33,0,7.48927e+09,5.64411e+11,8.91614e+07,5.71989e+11,8.32152e+08,82.6323
3.43152e+08,26.1898,573273,2.39167e+30,1.8707e+30,8.58096e+11,8.81563,2.16446e+19,0.03468,1.63062e-12,5.41958e-36,0,2.29125e+09,2.06165e+11,2.72355e+07,2.08483e+11,6.31931e+07,76.6445
3.48152e+08,9.77479,380653,2.3918e+30,1.8707e+30,8.5917e+11,18.5373,3.3178e+17,0.03468,1.18305e-13,5.84907e-40,0,4.43299e+08,5.10925e+10,5.2943e+06,5.15411e+10,1.7614e+06,70.9336
3.51486e+08,3.72133,254969,2.39183e+30,1.8707e+30,8.59732e+11,38.3362,5.55604e+15,0.03468,9.06617e-15,7.66015e-44,0,8.86507e+07,1.30289e+10,1.06571e+06,1.31186e+10,52378,65.5031
3.54625e+08,1.20618,138502,2.39184e+30,1.8707e+30,8.60087e+11,147.475,1.30268e+13,0.03468,2.55865e-16,1.32076e-49,0,1.35582e+07,2.29397e+09,92792.7,2.30762e+09,487.72,60.2214
3.55808e+08,0.487333,95132,2.39184e+30,1.8707e+30,8.60283e+11,291.179,2.81763e+11,0.03468,2.30096e-17,3.02669e-53,0,2.99384e+06,6.3661e+08,20653.7,6.39624e+08,17.8393,55.2432
3.56916e+08,0.161659,54731.4,2.39184e+30,1.8707e+30,8.60409e+11,931.15,1.12062e+09,0.03468,8.36222e-19,1.67472e-58,0,475904,1.21495e+08,2262.74,1.21973e+08,0.216404,50.5645
3.57506e+08,0.0564799,33293,2.39184e+30,1.8707e+30,8.60482e+11,2540.49,7.55353e+06,0.03468,4.00018e-20,2.95903e-63,0,82478.7,2.58206e+07,309.813,2.59034e+07,0.0036287,46.0778
3.57934e+08,0.0183391,17789.2,2.39184e+30,1.8707e+30,8.6053e+11,10366.8,15279.9,0.03468,1.05871e-21,3.68061e-69,0,12651.7,4.47977e+06,25.253,4.49244e+06,3.12589e-05,41.8038
3.57945e+08,0.0174261,17414.3,2.39184e+30,1.8707e+30,8.60531e+11,10776.8,12296.9,0.03468,9.23859e-22,2.28926e-69,0,11619.5,4.16705e+06,23.191,4.17869e+06,2.59208e-05,37.8424
3.57955e+08,0.0165615,17048.7,2.39184e+30,1.8707e+30,8.60532e+11,11201.5,9903.77,0.03468,8.06568e-22,1.42625e-69,0,10674.6,3.87715e+06,21.3037,3.88784e+06,2.15084e-05,34.1052
3.57965e+08,0.015705,16675.3,2.39184e+30,1.8707e+30,8.60533e+11,11662.5,7901.71,0.03468,7.00025e-22,8.70491e-70,0,9770.5,3.59612e+06,19.4979,3.60591e+06,1.77029e-05,30.6014
3.57975e+08,0.0148929,16310.2,2.39184e+30,1.8707e+30,8.60533e+11,12142.4,6304.4,0.03468,6.07557e-22,5.31299e-70,0,8942.96,3.33547e+06,17.8453,3.34443e+06,1.45707e-05,27.2759
3.57985e+08,0.0140915,15938.3,2.39184e+30,1.8707e+30,8.60534e+11,12663.4,4982.9,0.03468,5.24201e-22,3.17676e-70,0,8155.39,3.08403e+06,16.2726,3.0922e+06,1.18958e-05,24.2045
3.57995e+08,0.0133332,15574.9,2.39184e+30,1.8707e+30,8.60534e+11,13206.6,3938.43,0.03468,4.52283e-22,1.89948e-70,0,7437.17,2.85154e+06,14.8385,2.85899e+06,9.712e-06,21.3369
3.58006e+08,0.0125878,15205.8,2.39184e+30,1.8707e+30,8.60535e+11,13796.3,3083.76,0.03468,3.87936e-22,1.11265e-70,0,6757.25,2.62833e+06,13.481,2.6351e+06,7.86503e-06,18.6846
3.58016e+08,0.0118579,14831.7,2.39184e+30,1.8707e+30,8.60535e+11,14436.5,2391.96,0.03468,3.30786e-22,0,0,6116.89,2.41501e+06,12.2027,2.42114e+06,6.31785e-06,16.2179
3.58026e+08,0.0111703,14466.9,2.39184e+30,1.8707e+30,8.60535e+11,15106.4,1855.37,0.03468,2.82057e-22,0,0,5537.21,2.21901e+06,11.0455,2.22455e+06,5.07504e-06,13.9528
3.58036e+08,0.0104993,14098,2.39184e+30,1.8707e+30,8.60536e+11,15833.9,1425.68,0.03468,2.39091e-22,0,0,4994.03,2.03253e+06,9.96134,2.03753e+06,4.04377e-06,11.8983
3.58046e+08,0.00984678,13725.9,2.39184e+30,1.8707e+30,8.60536e+11,16624.3,1085.25,0.03468,2.01478e-22,0,0,4487.55,1.8559e+06,8.95051,1.8604e+06,3.19603e-06,10.0347
3.58056e+08,0.00923484,13363.6,2.39184e+30,1.8707e+30,8.60536e+11,17454.2,826.121,0.03468,1.69783e-22,0,0,4032.43,1.69462e+06,8.04227,1.69866e+06,2.52602e-06,8.35143
3.58067e+08,0.00864179,12998.8,2.39184e+30,1.8707e+30,8.60536e+11,18356.2,622.979,0.03468,1.42232e-22,0,0,3610.14,1.54251e+06,7.19961,1.54613e+06,1.98034e-06,6.84372
3.58077e+08,0.00806895,12632.4,2.39184e+30,1.8707e+30,8.60536e+11,19337.2,465.394,0.03468,1.18451e-22,0,0,3220.18,1.39967e+06,6.42152,1.40289e+06,1.54e-06,5.50982
3.58087e+08,0.00751744,12265,2.39184e+30,1.8707e+30,8.60536e+11,20404.9,344.418,0.03468,9.80666e-23,0,0,2861.77,1.26607e+06,5.70645,1.26894e+06,1.18789e-06,4.33886
3.58097e+08,0.00698814,11897.4,2.39184e+30,1.8707e+30,8.60536e+11,21567.6,252.504,0.03468,8.07125e-23,0,0,2533.89,1.14165e+06,5.05235,1.14419e+06,9.08895e-07,3.32725
3.58107e+08,0.00648176,11530.1,2.39184e+30,1.8707e+30,8.60536e+11,22834.8,183.387,0.03468,6.60387e-23,0,0,2235.32,1.02623e+06,4.45677,1.02847e+06,6.89807e-07,2.46823
3.58117e+08,0.00599879,11163.9,2.39184e+30,1.8707e+30,8.60536e+11,24217,131.944,0.03468,5.3715e-23,0,0,1964.67,919598,3.91694,921566,5.19301e-07,1.75562
3.58127e+08,0.00553953,10799.3,2.39184e+30,1.8707e+30,8.60536e+11,25726,94.043,0.03468,4.34341e-23,0,0,1720.44,821465,3.42983,823189,3.87783e-07,1.18291
3.58137e+08,0.00510413,10437,2.39184e+30,1.8707e+30,8.60536e+11,27374.9,66.4023,0.03468,3.49145e-23,0,0,1501.03,731509,2.99225,733013,2.87235e-07,0.763874
3.58148e+08,0.0046822,10068.3,2.39184e+30,1.8707e+30,8.60536e+11,29227.3,46.0124,0.03468,2.77368e-23,0,0,1299.97,647333,2.59132,648636,2.09334e-07,0.484593
3.58158e+08,0.00428565,9703.73,2.39184e+30,1.8707e+30,8.60536e+11,31257.3,31.5854,0.03468,2.19052e-23,0,0,1121.71,571052,2.23586,572176,1.51329e-07,0.305231
3.58168e+08,0.00390536,9335.1,2.39184e+30,1.8707e+30,8.60536e+11,33540.7,21.2781,0.03468,1.70968e-23,0,0,960.773,500612,1.91499,501575,1.07636e-07,0.191593
3.58178e+08,0.00355096,8972.21,2.39184e+30,1.8707e+30,8.60536e+11,36051.2,14.2004,0.03468,1.32654e-23,0,0,819.902,437488,1.63414,438310,7.59406e-08,0.119915
3.58188e+08,0.00321447,8607.55,2.39184e+30,1.8707e+30,8.60536e+11,38879.7,9.30042,0.03468,1.0172e-23,0,0,694.545,379935,1.38423,380631,5.27163e-08,0.0750353
3.58198e+08,0.00289702,8242.51,2.39184e+30,1.8707e+30,8.60536e+11,42071,5.97782,0.03468,7.70842e-24,0,0,584.032,327892,1.16394,328477,3.60058e-08,0.0469479
3.58208e+08,0.00259939,7878.42,2.39184e+30,1.8707e+30,8.60536e+11,45677,3.77068,0.03468,5.77304e-24,0,0,487.495,281210,0.971511,281699,2.41967e-08,0.0293735
3.58218e+08,0.00232204,7516.56,2.39184e+30,1.8707e+30,8.60536e+11,49758.6,2.33419,0.03468,4.27289e-24,0,0,403.926,239668,0.804945,240072,1.59991e-08,0.0183783
3.58228e+08,0.00206056,7151.52,2.39184e+30,1.8707e+30,8.60536e+11,54478.2,1.40477,0.03468,3.10709e-24,0,0,331.001,202351,0.659603,202682,1.03245e-08,0.0114998
3.58238e+08,0.00181644,6785.42,2.39184e+30,1.8707e+30,8.60536e+11,59946.2,0.821924,0.03468,2.21975e-24,0,0,268.258,169246,0.534561,169515,6.50247e-09,0.00719663
3.58248e+08,0.00159064,6420.3,2.39184e+30,1.8707e+30,8.60536e+11,66295.4,0.467535,0.03468,1.55801e-24,0,0,215.017,140232,0.428461,140448,3.99688e-09,0.00450468
3.58258e+08,0.0013837,6058.06,2.39184e+30,1.8707e+30,8.60536e+11,73686.5,0.258556,0.03468,1.07437e-24,0,0,170.447,115106,0.339645,115277,2.39772e-09,0.00282067
3.58268e+08,0.00119308,5695.23,2.39184e+30,1.8707e+30,8.60536e+11,82452.6,0.137711,0.03468,7.2359e-25,0,0,133.138,93304.4,0.2653,93437.8,1.39248e-09,0.0017672
3.58279e+08,0.0010174,5329.53,2.39184e+30,1.8707e+30,8.60536e+11,93037.8,0.0699807,0.03468,4.73179e-25,0,0,102.096,74456.6,0.203445,74558.9,7.76552e-10,0.00110819
