X = 0.734
Y = 0.25
Z = 0.016
mu = 0.601142
Radius,Density,Temp,Mass,Lum,OptD,Kff,KH,Kes,PP,CNO,3a,Deg,Gas,Rad,TotPres, dLdr, dPdT
0,0,0,0,0,0,-nan,0,0.03468,0,0,0,0,0,0,0,0,0
0.01,200150,2.91072e+07,838386,3.04046e+08,6941.2,0.00494054,4.24334e+36,0.03468,0.0828193,362.574,6.28047e-33,6.79377e+15,7.99974e+16,1.81005e+14,8.69722e+16,91213.9,2.91182e+09
10709.1,200150,2.91072e+07,1.02969e+18,3.73425e+20,7.43412e+07,0.00494054,4.24334e+36,0.03468,0.0828193,362.574,6.28047e-33,6.79377e+15,7.99974e+16,1.81005e+14,8.69722e+16,1.04609e+17,2.91182e+09
21268.9,200150,2.91072e+07,8.06639e+18,2.92533e+21,1.47639e+08,0.00494054,4.24334e+36,0.03468,0.0828193,362.574,6.28046e-33,6.79377e+15,7.99974e+16,1.81005e+14,8.69722e+16,4.1262e+17,2.91182e+09
32102.5,200150,2.91072e+07,2.77371e+19,1.0059e+22,2.22837e+08,0.00494054,4.24334e+36,0.03468,0.0828193,362.573,6.28046e-33,6.79377e+15,7.99974e+16,1.81005e+14,8.69722e+16,9.40024e+17,2.91182e+09
42241.1,200150,2.91072e+07,6.31902e+19,2.29163e+22,2.93211e+08,0.00494054,4.24334e+36,0.03468,0.0828193,362.573,6.28045e-33,6.79377e+15,7.99974e+16,1.81005e+14,8.69722e+16,1.62754e+18,2.91182e+09
55581.6,200150,2.91072e+07,1.43959e+20,5.22075e+22,3.8581e+08,0.00494054,4.24334e+36,0.03468,0.0828192,362.573,6.28044e-33,6.79377e+15,7.99974e+16,1.81005e+14,8.69722e+16,2.81788e+18,2.91182e+09
73135.3,200150,2.91072e+07,3.27964e+20,1.18938e+23,5.07654e+08,0.00494055,4.24333e+36,0.03468,0.0828192,362.572,6.28043e-33,6.79377e+15,7.99974e+16,1.81005e+14,8.69722e+16,4.87881e+18,2.91182e+09
83892.9,200150,2.91072e+07,4.95017e+20,1.79521e+23,5.82325e+08,0.00494055,4.24333e+36,0.03468,0.0828192,362.572,6.28041e-33,6.79377e+15,7.99974e+16,1.81005e+14,8.69722e+16,6.41962e+18,2.91182e+09
96232.9,200150,2.91072e+07,7.47161e+20,2.70962e+23,6.67978e+08,0.00494055,4.24333e+36,0.03468,0.0828192,362.572,6.28039e-33,6.79377e+15,7.99974e+16,1.81005e+14,8.69722e+16,8.44705e+18,2.91182e+09
110388,200150,2.91072e+07,1.12774e+21,4.0898e+23,7.66231e+08,0.00494055,4.24333e+36,0.03468,0.0828191,362.571,6.28037e-33,6.79376e+15,7.99974e+16,1.81005e+14,8.69721e+16,1.11148e+19,2.91182e+09
126625,200150,2.91072e+07,1.70217e+21,6.17299e+23,8.78936e+08,0.00494055,4.24332e+36,0.03468,0.0828191,362.57,6.28034e-33,6.79376e+15,7.99973e+16,1.81005e+14,8.69721e+16,1.4625e+19,2.91182e+09
145250,200150,2.91072e+07,2.56919e+21,9.31727e+23,1.00822e+09,0.00494055,4.24332e+36,0.03468,0.082819,362.569,6.2803e-33,6.79376e+15,7.99973e+16,1.81004e+14,8.69721e+16,1.92438e+19,2.91181e+09
166616,200150,2.91072e+07,3.87785e+21,1.40631e+24,1.15652e+09,0.00494055,4.24331e+36,0.03468,0.0828189,362.568,6.28025e-33,6.79375e+15,7.99973e+16,1.81004e+14,8.6972e+16,2.53212e+19,2.91181e+09
191123,200150,2.91071e+07,5.85308e+21,2.12263e+24,1.32663e+09,0.00494055,4.2433e+36,0.03468,0.0828188,362.566,6.28018e-33,6.79375e+15,7.99972e+16,1.81004e+14,8.6972e+16,3.33179e+19,2.91181e+09
219236,200149,2.91071e+07,8.83443e+21,3.20381e+24,1.52177e+09,0.00494056,4.24329e+36,0.03468,0.0828186,362.564,6.28009e-33,6.79374e+15,7.99971e+16,1.81004e+14,8.69719e+16,4.384e+19,2.91181e+09
251484,200149,2.91071e+07,1.33344e+22,4.83569e+24,1.7456e+09,0.00494056,4.24327e+36,0.03468,0.0828184,362.56,6.27997e-33,6.79373e+15,7.9997e+16,1.81004e+14,8.69718e+16,5.7685e+19,2.9118e+09
288475,200149,2.91071e+07,2.01264e+22,7.29877e+24,2.00237e+09,0.00494056,4.24325e+36,0.03468,0.0828182,362.556,6.27981e-33,6.79372e+15,7.99969e+16,1.81003e+14,8.69716e+16,7.59021e+19,2.9118e+09
330907,200149,2.91071e+07,3.03781e+22,1.10164e+25,2.29689e+09,0.00494057,4.24322e+36,0.03468,0.0828178,362.551,6.27961e-33,6.7937e+15,7.99967e+16,1.81003e+14,8.69714e+16,9.98717e+19,2.91179e+09
379581,200148,2.91071e+07,4.58516e+22,1.66275e+25,2.63475e+09,0.00494058,4.24318e+36,0.03468,0.0828173,362.544,6.27933e-33,6.79367e+15,7.99965e+16,1.81002e+14,8.69711e+16,1.3141e+20,2.91179e+09
429581,200148,2.9107e+07,6.64623e+22,2.41015e+25,2.9818e+09,0.00494059,4.24313e+36,0.03468,0.0828168,362.535,6.27902e-33,6.79365e+15,7.99962e+16,1.81001e+14,8.69708e+16,1.68306e+20,2.91178e+09
479581,200147,2.9107e+07,9.24752e+22,3.35341e+25,3.32886e+09,0.0049406,4.24308e+36,0.03468,0.0828162,362.526,6.27866e-33,6.79362e+15,7.99959e+16,1.81001e+14,8.69705e+16,2.09759e+20,2.91177e+09
529581,200147,2.9107e+07,1.24519e+23,4.51533e+25,3.67591e+09,0.00494061,4.24303e+36,0.03468,0.0828155,362.515,6.27826e-33,6.79358e+15,7.99955e+16,1.81e+14,8.69701e+16,2.55769e+20,2.91176e+09
579581,200146,2.91069e+07,1.63223e+23,5.91869e+25,4.02297e+09,0.00494062,4.24297e+36,0.03468,0.0828148,362.504,6.27783e-33,6.79355e+15,7.99952e+16,1.80999e+14,8.69697e+16,3.06335e+20,2.91174e+09
629581,200145,2.91069e+07,2.09215e+23,7.58627e+25,4.37002e+09,0.00494064,4.2429e+36,0.03468,0.082814,362.491,6.27735e-33,6.79351e+15,7.99947e+16,1.80997e+14,8.69693e+16,3.61456e+20,2.91173e+09
679581,200145,2.91068e+07,2.63124e+23,9.54084e+25,4.71707e+09,0.00494065,4.24283e+36,0.03468,0.0828131,362.478,6.27684e-33,6.79346e+15,7.99943e+16,1.80996e+14,8.69688e+16,4.2113e+20,2.91172e+09
729581,200144,2.91068e+07,3.25579e+23,1.18052e+26,5.06412e+09,0.00494067,4.24275e+36,0.03468,0.0828121,362.463,6.27628e-33,6.79341e+15,7.99938e+16,1.80995e+14,8.69682e+16,4.85357e+20,2.9117e+09
779581,200143,2.91067e+07,3.97208e+23,1.4402e+26,5.41117e+09,0.00494069,4.24267e+36,0.03468,0.0828111,362.448,6.27569e-33,6.79336e+15,7.99933e+16,1.80994e+14,8.69677e+16,5.54136e+20,2.91168e+09
829581,200142,2.91067e+07,4.7864e+23,1.73541e+26,5.75822e+09,0.00494071,4.24258e+36,0.03468,0.08281,362.431,6.27506e-33,6.79331e+15,7.99928e+16,1.80992e+14,8.69671e+16,6.27465e+20,2.91166e+09
879581,200141,2.91066e+07,5.70505e+23,2.06842e+26,6.10526e+09,0.00494073,4.24248e+36,0.03468,0.0828089,362.413,6.27439e-33,6.79325e+15,7.99922e+16,1.8099e+14,8.69664e+16,7.05343e+20,2.91164e+09
929581,200140,2.91065e+07,6.73429e+23,2.44151e+26,6.4523e+09,0.00494075,4.24238e+36,0.03468,0.0828077,362.395,6.27368e-33,6.79319e+15,7.99916e+16,1.80989e+14,8.69657e+16,7.87768e+20,2.91162e+09
979581,200139,2.91065e+07,7.88043e+23,2.85695e+26,6.79934e+09,0.00494077,4.24228e+36,0.03468,0.0828064,362.375,6.27293e-33,6.79313e+15,7.99909e+16,1.80987e+14,8.6965e+16,8.74738e+20,2.9116e+09
1.02958e+06,200137,2.91064e+07,9.14974e+23,3.31701e+26,7.14638e+09,0.0049408,4.24216e+36,0.03468,0.082805,362.354,6.27214e-33,6.79306e+15,7.99902e+16,1.80985e+14,8.69643e+16,9.66253e+20,2.91158e+09
1.07958e+06,200136,2.91063e+07,1.05485e+24,3.82396e+26,7.49342e+09,0.00494082,4.24205e+36,0.03468,0.0828036,362.332,6.27131e-33,6.79299e+15,7.99895e+16,1.80983e+14,8.69635e+16,1.06231e+21,2.91156e+09
1.12958e+06,200135,2.91062e+07,1.2083e+24,4.38007e+26,7.84046e+09,0.00494085,4.24192e+36,0.03468,0.0828021,362.309,6.27045e-33,6.79291e+15,7.99888e+16,1.80981e+14,8.69627e+16,1.16291e+21,2.91153e+09
1.17958e+06,200133,2.91061e+07,1.37596e+24,4.98762e+26,8.18749e+09,0.00494088,4.2418e+36,0.03468,0.0828006,362.285,6.26954e-33,6.79284e+15,7.9988e+16,1.80979e+14,8.69618e+16,1.26805e+21,2.91151e+09
1.22958e+06,200132,2.9106e+07,1.55845e+24,5.64888e+26,8.53452e+09,0.00494091,4.24166e+36,0.03468,0.082799,362.26,6.26859e-33,6.79276e+15,7.99872e+16,1.80977e+14,8.69609e+16,1.37772e+21,2.91148e+09
1.27958e+06,200131,2.91059e+07,1.75639e+24,6.3661e+26,8.88155e+09,0.00494094,4.24152e+36,0.03468,0.0827973,362.234,6.26761e-33,6.79267e+15,7.99863e+16,1.80974e+14,8.696e+16,1.49193e+21,2.91145e+09
1.32958e+06,200129,2.91058e+07,1.97043e+24,7.14156e+26,9.22857e+09,0.00494097,4.24138e+36,0.03468,0.0827955,362.207,6.26659e-33,6.79259e+15,7.99854e+16,1.80972e+14,8.6959e+16,1.61067e+21,2.91142e+09
1.37958e+06,200127,2.91057e+07,2.20118e+24,7.97752e+26,9.57559e+09,0.004941,4.24123e+36,0.03468,0.0827937,362.179,6.26552e-33,6.79249e+15,7.99845e+16,1.80969e+14,8.6958e+16,1.73394e+21,2.91139e+09
1.42958e+06,200126,2.91056e+07,2.44928e+24,8.87625e+26,9.92261e+09,0.00494104,4.24107e+36,0.03468,0.0827918,362.15,6.26442e-33,6.7924e+15,7.99835e+16,1.80967e+14,8.69569e+16,1.86174e+21,2.91136e+09
1.47958e+06,200124,2.91055e+07,2.71535e+24,9.84001e+26,1.02696e+10,0.00494107,4.24091e+36,0.03468,0.0827899,362.12,6.26328e-33,6.7923e+15,7.99826e+16,1.80964e+14,8.69558e+16,1.99406e+21,2.91133e+09
1.52958e+06,200122,2.91054e+07,3.00003e+24,1.08711e+27,1.06166e+10,0.00494111,4.24075e+36,0.03468,0.0827879,362.089,6.2621e-33,6.7922e+15,7.99815e+16,1.80961e+14,8.69547e+16,2.13091e+21,2.91129e+09
1.57958e+06,200120,2.91053e+07,3.30393e+24,1.19717e+27,1.09637e+10,0.00494114,4.24057e+36,0.03468,0.0827858,362.057,6.26089e-33,6.7921e+15,7.99805e+16,1.80958e+14,8.69535e+16,2.27227e+21,2.91126e+09
1.62958e+06,200119,2.91052e+07,3.6277e+24,1.31441e+27,1.13107e+10,0.00494118,4.2404e+36,0.03468,0.0827836,362.024,6.25963e-33,6.79199e+15,7.99794e+16,1.80955e+14,8.69523e+16,2.41816e+21,2.91122e+09
1.67958e+06,200117,2.91051e+07,3.97195e+24,1.43906e+27,1.16577e+10,0.00494122,4.24021e+36,0.03468,0.0827814,361.989,6.25833e-33,6.79188e+15,7.99783e+16,1.80952e+14,8.69511e+16,2.56856e+21,2.91118e+09
1.72958e+06,200115,2.91049e+07,4.33731e+24,1.57134e+27,1.20047e+10,0.00494126,4.24002e+36,0.03468,0.0827791,361.954,6.257e-33,6.79177e+15,7.99771e+16,1.80949e+14,8.69498e+16,2.72347e+21,2.91115e+09
1.77958e+06,200112,2.91048e+07,4.72442e+24,1.71148e+27,1.23517e+10,0.00494131,4.23983e+36,0.03468,0.0827767,361.918,6.25563e-33,6.79165e+15,7.99759e+16,1.80946e+14,8.69485e+16,2.88289e+21,2.91111e+09
1.82958e+06,200110,2.91047e+07,5.1339e+24,1.85971e+27,1.26987e+10,0.00494135,4.23963e+36,0.03468,0.0827743,361.88,6.25421e-33,6.79153e+15,7.99747e+16,1.80942e+14,8.69472e+16,3.04682e+21,2.91107e+09
1.87958e+06,200108,2.91045e+07,5.56638e+24,2.01624e+27,1.30456e+10,0.00494139,4.23942e+36,0.03468,0.0827718,361.842,6.25276e-33,6.7914e+15,7.99734e+16,1.80939e+14,8.69458e+16,3.21525e+21,2.91103e+09
1.92958e+06,200106,2.91044e+07,6.02248e+24,2.18131e+27,1.33926e+10,0.00494144,4.23921e+36,0.03468,0.0827693,361.803,6.25127e-33,6.79128e+15,7.99721e+16,1.80935e+14,8.69444e+16,3.38818e+21,2.91098e+09
1.97958e+06,200104,2.91042e+07,6.50284e+24,2.35513e+27,1.37396e+10,0.00494149,4.239e+36,0.03468,0.0827667,361.762,6.24974e-33,6.79114e+15,7.99708e+16,1.80932e+14,8.69429e+16,3.56561e+21,2.91094e+09
2.02958e+06,200101,2.91041e+07,7.00809e+24,2.53794e+27,1.40866e+10,0.00494153,4.23877e+36,0.03468,0.082764,361.721,6.24818e-33,6.79101e+15,7.99695e+16,1.80928e+14,8.69414e+16,3.74753e+21,2.91089e+09
2.07958e+06,200099,2.91039e+07,7.53884e+24,2.72996e+27,1.44336e+10,0.00494158,4.23855e+36,0.03468,0.0827612,361.678,6.24657e-33,6.79087e+15,7.99681e+16,1.80924e+14,8.69399e+16,3.93394e+21,2.91085e+09
2.12958e+06,200096,2.91038e+07,8.09574e+24,2.93141e+27,1.47805e+10,0.00494163,4.23831e+36,0.03468,0.0827584,361.635,6.24492e-33,6.79073e+15,7.99666e+16,1.8092e+14,8.69383e+16,4.12484e+21,2.9108e+09
2.17958e+06,200094,2.91036e+07,8.6794e+24,3.14252e+27,1.51275e+10,0.00494169,4.23807e+36,0.03468,0.0827555,361.59,6.24324e-33,6.79059e+15,7.99652e+16,1.80916e+14,8.69367e+16,4.32022e+21,2.91075e+09
2.22958e+06,200091,2.91034e+07,9.29046e+24,3.36351e+27,1.54745e+10,0.00494174,4.23783e+36,0.03468,0.0827525,361.545,6.24152e-33,6.79044e+15,7.99637e+16,1.80912e+14,8.6935e+16,4.52007e+21,2.9107e+09
2.27958e+06,200088,2.91033e+07,9.92954e+24,3.5946e+27,1.58214e+10,0.00494179,4.23758e+36,0.03468,0.0827495,361.498,6.23976e-33,6.79029e+15,7.99621e+16,1.80908e+14,8.69333e+16,4.72441e+21,2.91065e+09
2.32958e+06,200086,2.91031e+07,1.05973e+25,3.83602e+27,1.61684e+10,0.00494185,4.23733e+36,0.03468,0.0827464,361.451,6.23796e-33,6.79013e+15,7.99606e+16,1.80904e+14,8.69316e+16,4.93321e+21,2.9106e+09
2.37958e+06,200083,2.91029e+07,1.12943e+25,4.088e+27,1.65153e+10,0.00494191,4.23706e+36,0.03468,0.0827433,361.402,6.23612e-33,6.78998e+15,7.9959e+16,1.80899e+14,8.69299e+16,5.14648e+21,2.91055e+09
2.42958e+06,200080,2.91027e+07,1.20212e+25,4.35075e+27,1.68623e+10,0.00494196,4.2368e+36,0.03468,0.08274,361.352,6.23425e-33,6.78982e+15,7.99573e+16,1.80895e+14,8.69281e+16,5.36422e+21,2.91049e+09
2.47958e+06,200077,2.91026e+07,1.27786e+25,4.62449e+27,1.72092e+10,0.00494202,4.23653e+36,0.03468,0.0827367,361.302,6.23233e-33,6.78965e+15,7.99557e+16,1.8089e+14,8.69262e+16,5.58641e+21,2.91044e+09
2.52958e+06,200074,2.91024e+07,1.35672e+25,4.90946e+27,1.75561e+10,0.00494208,4.23625e+36,0.03468,0.0827334,361.25,6.23038e-33,6.78948e+15,7.9954e+16,1.80886e+14,8.69243e+16,5.81306e+21,2.91038e+09
2.57958e+06,200071,2.91022e+07,1.43876e+25,5.20587e+27,1.7903e+10,0.00494214,4.23597e+36,0.03468,0.08273,361.197,6.22839e-33,6.78931e+15,7.99522e+16,1.80881e+14,8.69224e+16,6.04417e+21,2.91032e+09
2.62958e+06,200068,2.9102e+07,1.52404e+25,5.51395e+27,1.825e+10,0.00494221,4.23568e+36,0.03468,0.0827265,361.143,6.22636e-33,6.78914e+15,7.99505e+16,1.80876e+14,8.69205e+16,6.27971e+21,2.91027e+09
2.67958e+06,200065,2.91018e+07,1.61263e+25,5.83392e+27,1.85969e+10,0.00494227,4.23538e+36,0.03468,0.0827229,361.089,6.22429e-33,6.78896e+15,7.99487e+16,1.80871e+14,8.69185e+16,6.5197e+21,2.91021e+09
2.72958e+06,200062,2.91016e+07,1.70458e+25,6.166e+27,1.89438e+10,0.00494234,4.23509e+36,0.03468,0.0827193,361.033,6.22219e-33,6.78878e+15,7.99468e+16,1.80866e+14,8.69165e+16,6.76413e+21,2.91015e+09
2.77958e+06,200058,2.91014e+07,1.79996e+25,6.51041e+27,1.92907e+10,0.0049424,4.23478e+36,0.03468,0.0827156,360.976,6.22004e-33,6.7886e+15,7.9945e+16,1.80861e+14,8.69144e+16,7.01299e+21,2.91008e+09
2.82958e+06,200055,2.91012e+07,1.89883e+25,6.86737e+27,1.96376e+10,0.00494247,4.23447e+36,0.03468,0.0827118,360.918,6.21786e-33,6.78841e+15,7.99431e+16,1.80856e+14,8.69123e+16,7.26628e+21,2.91002e+09
2.87958e+06,200052,2.9101e+07,2.00126e+25,7.23711e+27,1.99845e+10,0.00494254,4.23415e+36,0.03468,0.082708,360.859,6.21564e-33,6.78822e+15,7.99411e+16,1.8085e+14,8.69102e+16,7.52399e+21,2.90996e+09
2.92958e+06,200048,2.91007e+07,2.10731e+25,7.61984e+27,2.03314e+10,0.00494261,4.23383e+36,0.03468,0.0827041,360.799,6.21338e-33,6.78802e+15,7.99392e+16,1.80845e+14,8.6908e+16,7.78612e+21,2.90989e+09
2.97958e+06,200045,2.91005e+07,2.21704e+25,8.01579e+27,2.06783e+10,0.00494268,4.23351e+36,0.03468,0.0827001,360.738,6.21108e-33,6.78783e+15,7.99372e+16,1.80839e+14,8.69058e+16,8.05266e+21,2.90983e+09
3.02958e+06,200041,2.91003e+07,2.33051e+25,8.42518e+27,2.10251e+10,0.00494275,4.23317e+36,0.03468,0.0826961,360.676,6.20875e-33,6.78762e+15,7.99351e+16,1.80834e+14,8.69036e+16,8.32361e+21,2.90976e+09
3.07958e+06,200038,2.91001e+07,2.44778e+25,8.84823e+27,2.1372e+10,0.00494283,4.23284e+36,0.03468,0.082692,360.614,6.20638e-33,6.78742e+15,7.9933e+16,1.80828e+14,8.69013e+16,8.59897e+21,2.90969e+09
3.12958e+06,200034,2.90998e+07,2.56893e+25,9.28515e+27,2.17189e+10,0.0049429,4.23249e+36,0.03468,0.0826878,360.55,6.20397e-33,6.78721e+15,7.99309e+16,1.80822e+14,8.6899e+16,8.87872e+21,2.90962e+09
3.17958e+06,200030,2.90996e+07,2.694e+25,9.73618e+27,2.20657e+10,0.00494298,4.23214e+36,0.03468,0.0826836,360.485,6.20152e-33,6.787e+15,7.99288e+16,1.80816e+14,8.68966e+16,9.16287e+21,2.90955e+09
3.22958e+06,200027,2.90994e+07,2.82307e+25,1.02015e+28,2.24126e+10,0.00494305,4.23179e+36,0.03468,0.0826793,360.419,6.19903e-33,6.78679e+15,7.99266e+16,1.8081e+14,8.68942e+16,9.45141e+21,2.90948e+09
3.27958e+06,200023,2.90991e+07,2.9562e+25,1.06814e+28,2.27594e+10,0.00494313,4.23143e+36,0.03468,0.082675,360.351,6.19651e-33,6.78657e+15,7.99244e+16,1.80804e+14,8.68918e+16,9.74432e+21,2.90941e+09
3.32958e+06,200019,2.90989e+07,3.09344e+25,1.1176e+28,2.31062e+10,0.00494321,4.23106e+36,0.03468,0.0826705,360.283,6.19395e-33,6.78635e+15,7.99222e+16,1.80798e+14,8.68893e+16,1.00416e+22,2.90933e+09
3.37958e+06,200015,2.90986e+07,3.23487e+25,1.16856e+28,2.34531e+10,0.00494329,4.23069e+36,0.03468,0.082666,360.214,6.19135e-33,6.78612e+15,7.99199e+16,1.80792e+14,8.68868e+16,1.03433e+22,2.90926e+09
3.42958e+06,200011,2.90984e+07,3.38054e+25,1.22104e+28,2.37999e+10,0.00494338,4.23032e+36,0.03468,0.0826615,360.144,6.18871e-33,6.7859e+15,7.99176e+16,1.80786e+14,8.68843e+16,1.06493e+22,2.90918e+09
3.47958e+06,200007,2.90981e+07,3.53052e+25,1.27506e+28,2.41467e+10,0.00494346,4.22994e+36,0.03468,0.0826568,360.073,6.18604e-33,6.78567e+15,7.99152e+16,1.80779e+14,8.68817e+16,1.09597e+22,2.9091e+09
3.52958e+06,200003,2.90978e+07,3.68486e+25,1.33065e+28,2.44935e+10,0.00494354,4.22955e+36,0.03468,0.0826521,360.001,6.18333e-33,6.78543e+15,7.99129e+16,1.80773e+14,8.68791e+16,1.12744e+22,2.90902e+09
3.57958e+06,199998,2.90976e+07,3.84364e+25,1.38781e+28,2.48403e+10,0.00494363,4.22916e+36,0.03468,0.0826474,359.928,6.18058e-33,6.78519e+15,7.99105e+16,1.80766e+14,8.68764e+16,1.15935e+22,2.90894e+09
3.62958e+06,199994,2.90973e+07,4.00692e+25,1.44659e+28,2.51871e+10,0.00494372,4.22876e+36,0.03468,0.0826426,359.854,6.17779e-33,6.78495e+15,7.9908e+16,1.80759e+14,8.68737e+16,1.1917e+22,2.90886e+09
3.67958e+06,199990,2.9097e+07,4.17475e+25,1.50699e+28,2.55339e+10,0.0049438,4.22835e+36,0.03468,0.0826377,359.779,6.17497e-33,6.78471e+15,7.99055e+16,1.80753e+14,8.6871e+16,1.22447e+22,2.90878e+09
3.72958e+06,199985,2.90967e+07,4.3472e+25,1.56904e+28,2.58807e+10,0.00494389,4.22794e+36,0.03468,0.0826327,359.703,6.1721e-33,6.78446e+15,7.9903e+16,1.80746e+14,8.68682e+16,1.25768e+22,2.9087e+09
3.77958e+06,199981,2.90965e+07,4.52434e+25,1.63277e+28,2.62275e+10,0.00494398,4.22753e+36,0.03468,0.0826277,359.625,6.16921e-33,6.78421e+15,7.99005e+16,1.80739e+14,8.68654e+16,1.29133e+22,2.90861e+09
3.82958e+06,199976,2.90962e+07,4.70622e+25,1.69818e+28,2.65742e+10,0.00494407,4.22711e+36,0.03468,0.0826226,359.547,6.16627e-33,6.78396e+15,7.98979e+16,1.80732e+14,8.68626e+16,1.3254e+22,2.90853e+09
3.87958e+06,199972,2.90959e+07,4.8929e+25,1.76531e+28,2.6921e+10,0.00494417,4.22668e+36,0.03468,0.0826174,359.468,6.1633e-33,6.7837e+15,7.98953e+16,1.80724e+14,8.68597e+16,1.3599e+22,2.90844e+09
3.92958e+06,199967,2.90956e+07,5.08446e+25,1.83418e+28,2.72677e+10,0.00494426,4.22625e+36,0.03468,0.0826122,359.388,6.16029e-33,6.78344e+15,7.98926e+16,1.80717e+14,8.68568e+16,1.39484e+22,2.90836e+09
3.97958e+06,199963,2.90953e+07,5.28095e+25,1.90481e+28,2.76145e+10,0.00494436,4.22582e+36,0.03468,0.0826069,359.307,6.15724e-33,6.78317e+15,7.989e+16,1.8071e+14,8.68538e+16,1.4302e+22,2.90827e+09
4.02958e+06,199958,2.9095e+07,5.48244e+25,1.97721e+28,2.79612e+10,0.00494445,4.22537e+36,0.03468,0.0826015,359.224,6.15416e-33,6.7829e+15,7.98872e+16,1.80702e+14,8.68508e+16,1.466e+22,2.90818e+09
4.07958e+06,199953,2.90947e+07,5.68898e+25,2.05141e+28,2.83079e+10,0.00494455,4.22493e+36,0.03468,0.0825961,359.141,6.15104e-33,6.78263e+15,7.98845e+16,1.80695e+14,8.68478e+16,1.50222e+22,2.90809e+09
4.12958e+06,199948,2.90944e+07,5.90064e+25,2.12744e+28,2.86546e+10,0.00494465,4.22447e+36,0.03468,0.0825906,359.057,6.14788e-33,6.78236e+15,7.98817e+16,1.80687e+14,8.68448e+16,1.53887e+22,2.90799e+09
4.17958e+06,199943,2.90941e+07,6.11749e+25,2.20531e+28,2.90013e+10,0.00494475,4.22401e+36,0.03468,0.082585,358.972,6.14468e-33,6.78208e+15,7.98789e+16,1.80679e+14,8.68417e+16,1.57595e+22,2.9079e+09
4.22958e+06,199938,2.90938e+07,6.33958e+25,2.28504e+28,2.9348e+10,0.00494485,4.22355e+36,0.03468,0.0825794,358.885,6.14145e-33,6.7818e+15,7.9876e+16,1.80672e+14,8.68385e+16,1.61345e+22,2.90781e+09
4.27958e+06,199933,2.90934e+07,6.56698e+25,2.36666e+28,2.96947e+10,0.00494495,4.22308e+36,0.03468,0.0825737,358.798,6.13818e-33,6.78152e+15,7.98732e+16,1.80664e+14,8.68353e+16,1.65138e+22,2.90771e+09
4.32958e+06,199928,2.90931e+07,6.79975e+25,2.45019e+28,3.00414e+10,0.00494506,4.22261e+36,0.03468,0.082568,358.71,6.13488e-33,6.78123e+15,7.98702e+16,1.80656e+14,8.68321e+16,1.68974e+22,2.90762e+09
4.37958e+06,199923,2.90928e+07,7.03795e+25,2.53564e+28,3.03881e+10,0.00494516,4.22213e+36,0.03468,0.0825621,358.621,6.13154e-33,6.78094e+15,7.98673e+16,1.80648e+14,8.68289e+16,1.72851e+22,2.90752e+09
4.42958e+06,199918,2.90925e+07,7.28165e+25,2.62305e+28,3.07347e+10,0.00494527,4.22164e+36,0.03468,0.0825562,358.53,6.12816e-33,6.78064e+15,7.98643e+16,1.80639e+14,8.68256e+16,1.76772e+22,2.90742e+09
4.47958e+06,199913,2.90921e+07,7.5309e+25,2.71242e+28,3.10814e+10,0.00494538,4.22115e+36,0.03468,0.0825503,358.439,6.12475e-33,6.78035e+15,7.98613e+16,1.80631e+14,8.68223e+16,1.80734e+22,2.90732e+09
4.52958e+06,199907,2.90918e+07,7.78578e+25,2.80379e+28,3.1428e+10,0.00494548,4.22065e+36,0.03468,0.0825442,358.347,6.1213e-33,6.78005e+15,7.98582e+16,1.80623e+14,8.68189e+16,1.84739e+22,2.90722e+09
4.57958e+06,199902,2.90915e+07,8.04634e+25,2.89717e+28,3.17747e+10,0.00494559,4.22015e+36,0.03468,0.0825381,358.254,6.11781e-33,6.77974e+15,7.98551e+16,1.80614e+14,8.68155e+16,1.88786e+22,2.90712e+09
4.62958e+06,199896,2.90911e+07,8.31264e+25,2.99258e+28,3.21213e+10,0.00494571,4.21964e+36,0.03468,0.082532,358.159,6.11429e-33,6.77943e+15,7.9852e+16,1.80606e+14,8.68121e+16,1.92874e+22,2.90701e+09
4.67958e+06,199891,2.90908e+07,8.58475e+25,3.09005e+28,3.24679e+10,0.00494582,4.21913e+36,0.03468,0.0825258,358.064,6.11073e-33,6.77912e+15,7.98489e+16,1.80597e+14,8.68086e+16,1.97005e+22,2.90691e+09
4.72958e+06,199885,2.90904e+07,8.86273e+25,3.18959e+28,3.28145e+10,0.00494593,4.21861e+36,0.03468,0.0825195,357.968,6.10713e-33,6.77881e+15,7.98457e+16,1.80588e+14,8.68051e+16,2.01178e+22,2.9068e+09
4.77958e+06,199880,2.90901e+07,9.14664e+25,3.29123e+28,3.31611e+10,0.00494605,4.21809e+36,0.03468,0.0825131,357.871,6.1035e-33,6.77849e+15,7.98425e+16,1.80579e+14,8.68015e+16,2.05392e+22,2.9067e+09
4.82958e+06,199874,2.90897e+07,9.43655e+25,3.39499e+28,3.35077e+10,0.00494616,4.21756e+36,0.03468,0.0825067,357.772,6.09983e-33,6.77817e+15,7.98392e+16,1.80571e+14,8.6798e+16,2.09649e+22,2.90659e+09
4.87958e+06,199868,2.90893e+07,9.73251e+25,3.50089e+28,3.38543e+10,0.00494628,4.21702e+36,0.03468,0.0825002,357.673,6.09613e-33,6.77785e+15,7.98359e+16,1.80562e+14,8.67943e+16,2.13947e+22,2.90648e+09
4.92958e+06,199863,2.9089e+07,1.00346e+26,3.60895e+28,3.42008e+10,0.0049464,4.21648e+36,0.03468,0.0824936,357.573,6.09239e-33,6.77752e+15,7.98326e+16,1.80552e+14,8.67907e+16,2.18286e+22,2.90637e+09
4.97958e+06,199857,2.90886e+07,1.03429e+26,3.71918e+28,3.45474e+10,0.00494652,4.21594e+36,0.03468,0.082487,357.472,6.08862e-33,6.77719e+15,7.98292e+16,1.80543e+14,8.6787e+16,2.22667e+22,2.90626e+09
5.02958e+06,199851,2.90882e+07,1.06574e+26,3.83162e+28,3.48939e+10,0.00494664,4.21538e+36,0.03468,0.0824803,357.37,6.08481e-33,6.77685e+15,7.98259e+16,1.80534e+14,8.67832e+16,2.2709e+22,2.90615e+09
5.07958e+06,199845,2.90878e+07,1.09782e+26,3.94628e+28,3.52405e+10,0.00494676,4.21483e+36,0.03468,0.0824736,357.266,6.08096e-33,6.77652e+15,7.98224e+16,1.80524e+14,8.67795e+16,2.31553e+22,2.90604e+09
5.12958e+06,199839,2.90875e+07,1.13054e+26,4.06318e+28,3.5587e+10,0.00494688,4.21427e+36,0.03468,0.0824667,357.162,6.07708e-33,6.77618e+15,7.9819e+16,1.80515e+14,8.67757e+16,2.36058e+22,2.90592e+09
5.17958e+06,199833,2.90871e+07,1.1639e+26,4.18234e+28,3.59335e+10,0.00494701,4.2137e+36,0.03468,0.0824599,357.057,6.07316e-33,6.77583e+15,7.98155e+16,1.80505e+14,8.67718e+16,2.40604e+22,2.90581e+09
5.22958e+06,199827,2.90867e+07,1.19791e+26,4.30379e+28,3.628e+10,0.00494713,4.21313e+36,0.03468,0.0824529,356.951,6.06921e-33,6.77548e+15,7.9812e+16,1.80496e+14,8.67679e+16,2.45192e+22,2.90569e+09
5.27958e+06,199820,2.90863e+07,1.23257e+26,4.42754e+28,3.66265e+10,0.00494726,4.21255e+36,0.03468,0.0824459,356.844,6.06522e-33,6.77513e+15,7.98084e+16,1.80486e+14,8.6764e+16,2.4982e+22,2.90557e+09
5.32958e+06,199814,2.90859e+07,1.2679e+26,4.55362e+28,3.6973e+10,0.00494739,4.21196e+36,0.03468,0.0824388,356.736,6.0612e-33,6.77478e+15,7.98048e+16,1.80476e+14,8.67601e+16,2.54489e+22,2.90545e+09
5.37958e+06,199808,2.90855e+07,1.3039e+26,4.68204e+28,3.73195e+10,0.00494751,4.21137e+36,0.03468,0.0824316,356.626,6.05714e-33,6.77442e+15,7.98012e+16,1.80466e+14,8.67561e+16,2.59199e+22,2.90533e+09
5.42958e+06,199801,2.90851e+07,1.34057e+26,4.81282e+28,3.76659e+10,0.00494765,4.21078e+36,0.03468,0.0824244,356.516,6.05304e-33,6.77406e+15,7.97975e+16,1.80456e+14,8.6752e+16,2.63949e+22,2.90521e+09
5.47958e+06,199795,2.90847e+07,1.37792e+26,4.946e+28,3.80124e+10,0.00494778,4.21018e+36,0.03468,0.0824171,356.405,6.04892e-33,6.7737e+15,7.97938e+16,1.80446e+14,8.6748e+16,2.68741e+22,2.90509e+09
5.52958e+06,199788,2.90843e+07,1.41596e+26,5.08157e+28,3.83588e+10,0.00494791,4.20957e+36,0.03468,0.0824098,356.293,6.04475e-33,6.77333e+15,7.97901e+16,1.80436e+14,8.67439e+16,2.73573e+22,2.90497e+09
5.57958e+06,199782,2.90839e+07,1.45469e+26,5.21957e+28,3.87053e+10,0.00494804,4.20896e+36,0.03468,0.0824024,356.18,6.04055e-33,6.77296e+15,7.97863e+16,1.80425e+14,8.67397e+16,2.78445e+22,2.90484e+09
5.62958e+06,199775,2.90834e+07,1.49412e+26,5.36002e+28,3.90517e+10,0.00494818,4.20835e+36,0.03468,0.0823949,356.066,6.03632e-33,6.77259e+15,7.97826e+16,1.80415e+14,8.67356e+16,2.83357e+22,2.90472e+09
5.67958e+06,199769,2.9083e+07,1.53425e+26,5.50294e+28,3.93981e+10,0.00494831,4.20773e+36,0.03468,0.0823873,355.951,6.03205e-33,6.77221e+15,7.97787e+16,1.80405e+14,8.67313e+16,2.8831e+22,2.90459e+09
5.72958e+06,199762,2.90826e+07,1.5751e+26,5.64834e+28,3.97445e+10,0.00494845,4.2071e+36,0.03468,0.0823797,355.835,6.02775e-33,6.77183e+15,7.97749e+16,1.80394e+14,8.67271e+16,2.93304e+22,2.90446e+09
5.77958e+06,199755,2.90821e+07,1.61666e+26,5.79625e+28,4.00908e+10,0.00494859,4.20647e+36,0.03468,0.082372,355.718,6.02341e-33,6.77144e+15,7.9771e+16,1.80383e+14,8.67228e+16,2.98337e+22,2.90433e+09
5.82958e+06,199748,2.90817e+07,1.65895e+26,5.94669e+28,4.04372e+10,0.00494873,4.20583e+36,0.03468,0.0823643,355.6,6.01904e-33,6.77106e+15,7.9767e+16,1.80372e+14,8.67185e+16,3.0341e+22,2.9042e+09
5.87958e+06,199741,2.90813e+07,1.70197e+26,6.09967e+28,4.07836e+10,0.00494887,4.20519e+36,0.03468,0.0823565,355.481,6.01463e-33,6.77067e+15,7.97631e+16,1.80362e+14,8.67141e+16,3.08523e+22,2.90407e+09
5.92958e+06,199734,2.90808e+07,1.74572e+26,6.25522e+28,4.11299e+10,0.00494901,4.20454e+36,0.03468,0.0823486,355.361,6.01019e-33,6.77027e+15,7.97591e+16,1.80351e+14,8.67097e+16,3.13676e+22,2.90394e+09
5.97958e+06,199727,2.90804e+07,1.79022e+26,6.41335e+28,4.14763e+10,0.00494916,4.20388e+36,0.03468,0.0823406,355.24,6.00572e-33,6.76988e+15,7.97551e+16,1.8034e+14,8.67053e+16,3.18869e+22,2.90381e+09
6.02958e+06,199720,2.90799e+07,1.83546e+26,6.57409e+28,4.18226e+10,0.0049493,4.20322e+36,0.03468,0.0823326,355.118,6.00121e-33,6.76948e+15,7.9751e+16,1.80328e+14,8.67008e+16,3.24101e+22,2.90367e+09
6.07958e+06,199713,2.90795e+07,1.88146e+26,6.73746e+28,4.21689e+10,0.00494945,4.20256e+36,0.03468,0.0823245,354.996,5.99667e-33,6.76907e+15,7.97469e+16,1.80317e+14,8.66963e+16,3.29373e+22,2.90354e+09
6.12958e+06,199706,2.9079e+07,1.92823e+26,6.90347e+28,4.25152e+10,0.0049496,4.20189e+36,0.03468,0.0823164,354.872,5.99209e-33,6.76867e+15,7.97428e+16,1.80306e+14,8.66917e+16,3.34684e+22,2.9034e+09
6.17958e+06,199699,2.90786e+07,1.97575e+26,7.07215e+28,4.28615e+10,0.00494974,4.20121e+36,0.03468,0.0823082,354.747,5.98748e-33,6.76826e+15,7.97386e+16,1.80294e+14,8.66872e+16,3.40034e+22,2.90326e+09
6.22958e+06,199691,2.90781e+07,2.02406e+26,7.24351e+28,4.32077e+10,0.00494989,4.20053e+36,0.03468,0.0822999,354.621,5.98283e-33,6.76784e+15,7.97344e+16,1.80283e+14,8.66825e+16,3.45424e+22,2.90313e+09
6.27958e+06,199684,2.90776e+07,2.07314e+26,7.41758e+28,4.3554e+10,0.00495005,4.19985e+36,0.03468,0.0822916,354.495,5.97816e-33,6.76742e+15,7.97302e+16,1.80271e+14,8.66779e+16,3.50853e+22,2.90299e+09
6.32958e+06,199676,2.90772e+07,2.12301e+26,7.59437e+28,4.39002e+10,0.0049502,4.19915e+36,0.03468,0.0822832,354.367,5.97344e-33,6.767e+15,7.97259e+16,1.8026e+14,8.66732e+16,3.5632e+22,2.90285e+09
6.37958e+06,199669,2.90767e+07,2.17367e+26,7.77391e+28,4.42465e+10,0.00495035,4.19846e+36,0.03468,0.0822747,354.238,5.9687e-33,6.76658e+15,7.97216e+16,1.80248e+14,8.66684e+16,3.61827e+22,2.9027e+09
6.42958e+06,199661,2.90762e+07,2.22513e+26,7.95621e+28,4.45927e+10,0.00495051,4.19776e+36,0.03468,0.0822662,354.109,5.96392e-33,6.76615e+15,7.97173e+16,1.80236e+14,8.66637e+16,3.67373e+22,2.90256e+09
6.47958e+06,199654,2.90757e+07,2.27739e+26,8.14129e+28,4.49389e+10,0.00495066,4.19705e+36,0.03468,0.0822576,353.978,5.95911e-33,6.76572e+15,7.97129e+16,1.80224e+14,8.66589e+16,3.72957e+22,2.90242e+09
6.52958e+06,199646,2.90752e+07,2.33047e+26,8.32917e+28,4.52851e+10,0.00495082,4.19633e+36,0.03468,0.0822489,353.847,5.95426e-33,6.76529e+15,7.97085e+16,1.80212e+14,8.6654e+16,3.7858e+22,2.90227e+09
6.57958e+06,199638,2.90747e+07,2.38436e+26,8.51987e+28,4.56313e+10,0.00495098,4.19562e+36,0.03468,0.0822401,353.714,5.94938e-33,6.76485e+15,7.97041e+16,1.802e+14,8.66491e+16,3.84241e+22,2.90212e+09
6.62958e+06,199631,2.90743e+07,2.43908e+26,8.71342e+28,4.59774e+10,0.00495114,4.19489e+36,0.03468,0.0822313,353.581,5.94447e-33,6.76441e+15,7.96996e+16,1.80187e+14,8.66442e+16,3.89941e+22,2.90198e+09
6.67958e+06,199623,2.90738e+07,2.49462e+26,8.90982e+28,4.63236e+10,0.0049513,4.19416e+36,0.03468,0.0822225,353.446,5.93952e-33,6.76397e+15,7.96951e+16,1.80175e+14,8.66393e+16,3.95679e+22,2.90183e+09
6.72958e+06,199615,2.90733e+07,2.551e+26,9.1091e+28,4.66697e+10,0.00495146,4.19343e+36,0.03468,0.0822135,353.311,5.93454e-33,6.76352e+15,7.96906e+16,1.80163e+14,8.66343e+16,4.01455e+22,2.90168e+09
6.77958e+06,199607,2.90727e+07,2.60822e+26,9.31128e+28,4.70159e+10,0.00495162,4.19269e+36,0.03468,0.0822045,353.175,5.92953e-33,6.76307e+15,7.9686e+16,1.8015e+14,8.66293e+16,4.07269e+22,2.90153e+09
6.82958e+06,199599,2.90722e+07,2.66629e+26,9.51638e+28,4.7362e+10,0.00495178,4.19194e+36,0.03468,0.0821955,353.037,5.92449e-33,6.76262e+15,7.96814e+16,1.80138e+14,8.66242e+16,4.13122e+22,2.90138e+09
6.87958e+06,199591,2.90717e+07,2.72522e+26,9.72441e+28,4.77081e+10,0.00495195,4.19119e+36,0.03468,0.0821864,352.899,5.91941e-33,6.76217e+15,7.96768e+16,1.80125e+14,8.66191e+16,4.19012e+22,2.90122e+09
6.92958e+06,199583,2.90712e+07,2.785e+26,9.9354e+28,4.80542e+10,0.00495212,4.19044e+36,0.03468,0.0821772,352.76,5.9143e-33,6.76171e+15,7.96721e+16,1.80112e+14,8.66139e+16,4.24939e+22,2.90107e+09
6.97958e+06,199574,2.90707e+07,2.84565e+26,1.01494e+29,4.84002e+10,0.00495228,4.18968e+36,0.03468,0.0821679,352.62,5.90916e-33,6.76124e+15,7.96674e+16,1.80099e+14,8.66088e+16,4.30905e+22,2.90091e+09
7.02958e+06,199566,2.90702e+07,2.90718e+26,1.03663e+29,4.87463e+10,0.00495245,4.18891e+36,0.03468,0.0821586,352.479,5.90399e-33,6.76078e+15,7.96627e+16,1.80086e+14,8.66036e+16,4.36908e+22,2.90076e+09
7.07958e+06,199558,2.90696e+07,2.96958e+26,1.05863e+29,4.90923e+10,0.00495262,4.18814e+36,0.03468,0.0821492,352.337,5.89878e-33,6.76031e+15,7.96579e+16,1.80073e+14,8.65983e+16,4.42948e+22,2.9006e+09
7.12958e+06,199549,2.90691e+07,3.03287e+26,1.08093e+29,4.94383e+10,0.0049528,4.18736e+36,0.03468,0.0821397,352.194,5.89354e-33,6.75983e+15,7.96531e+16,1.8006e+14,8.6593e+16,4.49026e+22,2.90044e+09
7.17958e+06,199541,2.90686e+07,3.09705e+26,1.10353e+29,4.97844e+10,0.00495297,4.18658e+36,0.03468,0.0821302,352.05,5.88827e-33,6.75936e+15,7.96483e+16,1.80047e+14,8.65877e+16,4.55141e+22,2.90028e+09
7.22958e+06,199533,2.9068e+07,3.16212e+26,1.12644e+29,5.01304e+10,0.00495314,4.18579e+36,0.03468,0.0821206,351.905,5.88297e-33,6.75888e+15,7.96434e+16,1.80033e+14,8.65823e+16,4.61293e+22,2.90012e+09
7.27958e+06,199524,2.90675e+07,3.2281e+26,1.14966e+29,5.04763e+10,0.00495332,4.185e+36,0.03468,0.082111,351.759,5.87763e-33,6.75839e+15,7.96385e+16,1.8002e+14,8.65769e+16,4.67482e+22,2.89996e+09
7.32958e+06,199515,2.90669e+07,3.29499e+26,1.17319e+29,5.08223e+10,0.00495349,4.1842e+36,0.03468,0.0821012,351.613,5.87226e-33,6.75791e+15,7.96336e+16,1.80006e+14,8.65715e+16,4.73707e+22,2.89979e+09
7.37958e+06,199507,2.90664e+07,3.3628e+26,1.19703e+29,5.11683e+10,0.00495367,4.1834e+36,0.03468,0.0820915,351.465,5.86686e-33,6.75742e+15,7.96286e+16,1.79993e+14,8.6566e+16,4.7997e+22,2.89963e+09
7.42958e+06,199498,2.90658e+07,3.43152e+26,1.22119e+29,5.15142e+10,0.00495385,4.18259e+36,0.03468,0.0820816,351.316,5.86143e-33,6.75693e+15,7.96236e+16,1.79979e+14,8.65605e+16,4.86269e+22,2.89946e+09
7.47958e+06,199489,2.90653e+07,3.50118e+26,1.24566e+29,5.18601e+10,0.00495403,4.18177e+36,0.03468,0.0820717,351.167,5.85597e-33,6.75643e+15,7.96186e+16,1.79965e+14,8.6555e+16,4.92605e+22,2.8993e+09
7.52958e+06,199480,2.90647e+07,3.57177e+26,1.27045e+29,5.2206e+10,0.00495421,4.18095e+36,0.03468,0.0820617,351.016,5.85048e-33,6.75593e+15,7.96135e+16,1.79951e+14,8.65494e+16,4.98977e+22,2.89913e+09
7.57958e+06,199471,2.90642e+07,3.6433e+26,1.29556e+29,5.25519e+10,0.00495439,4.18013e+36,0.03468,0.0820517,350.865,5.84495e-33,6.75543e+15,7.96084e+16,1.79937e+14,8.65438e+16,5.05385e+22,2.89896e+09
7.62958e+06,199463,2.90636e+07,3.71578e+26,1.32099e+29,5.28978e+10,0.00495458,4.1793e+36,0.03468,0.0820416,350.712,5.8394e-33,6.75492e+15,7.96033e+16,1.79923e+14,8.65381e+16,5.11829e+22,2.89879e+09
7.67958e+06,199453,2.9063e+07,3.78921e+26,1.34674e+29,5.32436e+10,0.00495476,4.17846e+36,0.03468,0.0820314,350.559,5.83381e-33,6.75441e+15,7.95981e+16,1.79909e+14,8.65324e+16,5.1831e+22,2.89862e+09
7.72958e+06,199444,2.90624e+07,3.8636e+26,1.37282e+29,5.35895e+10,0.00495495,4.17762e+36,0.03468,0.0820212,350.405,5.82819e-33,6.7539e+15,7.95929e+16,1.79895e+14,8.65267e+16,5.24826e+22,2.89845e+09
7.77958e+06,199435,2.90619e+07,3.93895e+26,1.39922e+29,5.39353e+10,0.00495513,4.17678e+36,0.03468,0.0820109,350.25,5.82254e-33,6.75339e+15,7.95877e+16,1.7988e+14,8.6521e+16,5.31378e+22,2.89828e+09
7.82958e+06,199426,2.90613e+07,4.01528e+26,1.42596e+29,5.42811e+10,0.00495532,4.17593e+36,0.03468,0.0820005,350.093,5.81686e-33,6.75287e+15,7.95824e+16,1.79866e+14,8.65152e+16,5.37966e+22,2.8981e+09
7.87958e+06,199417,2.90607e+07,4.09258e+26,1.45302e+29,5.46269e+10,0.00495551,4.17507e+36,0.03468,0.0819901,349.936,5.81115e-33,6.75235e+15,7.95771e+16,1.79851e+14,8.65093e+16,5.44589e+22,2.89793e+09
7.92958e+06,199408,2.90601e+07,4.17087e+26,1.48042e+29,5.49727e+10,0.0049557,4.17421e+36,0.03468,0.0819796,349.778,5.80541e-33,6.75182e+15,7.95718e+16,1.79837e+14,8.65034e+16,5.51247e+22,2.89775e+09
7.97958e+06,199398,2.90595e+07,4.25015e+26,1.50815e+29,5.53185e+10,0.0049559,4.17334e+36,0.03468,0.081969,349.62,5.79964e-33,6.75129e+15,7.95664e+16,1.79822e+14,8.64975e+16,5.57941e+22,2.89757e+09
8.02958e+06,199389,2.90589e+07,4.33042e+26,1.53621e+29,5.56642e+10,0.00495609,4.17247e+36,0.03468,0.0819584,349.46,5.79384e-33,6.75076e+15,7.9561e+16,1.79807e+14,8.64916e+16,5.6467e+22,2.8974e+09
8.07958e+06,199379,2.90583e+07,4.4117e+26,1.56462e+29,5.601e+10,0.00495628,4.17159e+36,0.03468,0.0819477,349.299,5.78801e-33,6.75022e+15,7.95556e+16,1.79792e+14,8.64856e+16,5.71435e+22,2.89722e+09
8.12958e+06,199370,2.90577e+07,4.49398e+26,1.59336e+29,5.63557e+10,0.00495648,4.17071e+36,0.03468,0.0819369,349.137,5.78214e-33,6.74969e+15,7.95501e+16,1.79777e+14,8.64796e+16,5.78234e+22,2.89704e+09
8.17958e+06,199360,2.90571e+07,4.57728e+26,1.62244e+29,5.67014e+10,0.00495668,4.16982e+36,0.03468,0.0819261,348.975,5.77625e-33,6.74914e+15,7.95446e+16,1.79762e+14,8.64735e+16,5.85068e+22,2.89685e+09
8.22958e+06,199350,2.90565e+07,4.6616e+26,1.65186e+29,5.70471e+10,0.00495687,4.16893e+36,0.03468,0.0819152,348.811,5.77033e-33,6.7486e+15,7.95391e+16,1.79747e+14,8.64674e+16,5.91936e+22,2.89667e+09
8.27958e+06,199341,2.90559e+07,4.74694e+26,1.68163e+29,5.73927e+10,0.00495707,4.16803e+36,0.03468,0.0819042,348.647,5.76437e-33,6.74805e+15,7.95335e+16,1.79732e+14,8.64613e+16,5.98839e+22,2.89649e+09
8.32958e+06,199331,2.90552e+07,4.83332e+26,1.71175e+29,5.77384e+10,0.00495727,4.16712e+36,0.03468,0.0818932,348.481,5.75839e-33,6.7475e+15,7.95279e+16,1.79716e+14,8.64551e+16,6.05777e+22,2.8963e+09
8.37958e+06,199321,2.90546e+07,4.92073e+26,1.74221e+29,5.8084e+10,0.00495748,4.16621e+36,0.03468,0.0818821,348.315,5.75238e-33,6.74694e+15,7.95223e+16,1.79701e+14,8.64489e+16,6.12748e+22,2.89611e+09
8.42958e+06,199311,2.9054e+07,5.0092e+26,1.77302e+29,5.84296e+10,0.00495768,4.1653e+36,0.03468,0.081871,348.148,5.74634e-33,6.74638e+15,7.95166e+16,1.79685e+14,8.64427e+16,6.19754e+22,2.89593e+09
8.47958e+06,199301,2.90533e+07,5.09871e+26,1.80419e+29,5.87752e+10,0.00495788,4.16438e+36,0.03468,0.0818598,347.98,5.74026e-33,6.74582e+15,7.95109e+16,1.7967e+14,8.64364e+16,6.26794e+22,2.89574e+09
8.52958e+06,199291,2.90527e+07,5.18928e+26,1.8357e+29,5.91208e+10,0.00495809,4.16346e+36,0.03468,0.0818485,347.811,5.73416e-33,6.74526e+15,7.95052e+16,1.79654e+14,8.64301e+16,6.33868e+22,2.89555e+09
8.57958e+06,199281,2.90521e+07,5.28091e+26,1.86758e+29,5.94664e+10,0.0049583,4.16253e+36,0.03468,0.0818372,347.641,5.72803e-33,6.74469e+15,7.94994e+16,1.79638e+14,8.64237e+16,6.40976e+22,2.89536e+09
8.62958e+06,199271,2.90514e+07,5.37362e+26,1.8998e+29,5.98119e+10,0.0049585,4.16159e+36,0.03468,0.0818257,347.47,5.72187e-33,6.74412e+15,7.94936e+16,1.79622e+14,8.64173e+16,6.48117e+22,2.89517e+09
8.67958e+06,199261,2.90508e+07,5.4674e+26,1.93239e+29,6.01574e+10,0.00495871,4.16065e+36,0.03468,0.0818143,347.299,5.71568e-33,6.74354e+15,7.94878e+16,1.79606e+14,8.64109e+16,6.55291e+22,2.89497e+09
8.72958e+06,199251,2.90501e+07,5.56226e+26,1.96533e+29,6.05029e+10,0.00495892,4.15971e+36,0.03468,0.0818027,347.126,5.70947e-33,6.74297e+15,7.94819e+16,1.7959e+14,8.64045e+16,6.625e+22,2.89478e+09
8.77958e+06,199240,2.90495e+07,5.65821e+26,1.99864e+29,6.08484e+10,0.00495913,4.15875e+36,0.03468,0.0817911,346.952,5.70322e-33,6.74239e+15,7.9476e+16,1.79574e+14,8.6398e+16,6.69741e+22,2.89459e+09
8.82958e+06,199230,2.90488e+07,5.75525e+26,2.03231e+29,6.11939e+10,0.00495935,4.1578e+36,0.03468,0.0817795,346.778,5.69695e-33,6.7418e+15,7.94701e+16,1.79558e+14,8.63914e+16,6.77015e+22,2.89439e+09
8.87958e+06,199220,2.90482e+07,5.85339e+26,2.06634e+29,6.15394e+10,0.00495956,4.15684e+36,0.03468,0.0817677,346.603,5.69064e-33,6.74121e+15,7.94641e+16,1.79541e+14,8.63849e+16,6.84323e+22,2.89419e+09
8.92958e+06,199209,2.90475e+07,5.95264e+26,2.10074e+29,6.18848e+10,0.00495978,4.15587e+36,0.03468,0.081756,346.426,5.68431e-33,6.74062e+15,7.94581e+16,1.79525e+14,8.63783e+16,6.91663e+22,2.89399e+09
8.97958e+06,199199,2.90468e+07,6.05301e+26,2.13551e+29,6.22302e+10,0.00495999,4.1549e+36,0.03468,0.0817441,346.249,5.67795e-33,6.74003e+15,7.94521e+16,1.79508e+14,8.63716e+16,6.99036e+22,2.89379e+09
9.02958e+06,199188,2.90461e+07,6.15449e+26,2.17064e+29,6.25756e+10,0.00496021,4.15392e+36,0.03468,0.0817322,346.071,5.67156e-33,6.73943e+15,7.9446e+16,1.79492e+14,8.63649e+16,7.06441e+22,2.89359e+09
9.07958e+06,199177,2.90455e+07,6.25709e+26,2.20615e+29,6.2921e+10,0.00496043,4.15294e+36,0.03468,0.0817202,345.892,5.66514e-33,6.73883e+15,7.94399e+16,1.79475e+14,8.63582e+16,7.13879e+22,2.89339e+09
9.12958e+06,199167,2.90448e+07,6.36083e+26,2.24203e+29,6.32664e+10,0.00496065,4.15195e+36,0.03468,0.0817081,345.713,5.6587e-33,6.73823e+15,7.94338e+16,1.79458e+14,8.63515e+16,7.21349e+22,2.89319e+09
9.17958e+06,199156,2.90441e+07,6.4657e+26,2.27829e+29,6.36117e+10,0.00496087,4.15096e+36,0.03468,0.081696,345.532,5.65222e-33,6.73762e+15,7.94276e+16,1.79441e+14,8.63447e+16,7.28852e+22,2.89299e+09
9.22958e+06,199145,2.90434e+07,6.57172e+26,2.31492e+29,6.3957e+10,0.00496109,4.14996e+36,0.03468,0.0816838,345.35,5.64572e-33,6.73701e+15,7.94214e+16,1.79424e+14,8.63378e+16,7.36386e+22,2.89278e+09
9.27958e+06,199134,2.90427e+07,6.67888e+26,2.35193e+29,6.43023e+10,0.00496132,4.14896e+36,0.03468,0.0816716,345.168,5.63919e-33,6.7364e+15,7.94152e+16,1.79407e+14,8.6331e+16,7.43952e+22,2.89257e+09
9.32958e+06,199123,2.9042e+07,6.7872e+26,2.38932e+29,6.46476e+10,0.00496154,4.14795e+36,0.03468,0.0816593,344.984,5.63264e-33,6.73578e+15,7.94089e+16,1.7939e+14,8.63241e+16,7.5155e+22,2.89237e+09
9.37958e+06,199112,2.90413e+07,6.89668e+26,2.42708e+29,6.49929e+10,0.00496177,4.14694e+36,0.03468,0.0816469,344.8,5.62605e-33,6.73516e+15,7.94026e+16,1.79373e+14,8.63171e+16,7.5918e+22,2.89216e+09
9.42958e+06,199101,2.90406e+07,7.00733e+26,2.46523e+29,6.53382e+10,0.00496199,4.14592e+36,0.03468,0.0816345,344.615,5.61944e-33,6.73454e+15,7.93963e+16,1.79355e+14,8.63102e+16,7.66841e+22,2.89195e+09
9.47958e+06,199090,2.90399e+07,7.11915e+26,2.50377e+29,6.56834e+10,0.00496222,4.1449e+36,0.03468,0.081622,344.429,5.6128e-33,6.73391e+15,7.93899e+16,1.79338e+14,8.63032e+16,7.74533e+22,2.89174e+09
9.52958e+06,199079,2.90392e+07,7.23215e+26,2.54269e+29,6.60286e+10,0.00496245,4.14387e+36,0.03468,0.0816094,344.242,5.60614e-33,6.73328e+15,7.93835e+16,1.7932e+14,8.62961e+16,7.82257e+22,2.89153e+09
9.57958e+06,199068,2.90385e+07,7.34634e+26,2.58199e+29,6.63738e+10,0.00496268,4.14284e+36,0.03468,0.0815968,344.054,5.59945e-33,6.73265e+15,7.93771e+16,1.79303e+14,8.6289e+16,7.90011e+22,2.89132e+09
9.62958e+06,199056,2.90378e+07,7.46172e+26,2.62169e+29,6.6719e+10,0.00496292,4.1418e+36,0.03468,0.0815841,343.866,5.59273e-33,6.73201e+15,7.93706e+16,1.79285e+14,8.62819e+16,7.97797e+22,2.8911e+09
9.67958e+06,199045,2.90371e+07,7.5783e+26,2.66177e+29,6.70641e+10,0.00496315,4.14075e+36,0.03468,0.0815713,343.676,5.58598e-33,6.73137e+15,7.93641e+16,1.79267e+14,8.62748e+16,8.05613e+22,2.89089e+09
9.72958e+06,199034,2.90363e+07,7.69608e+26,2.70225e+29,6.74093e+10,0.00496338,4.1397e+36,0.03468,0.0815585,343.486,5.57921e-33,6.73073e+15,7.93576e+16,1.79249e+14,8.62676e+16,8.1346e+22,2.89067e+09
9.77958e+06,199022,2.90356e+07,7.81507e+26,2.74312e+29,6.77544e+10,0.00496362,4.13865e+36,0.03468,0.0815456,343.294,5.57241e-33,6.73008e+15,7.9351e+16,1.79231e+14,8.62604e+16,8.21337e+22,2.89045e+09
9.82958e+06,199011,2.90349e+07,7.93527e+26,2.78439e+29,6.80995e+10,0.00496386,4.13759e+36,0.03468,0.0815327,343.102,5.56558e-33,6.72943e+15,7.93444e+16,1.79213e+14,8.62531e+16,8.29245e+22,2.89024e+09
9.87958e+06,198999,2.90341e+07,8.0567e+26,2.82605e+29,6.84445e+10,0.0049641,4.13653e+36,0.03468,0.0815197,342.909,5.55873e-33,6.72878e+15,7.93378e+16,1.79195e+14,8.62458e+16,8.37182e+22,2.89002e+09
9.92958e+06,198987,2.90334e+07,8.17936e+26,2.8681e+29,6.87896e+10,0.00496433,4.13546e+36,0.03468,0.0815066,342.715,5.55185e-33,6.72812e+15,7.93312e+16,1.79177e+14,8.62385e+16,8.4515e+22,2.8898e+09
9.97958e+06,198976,2.90327e+07,8.30325e+26,2.91056e+29,6.91346e+10,0.00496458,4.13438e+36,0.03468,0.0814935,342.521,5.54495e-33,6.72746e+15,7.93245e+16,1.79158e+14,8.62311e+16,8.53148e+22,2.88958e+09
1.00296e+07,198964,2.90319e+07,8.42838e+26,2.95342e+29,6.94796e+10,0.00496482,4.1333e+36,0.03468,0.0814802,342.325,5.53802e-33,6.7268e+15,7.93177e+16,1.7914e+14,8.62237e+16,8.61175e+22,2.88935e+09
1.00796e+07,198952,2.90312e+07,8.55476e+26,2.99668e+29,6.98246e+10,0.00496506,4.13222e+36,0.03468,0.081467,342.129,5.53106e-33,6.72614e+15,7.9311e+16,1.79121e+14,8.62162e+16,8.69232e+22,2.88913e+09
1.01296e+07,198940,2.90304e+07,8.68239e+26,3.04034e+29,7.01696e+10,0.00496531,4.13113e+36,0.03468,0.0814536,341.931,5.52408e-33,6.72547e+15,7.93042e+16,1.79103e+14,8.62087e+16,8.77319e+22,2.88891e+09
1.01796e+07,198928,2.90296e+07,8.81128e+26,3.08441e+29,7.05146e+10,0.00496555,4.13003e+36,0.03468,0.0814403,341.733,5.51707e-33,6.72479e+15,7.92973e+16,1.79084e+14,8.62012e+16,8.85434e+22,2.88868e+09
1.02296e+07,198916,2.90289e+07,8.94143e+26,3.12889e+29,7.08595e+10,0.0049658,4.12893e+36,0.03468,0.0814268,341.534,5.51004e-33,6.72412e+15,7.92905e+16,1.79065e+14,8.61937e+16,8.93579e+22,2.88845e+09
1.02796e+07,198904,2.90281e+07,9.07286e+26,3.17377e+29,7.12044e+10,0.00496605,4.12783e+36,0.03468,0.0814133,341.334,5.50298e-33,6.72344e+15,7.92836e+16,1.79046e+14,8.61861e+16,9.01753e+22,2.88822e+09
1.03296e+07,198892,2.90273e+07,9.20556e+26,3.21906e+29,7.15493e+10,0.00496629,4.12672e+36,0.03468,0.0813997,341.133,5.49589e-33,6.72276e+15,7.92767e+16,1.79027e+14,8.61785e+16,9.09956e+22,2.888e+09
1.03796e+07,198880,2.90266e+07,9.33954e+26,3.26477e+29,7.18942e+10,0.00496655,4.1256e+36,0.03468,0.081386,340.932,5.48878e-33,6.72207e+15,7.92697e+16,1.79008e+14,8.61708e+16,9.18187e+22,2.88777e+09
1.04296e+07,198868,2.90258e+07,9.47481e+26,3.31088e+29,7.2239e+10,0.0049668,4.12448e+36,0.03468,0.0813723,340.729,5.48165e-33,6.72139e+15,7.92627e+16,1.78989e+14,8.61631e+16,9.26447e+22,2.88753e+09
1.04796e+07,198855,2.9025e+07,9.61138e+26,3.35741e+29,7.25838e+10,0.00496705,4.12336e+36,0.03468,0.0813586,340.526,5.47449e-33,6.72069e+15,7.92557e+16,1.7897e+14,8.61554e+16,9.34736e+22,2.8873e+09
1.05296e+07,198843,2.90242e+07,9.74925e+26,3.40436e+29,7.29286e+10,0.0049673,4.12223e+36,0.03468,0.0813447,340.322,5.46731e-33,6.72e+15,7.92486e+16,1.78951e+14,8.61476e+16,9.43052e+22,2.88707e+09
1.05796e+07,198831,2.90234e+07,9.88842e+26,3.45172e+29,7.32734e+10,0.00496756,4.12109e+36,0.03468,0.0813308,340.117,5.4601e-33,6.7193e+15,7.92415e+16,1.78931e+14,8.61398e+16,9.51397e+22,2.88683e+09
1.06296e+07,198818,2.90227e+07,1.00289e+27,3.4995e+29,7.36182e+10,0.00496782,4.11995e+36,0.03468,0.0813168,339.911,5.45287e-33,6.7186e+15,7.92344e+16,1.78912e+14,8.61319e+16,9.5977e+22,2.8866e+09
1.06796e+07,198806,2.90219e+07,1.01707e+27,3.5477e+29,7.39629e+10,0.00496807,4.1188e+36,0.03468,0.0813028,339.704,5.44561e-33,6.7179e+15,7.92273e+16,1.78892e+14,8.61241e+16,9.6817e+22,2.88636e+09
1.07296e+07,198793,2.90211e+07,1.03138e+27,3.59632e+29,7.43077e+10,0.00496833,4.11765e+36,0.03468,0.0812887,339.496,5.43833e-33,6.71719e+15,7.92201e+16,1.78872e+14,8.61161e+16,9.76598e+22,2.88612e+09
1.07796e+07,198781,2.90203e+07,1.04583e+27,3.64536e+29,7.46523e+10,0.00496859,4.1165e+36,0.03468,0.0812746,339.288,5.43102e-33,6.71648e+15,7.92129e+16,1.78852e+14,8.61082e+16,9.85054e+22,2.88589e+09
1.08296e+07,198768,2.90194e+07,1.06041e+27,3.69482e+29,7.4997e+10,0.00496885,4.11534e+36,0.03468,0.0812603,339.079,5.42369e-33,6.71576e+15,7.92056e+16,1.78833e+14,8.61002e+16,9.93537e+22,2.88565e+09
1.08796e+07,198755,2.90186e+07,1.07513e+27,3.74471e+29,7.53417e+10,0.00496912,4.11417e+36,0.03468,0.0812461,338.869,5.41634e-33,6.71505e+15,7.91983e+16,1.78813e+14,8.60922e+16,1.00205e+23,2.88541e+09
1.09296e+07,198742,2.90178e+07,1.08997e+27,3.79503e+29,7.56863e+10,0.00496938,4.113e+36,0.03468,0.0812317,338.658,5.40896e-33,6.71433e+15,7.9191e+16,1.78793e+14,8.60841e+16,1.01058e+23,2.88516e+09
1.09796e+07,198730,2.9017e+07,1.10496e+27,3.84577e+29,7.60309e+10,0.00496965,4.11182e+36,0.03468,0.0812173,338.446,5.40156e-33,6.7136e+15,7.91836e+16,1.78772e+14,8.6076e+16,1.01915e+23,2.88492e+09
1.10296e+07,198717,2.90162e+07,1.12008e+27,3.89694e+29,7.63755e+10,0.00496991,4.11064e+36,0.03468,0.0812028,338.233,5.39414e-33,6.71288e+15,7.91763e+16,1.78752e+14,8.60679e+16,1.02774e+23,2.88468e+09
1.10796e+07,198704,2.90154e+07,1.13534e+27,3.94855e+29,7.67201e+10,0.00497018,4.10946e+36,0.03468,0.0811883,338.02,5.38669e-33,6.71214e+15,7.91688e+16,1.78732e+14,8.60597e+16,1.03636e+23,2.88443e+09
1.11296e+07,198691,2.90145e+07,1.15073e+27,4.00058e+29,7.70646e+10,0.00497045,4.10827e+36,0.03468,0.0811737,337.806,5.37922e-33,6.71141e+15,7.91614e+16,1.78711e+14,8.60515e+16,1.045e+23,2.88418e+09
1.11796e+07,198678,2.90137e+07,1.16627e+27,4.05305e+29,7.74091e+10,0.00497072,4.10707e+36,0.03468,0.081159,337.591,5.37172e-33,6.71068e+15,7.91539e+16,1.78691e+14,8.60433e+16,1.05367e+23,2.88394e+09
1.12296e+07,198664,2.90129e+07,1.18194e+27,4.10595e+29,7.77536e+10,0.00497099,4.10587e+36,0.03468,0.0811443,337.375,5.36421e-33,6.70994e+15,7.91464e+16,1.7867e+14,8.6035e+16,1.06237e+23,2.88369e+09
1.12796e+07,198651,2.9012e+07,1.19775e+27,4.15928e+29,7.80981e+10,0.00497126,4.10466e+36,0.03468,0.0811295,337.158,5.35667e-33,6.70919e+15,7.91388e+16,1.7865e+14,8.60267e+16,1.07109e+23,2.88344e+09
1.13296e+07,198638,2.90112e+07,1.2137e+27,4.21306e+29,7.84425e+10,0.00497154,4.10345e+36,0.03468,0.0811147,336.941,5.3491e-33,6.70845e+15,7.91313e+16,1.78629e+14,8.60183e+16,1.07984e+23,2.88319e+09
1.13796e+07,198625,2.90103e+07,1.22979e+27,4.26727e+29,7.8787e+10,0.00497181,4.10224e+36,0.03468,0.0810998,336.722,5.34152e-33,6.7077e+15,7.91236e+16,1.78608e+14,8.60099e+16,1.08861e+23,2.88294e+09
1.14296e+07,198611,2.90095e+07,1.24602e+27,4.32192e+29,7.91314e+10,0.00497209,4.10101e+36,0.03468,0.0810848,336.503,5.33391e-33,6.70694e+15,7.9116e+16,1.78587e+14,8.60015e+16,1.09741e+23,2.88268e+09
1.14796e+07,198598,2.90086e+07,1.26239e+27,4.37701e+29,7.94758e+10,0.00497236,4.09979e+36,0.03468,0.0810698,336.283,5.32628e-33,6.70619e+15,7.91083e+16,1.78566e+14,8.59931e+16,1.10623e+23,2.88243e+09
1.15296e+07,198584,2.90078e+07,1.27891e+27,4.43254e+29,7.98201e+10,0.00497264,4.09856e+36,0.03468,0.0810547,336.062,5.31863e-33,6.70543e+15,7.91006e+16,1.78545e+14,8.59846e+16,1.11508e+23,2.88217e+09
1.15796e+07,198571,2.90069e+07,1.29557e+27,4.48852e+29,8.01644e+10,0.00497292,4.09732e+36,0.03468,0.0810395,335.841,5.31095e-33,6.70467e+15,7.90929e+16,1.78524e+14,8.5976e+16,1.12396e+23,2.88151e+09
1.16296e+07,198557,2.9006e+07,1.31237e+27,4.54494e+29,8.05088e+10,0.0049732,4.09608e+36,0.03468,0.0810243,335.618,5.30326e-33,6.7039e+15,7.90851e+16,1.78502e+14,8.59675e+16,1.13285e+23,2.88005e+09
1.16796e+07,198544,2.90052e+07,1.32931e+27,4.6018e+29,8.0853e+10,0.00497349,4.09484e+36,0.03468,0.081009,335.395,5.29554e-33,6.70313e+15,7.90773e+16,1.78481e+14,8.59589e+16,1.14178e+23,2.87725e+09
1.17296e+07,198530,2.90043e+07,1.3464e+27,4.65912e+29,8.11973e+10,0.00497377,4.09359e+36,0.03468,0.0809936,335.171,5.2878e-33,6.70236e+15,7.90694e+16,1.78459e+14,8.59502e+16,1.15073e+23,2.87237e+09
1.17796e+07,198516,2.90034e+07,1.36364e+27,4.71688e+29,8.15415e+10,0.00497405,4.09233e+36,0.03468,0.0809782,334.946,5.28003e-33,6.70159e+15,7.90615e+16,1.78438e+14,8.59416e+16,1.1597e+23,2.86437e+09
1.18296e+07,198502,2.90025e+07,1.38102e+27,4.77509e+29,8.18858e+10,0.00497434,4.09107e+36,0.03468,0.0809628,334.721,5.27225e-33,6.70081e+15,7.90536e+16,1.78416e+14,8.59329e+16,1.1687e+23,2.85176e+09
1.18796e+07,198488,2.90017e+07,1.39854e+27,4.83375e+29,8.223e+10,0.00497463,4.0898e+36,0.03468,0.0809472,334.494,5.26445e-33,6.70003e+15,7.90457e+16,1.78394e+14,8.59241e+16,1.17772e+23,2.83238e+09
1.19296e+07,198474,2.90008e+07,1.41622e+27,4.89286e+29,8.25741e+10,0.00497492,4.08853e+36,0.03468,0.0809316,334.267,5.25662e-33,6.69924e+15,7.90377e+16,1.78373e+14,8.59153e+16,1.18676e+23,2.80301e+09
1.19796e+07,198460,2.89999e+07,1.43404e+27,4.95243e+29,8.29183e+10,0.00497521,4.08726e+36,0.03468,0.080916,334.039,5.24877e-33,6.69845e+15,7.90297e+16,1.78351e+14,8.59065e+16,1.19583e+23,2.75901e+09
1.20296e+07,198446,2.8999e+07,1.45201e+27,5.01244e+29,8.32624e+10,0.0049755,4.08598e+36,0.03468,0.0809002,333.81,5.24091e-33,6.69766e+15,7.90217e+16,1.78329e+14,8.58977e+16,1.20492e+23,2.69821e+09
1.20796e+07,198432,2.89981e+07,1.47013e+27,5.07292e+29,8.36065e+10,0.00497579,4.08469e+36,0.03468,0.0808844,333.581,5.23302e-33,6.69687e+15,7.90136e+16,1.78307e+14,8.58888e+16,1.21404e+23,2.62884e+09
1.21296e+07,198418,2.89972e+07,1.48839e+27,5.13385e+29,8.39505e+10,0.00497608,4.0834e+36,0.03468,0.0808686,333.35,5.22511e-33,6.69607e+15,7.90055e+16,1.78284e+14,8.58799e+16,1.22318e+23,2.55178e+09
1.21796e+07,198404,2.89963e+07,1.50681e+27,5.19524e+29,8.42946e+10,0.00497638,4.08211e+36,0.03468,0.0808527,333.119,5.21718e-33,6.69527e+15,7.89974e+16,1.78262e+14,8.58709e+16,1.23234e+23,2.46792e+09
1.22296e+07,198389,2.89954e+07,1.52538e+27,5.25708e+29,8.46386e+10,0.00497667,4.08081e+36,0.03468,0.0808367,332.887,5.20923e-33,6.69447e+15,7.89892e+16,1.7824e+14,8.58619e+16,1.24152e+23,2.37819e+09
1.22796e+07,198375,2.89944e+07,1.5441e+27,5.31939e+29,8.49826e+10,0.00497697,4.0795e+36,0.03468,0.0808207,332.654,5.20126e-33,6.69366e+15,7.8981e+16,1.78217e+14,8.58529e+16,1.25073e+23,2.28354e+09
1.23296e+07,198361,2.89935e+07,1.56297e+27,5.38216e+29,8.53266e+10,0.00497727,4.07819e+36,0.03468,0.0808046,332.421,5.19327e-33,6.69285e+15,7.89728e+16,1.78195e+14,8.58438e+16,1.25996e+23,2.18493e+09
1.23796e+07,198346,2.89926e+07,1.58199e+27,5.44539e+29,8.56705e+10,0.00497757,4.07688e+36,0.03468,0.0807884,332.186,5.18525e-33,6.69204e+15,7.89645e+16,1.78172e+14,8.58347e+16,1.26921e+23,2.08333e+09
1.24296e+07,198332,2.89917e+07,1.60117e+27,5.50908e+29,8.60144e+10,0.00497787,4.07556e+36,0.03468,0.0807722,331.951,5.17722e-33,6.69122e+15,7.89562e+16,1.78149e+14,8.58256e+16,1.27848e+23,1.97967e+09
1.24796e+07,198317,2.89908e+07,1.6205e+27,5.57323e+29,8.63583e+10,0.00497817,4.07423e+36,0.03468,0.0807559,331.715,5.16917e-33,6.6904e+15,7.89479e+16,1.78126e+14,8.58164e+16,1.28778e+23,1.87483e+09
1.25296e+07,198303,2.89898e+07,1.63998e+27,5.63786e+29,8.67022e+10,0.00497847,4.07291e+36,0.03468,0.0807396,331.479,5.1611e-33,6.68958e+15,7.89395e+16,1.78104e+14,8.58072e+16,1.2971e+23,1.76967e+09
1.25796e+07,198288,2.89889e+07,1.65962e+27,5.70295e+29,8.70461e+10,0.00497878,4.07157e+36,0.03468,0.0807232,331.241,5.15301e-33,6.68875e+15,7.89311e+16,1.78081e+14,8.57979e+16,1.30644e+23,1.66496e+09
1.26296e+07,198273,2.89879e+07,1.67941e+27,5.7685e+29,8.73899e+10,0.00497908,4.07023e+36,0.03468,0.0807067,331.003,5.1449e-33,6.68792e+15,7.89227e+16,1.78057e+14,8.57886e+16,1.3158e+23,1.56143e+09
1.26796e+07,198258,2.8987e+07,1.69936e+27,5.83453e+29,8.77337e+10,0.00497939,4.06889e+36,0.03468,0.0806902,330.764,5.13678e-33,6.68709e+15,7.89142e+16,1.78034e+14,8.57793e+16,1.32518e+23,1.45972e+09
1.27296e+07,198243,2.89861e+07,1.71947e+27,5.90102e+29,8.80774e+10,0.0049797,4.06754e+36,0.03468,0.0806736,330.524,5.12863e-33,6.68625e+15,7.89057e+16,1.78011e+14,8.577e+16,1.33459e+23,1.36041e+09
1.27796e+07,198228,2.89851e+07,1.73973e+27,5.96799e+29,8.84212e+10,0.00498001,4.06619e+36,0.03468,0.0806569,330.284,5.12046e-33,6.68542e+15,7.88972e+16,1.77988e+14,8.57606e+16,1.34401e+23,1.26397e+09
1.28296e+07,198213,2.89842e+07,1.76015e+27,6.03542e+29,8.87649e+10,0.00498032,4.06483e+36,0.03468,0.0806402,330.043,5.11228e-33,6.68457e+15,7.88886e+16,1.77964e+14,8.57512e+16,1.35346e+23,1.17084e+09
1.28796e+07,198198,2.89832e+07,1.78073e+27,6.10333e+29,8.91086e+10,0.00498063,4.06346e+36,0.03468,0.0806234,329.801,5.10407e-33,6.68373e+15,7.888e+16,1.77941e+14,8.57417e+16,1.36292e+23,1.08134e+09
1.29296e+07,198183,2.89822e+07,1.80146e+27,6.17172e+29,8.94522e+10,0.00498094,4.0621e+36,0.03468,0.0806066,329.558,5.09585e-33,6.68288e+15,7.88714e+16,1.77917e+14,8.57322e+16,1.37241e+23,9.95752e+08
1.29796e+07,198168,2.89813e+07,1.82236e+27,6.24057e+29,8.97959e+10,0.00498126,4.06072e+36,0.03468,0.0805897,329.314,5.08761e-33,6.68203e+15,7.88628e+16,1.77893e+14,8.57227e+16,1.38192e+23,9.14273e+08
1.30296e+07,198153,2.89803e+07,1.84342e+27,6.30991e+29,9.01395e+10,0.00498157,4.05935e+36,0.03468,0.0805727,329.07,5.07935e-33,6.68117e+15,7.88541e+16,1.7787e+14,8.57131e+16,1.39144e+23,8.37041e+08
1.30796e+07,198138,2.89793e+07,1.86464e+27,6.37972e+29,9.04831e+10,0.00498189,4.05796e+36,0.03468,0.0805557,328.825,5.07107e-33,6.68032e+15,7.88453e+16,1.77846e+14,8.57035e+16,1.40099e+23,7.64136e+08
1.31296e+07,198122,2.89783e+07,1.88601e+27,6.45001e+29,9.08266e+10,0.00498221,4.05658e+36,0.03468,0.0805386,328.579,5.06278e-33,6.67945e+15,7.88366e+16,1.77822e+14,8.56939e+16,1.41056e+23,6.95588e+08
1.32628e+07,198081,2.89757e+07,1.94377e+27,6.63963e+29,9.17419e+10,0.00498306,4.05286e+36,0.03468,0.0804928,327.92,5.04059e-33,6.67715e+15,7.88131e+16,1.77757e+14,8.5668e+16,1.43615e+23,6.31381e+08
1.35552e+07,197990,2.89699e+07,2.0746e+27,7.06782e+29,9.375e+10,0.00498496,4.04457e+36,0.03468,0.0803907,326.456,4.99145e-33,6.672e+15,7.87607e+16,1.77614e+14,8.56104e+16,1.49278e+23,5.71459e+08
1.4106e+07,197811,2.89585e+07,2.33665e+27,7.91977e+29,9.75302e+10,0.00498865,4.02853e+36,0.03468,0.0801926,323.63,4.89734e-33,6.66199e+15,7.86591e+16,1.77336e+14,8.54984e+16,1.60112e+23,5.15731e+08
1.50274e+07,197498,2.89386e+07,2.82247e+27,9.48036e+29,1.03847e+11,0.00499516,4.00041e+36,0.03468,0.0798447,318.711,4.73583e-33,6.64439e+15,7.84801e+16,1.76847e+14,8.53014e+16,1.78668e+23,4.64081e+08
1.64362e+07,196980,2.89056e+07,3.68726e+27,1.22023e+30,1.13484e+11,0.00500591,3.95442e+36,0.03468,0.0792735,310.752,4.48078e-33,6.6154e+15,7.81854e+16,1.76043e+14,8.49768e+16,2.07856e+23,4.16367e+08
1.8451e+07,196162,2.88535e+07,5.20336e+27,1.68202e+30,1.2722e+11,0.00502298,3.8826e+36,0.03468,0.0783761,298.541,4.10431e-33,6.56964e+15,7.77201e+16,1.74777e+14,8.44645e+16,2.50601e+23,3.72431e+08
2.11972e+07,194900,2.8773e+07,7.85954e+27,2.45066e+30,1.45846e+11,0.00504948,3.77398e+36,0.03468,0.0770064,280.576,3.58292e-33,6.49936e+15,7.70046e+16,1.72834e+14,8.36768e+16,3.08852e+23,3.32101e+08
2.48167e+07,192986,2.86504e+07,1.25385e+28,3.70224e+30,1.70197e+11,0.00509021,3.61384e+36,0.03468,0.074959,255.192,2.91128e-33,6.39332e+15,7.59235e+16,1.69908e+14,8.24867e+16,3.81257e+23,2.95194e+08
2.94795e+07,190114,2.84654e+07,2.08309e+28,5.67053e+30,2.01185e+11,0.00515259,3.38371e+36,0.03468,0.0719548,220.988,2.12457e-33,6.23556e+15,7.43109e+16,1.65562e+14,8.0712e+16,4.58959e+23,2.61523e+08
3.44795e+07,186556,2.8234e+07,3.29577e+28,8.1179e+30,2.33859e+11,0.00523227,3.11446e+36,0.03468,0.0683396,184.337,1.42846e-33,6.04226e+15,7.23271e+16,1.60243e+14,7.85296e+16,5.13941e+23,2.30895e+08
3.94795e+07,182538,2.79695e+07,4.88394e+28,1.07564e+31,2.65878e+11,0.00532572,2.83052e+36,0.03468,0.0643973,149.56,9.03865e-34,5.82695e+15,7.01066e+16,1.54322e+14,7.60879e+16,5.34943e+23,2.03121e+08
4.44795e+07,178100,2.76732e+07,6.88315e+28,1.34164e+31,2.97165e+11,0.00543354,2.54037e+36,0.03468,0.0602114,118.056,5.38552e-34,5.59276e+15,6.76775e+16,1.47886e+14,7.34182e+16,5.23003e+23,1.7801e+08
4.94795e+07,173282,2.73466e+07,9.32223e+28,1.59456e+31,3.27649e+11,0.00555639,2.25181e+36,0.03468,0.055865,90.6901,3.02351e-34,5.34284e+15,6.50693e+16,1.41027e+14,7.05531e+16,4.8377e+23,1.55377e+08
5.44795e+07,168124,2.69911e+07,1.2223e+29,1.82275e+31,3.5727e+11,0.00569502,1.97165e+36,0.03468,0.0514386,67.8205,1.60047e-34,5.08046e+15,6.23121e+16,1.33836e+14,6.75264e+16,4.25595e+23,1.3504e+08
5.94795e+07,162673,2.66084e+07,1.56e+29,2.019e+31,3.85972e+11,0.00585031,1.70553e+36,0.03468,0.0470075,49.3897,7.9938e-35,4.80886e+15,5.94366e+16,1.26406e+14,6.43719e+16,3.57526e+23,1.16826e+08
6.44795e+07,156970,2.62003e+07,1.94608e+29,2.18046e+31,4.13706e+11,0.00602322,1.45777e+36,0.03468,0.0426399,35.0381,3.7702e-35,4.53121e+15,5.64734e+16,1.18826e+14,6.11234e+16,2.87699e+23,1.00567e+08
6.94795e+07,151062,2.57684e+07,2.38057e+29,2.30787e+31,4.40435e+11,0.00621484,1.23138e+36,0.03468,0.0383956,24.2233,1.68048e-35,4.25056e+15,5.3452e+16,1.11183e+14,5.78138e+16,2.22331e+23,8.61038e+07
7.44795e+07,144993,2.53146e+07,2.86282e+29,2.40454e+31,4.66125e+11,0.00642641,1.02813e+36,0.03468,0.0343249,16.3261,7.08476e-36,3.96976e+15,5.0401e+16,1.03556e+14,5.44744e+16,1.65358e+23,7.32858e+07
7.94795e+07,138806,2.48409e+07,3.39157e+29,2.47521e+31,4.90752e+11,0.0066593,8.48657e+35,0.03468,0.0304684,10.7315,2.82762e-36,3.69145e+15,4.73472e+16,9.60188e+13,5.11347e+16,1.18582e+23,6.19707e+07
8.44795e+07,132542,2.43489e+07,3.96491e+29,2.52507e+31,5.143e+11,0.00691502,6.92671e+35,0.03468,0.0268565,6.8825,1.06932e-36,3.41802e+15,4.43154e+16,8.8636e+13,4.7822e+16,8.21303e+22,5.20246e+07
8.94795e+07,126242,2.38408e+07,4.58045e+29,2.55906e+31,5.36759e+11,0.00719528,5.59131e+35,0.03468,0.0235104,4.30841,3.83511e-37,3.15155e+15,4.1328e+16,8.1465e+13,4.4561e+16,5.50225e+22,4.33227e+07
9.44795e+07,119943,2.33182e+07,5.23528e+29,2.5815e+31,5.58124e+11,0.00750196,4.46454e+35,0.03468,0.0204425,2.63363,1.30566e-37,2.89386e+15,3.84053e+16,7.45541e+13,4.13737e+16,3.57086e+22,3.57482e+07
9.94795e+07,113681,2.27831e+07,5.9261e+29,2.59586e+31,5.784e+11,0.00783716,3.52693e+35,0.03468,0.017657,1.57268,4.22334e-38,2.64644e+15,3.55648e+16,6.7943e+13,3.82792e+16,2.24829e+22,2.91929e+07
1.04479e+08,107487,2.22374e+07,6.64927e+29,2.60479e+31,5.97596e+11,0.00820318,2.75713e+35,0.03468,0.0151518,0.917809,1.29913e-38,2.41051e+15,3.28215e+16,6.16628e+13,3.52936e+16,1.37559e+22,2.35564e+07
1.09479e+08,101390,2.16826e+07,7.40087e+29,2.61018e+31,6.15725e+11,0.0086026,2.13323e+35,0.03468,0.0129187,0.523683,3.80372e-39,2.18697e+15,3.01876e+16,5.57364e+13,3.24303e+16,8.19451e+21,1.87458e+07
1.14479e+08,95417.3,2.11207e+07,8.1768e+29,2.61335e+31,6.32807e+11,0.00903828,1.63387e+35,0.03468,0.0109455,0.292255,1.06096e-39,1.9765e+15,2.7673e+16,5.01791e+13,2.96997e+16,4.76456e+21,1.46755e+07
1.19479e+08,89591.3,2.05532e+07,8.97282e+29,2.61518e+31,6.48866e+11,0.00951339,1.23901e+35,0.03468,0.00921633,0.159588,2.82157e-40,1.77949e+15,2.52851e+16,4.49994e+13,2.71096e+16,2.71297e+21,1.12665e+07
1.24479e+08,83931.8,1.99817e+07,9.78462e+29,2.61622e+31,6.63928e+11,0.0100314,9.30422e+34,0.03468,0.00771312,0.0852985,7.16037e-41,1.59611e+15,2.30292e+16,4.01992e+13,2.46655e+16,1.52009e+21,8.44614e+06
1.29479e+08,78455.6,1.94077e+07,1.06079e+30,2.61679e+31,6.78023e+11,0.0105963,6.91997e+34,0.03468,0.00641644,0.0446415,1.73527e-41,1.42635e+15,2.09083e+16,3.57754e+13,2.23704e+16,8.43916e+20,6.14772e+06
1.34479e+08,73176.6,1.88326e+07,1.14384e+30,2.61711e+31,6.91186e+11,0.0112124,5.09814e+34,0.03468,0.00530629,0.0228842,4.01878e-42,1.27e+15,1.89236e+16,3.172e+13,2.02253e+16,4.68809e+20,4.30971e+06
1.39479e+08,68105.6,1.82578e+07,1.2272e+30,2.61729e+31,7.0345e+11,0.0118845,3.72103e+34,0.03468,0.0043627,0.0114937,8.90036e-43,1.12674e+15,1.70747e+16,2.80212e+13,1.82294e+16,2.64009e+20,2.87544e+06
1.44479e+08,63251,1.76846e+07,1.31046e+30,2.61739e+31,7.14853e+11,0.0126181,2.69099e+34,0.03468,0.00356632,0.00565763,1.8861e-43,9.96086e+14,1.53597e+16,2.46642e+13,1.63804e+16,1.5304e+20,1.79247e+06
1.49479e+08,58618.6,1.7114e+07,1.39325e+30,2.61745e+31,7.25433e+11,0.013419,1.92844e+34,0.03468,0.00289878,0.00273,3.82647e-44,8.77493e+14,1.37755e+16,2.16319e+13,1.46746e+16,9.2645e+19,1.01196e+06
1.54479e+08,54211.9,1.65472e+07,1.4752e+30,2.61749e+31,7.35228e+11,0.0142942,1.36958e+34,0.03468,0.00234296,0.00129161,7.43535e-45,7.70329e+14,1.2318e+16,1.89053e+13,1.31072e+16,5.9088e+19,487830
1.59479e+08,50032.6,1.59851e+07,1.55598e+30,2.61752e+31,7.44278e+11,0.0152511,9.64026e+33,0.03468,0.00188316,0.000599261,1.38431e-45,6.73916e+14,1.09822e+16,1.64645e+13,1.16725e+16,3.96961e+19,189274
1.64479e+08,46080,1.54286e+07,1.63528e+30,2.61753e+31,7.52622e+11,0.0162982,6.72564e+33,0.03468,0.00150521,0.00027269,2.4701e-46,5.87543e+14,9.76249e+15,1.42889e+13,1.03643e+16,2.78519e+19,72718.8
1.69479e+08,42352.4,1.48786e+07,1.71282e+30,2.61754e+31,7.603e+11,0.0174449,4.65091e+33,0.03468,0.00119648,0.00012171,4.2249e-47,5.10483e+14,8.65289e+15,1.23579e+13,9.17574e+15,2.01512e+19,27012.8
1.74479e+08,38846.1,1.43358e+07,1.78835e+30,2.61755e+31,7.6735e+11,0.0187021,3.18791e+33,0.03468,0.000945831,5.3284e-05,6.92735e-48,4.42008e+14,7.64699e+15,1.06508e+13,8.09965e+15,1.48478e+19,9347.36
1.79479e+08,35556.5,1.38008e+07,1.86164e+30,2.61756e+31,7.73809e+11,0.0200818,2.16588e+33,0.03468,0.000743559,2.28807e-05,1.08878e-48,3.81403e+14,6.73821e+15,9.14767e+12,7.12876e+15,1.10315e+19,3861.62
1.84479e+08,32477.9,1.32742e+07,1.9325e+30,2.61756e+31,7.79716e+11,0.0215976,1.4585e+33,0.03468,0.0005813,9.63625e-06,1.64004e-49,3.27968e+14,5.91995e+15,7.82936e+12,6.25574e+15,8.20795e+18,1317.51
1.89479e+08,29603.7,1.27565e+07,2.00076e+30,2.61757e+31,7.85107e+11,0.0232652,9.73392e+32,0.03468,0.000451907,3.97966e-06,2.36682e-50,2.81036e+14,5.18559e+15,6.67754e+12,5.47331e+15,6.08887e+18,493.338
1.94479e+08,26926.6,1.22481e+07,2.06628e+30,2.61757e+31,7.90015e+11,0.0251023,6.43781e+32,0.03468,0.000349327,1.61134e-06,3.27086e-51,2.39969e+14,4.52868e+15,5.67498e+12,4.77432e+15,4.49128e+18,206.509
1.99479e+08,24438.9,1.17494e+07,2.12897e+30,2.61757e+31,7.94475e+11,0.027129,4.21889e+32,0.03468,0.000268481,6.39446e-07,4.3258e-52,2.04168e+14,3.9429e+15,4.80559e+12,4.15187e+15,3.28877e+18,196.266
2.04479e+08,22132.2,1.12606e+07,2.18872e+30,2.61757e+31,7.98519e+11,0.0293683,2.739e+32,0.03468,0.000205137,2.48616e-07,5.47035e-53,1.73072e+14,3.4222e+15,4.05447e+12,3.59933e+15,2.38838e+18,186.116
2.09479e+08,19998.1,1.0782e+07,2.24549e+30,2.61757e+31,8.02177e+11,0.031847,1.76127e+32,0.03468,0.000155799,9.46588e-08,6.60787e-54,1.46162e+14,2.96081e+15,3.40793e+12,3.11038e+15,1.71914e+18,176.491
2.14479e+08,18028.1,1.03138e+07,2.29923e+30,2.61758e+31,8.05479e+11,0.0345955,1.12147e+32,0.03468,0.000117599,3.52737e-08,7.61492e-55,1.22961e+14,2.55323e+15,2.85345e+12,2.67904e+15,1.22593e+18,166.994
2.19479e+08,16213.3,9.85617e+06,2.34994e+30,2.61758e+31,8.08577e+11,0.0376493,7.06869e+31,0.03468,8.82021e-05,1.28559e-08,8.35952e-56,1.03031e+14,2.19432e+15,2.3797e+12,2.29973e+15,8.65786e+17,158.008
2.24479e+08,14545.1,9.40911e+06,2.39761e+30,2.61758e+31,8.11608e+11,0.0410495,4.40885e+31,0.03468,6.57183e-05,4.57902e-09,8.72669e-57,8.59763e+13,1.87925e+15,1.97644e+12,1.96721e+15,6.05335e+17,149.175
2.29479e+08,13014.9,8.9727e+06,2.44227e+30,2.61758e+31,8.14572e+11,0.044844,2.71994e+31,0.03468,4.86307e-05,1.5924e-09,8.64535e-58,7.14368e+13,1.60356e+15,1.63449e+12,1.67663e+15,4.18856e+17,140.525
2.34479e+08,11614.4,8.54694e+06,2.48397e+30,2.61758e+31,8.17469e+11,0.0490892,1.65892e+31,0.03468,3.57286e-05,5.40099e-10,8.10871e-59,5.909e+13,1.3631e+15,1.34565e+12,1.42354e+15,2.86708e+17,132.376
2.39479e+08,10335.3,8.13181e+06,2.52274e+30,2.61758e+31,8.20298e+11,0.0538513,9.99718e+30,0.03468,2.60524e-05,1.7844e-10,7.18073e-60,4.8647e+13,1.15407e+15,1.10265e+12,1.20382e+15,1.94053e+17,124.425
2.44479e+08,9169.61,7.72724e+06,2.55867e+30,2.61758e+31,8.23059e+11,0.0592087,5.94877e+30,0.03468,1.88463e-05,5.73432e-11,5.98503e-61,3.98507e+13,9.72962e+14,8.9906e+11,1.01371e+15,1.29799e+17,116.692
2.49479e+08,8109.69,7.33315e+06,2.59183e+30,2.61758e+31,8.25751e+11,0.0652547,3.49259e+30,0.03468,1.35189e-05,1.78948e-11,4.67814e-62,3.24732e+13,8.16611e+14,7.29209e+11,8.49814e+14,8.57486e+16,109.198
2.54479e+08,7148.16,6.94941e+06,2.6223e+30,2.61758e+31,8.28375e+11,0.0721014,2.02144e+30,0.03468,9.61087e-06,5.41256e-12,3.41497e-63,2.63133e+13,6.82124e+14,5.88143e+11,7.09025e+14,5.59078e+16,102.186
2.59479e+08,6277.97,6.5759e+06,2.6502e+30,2.61758e+31,8.3093e+11,0.0798834,1.15222e+30,0.03468,6.76729e-06,1.5833e-12,2.31707e-64,2.11942e+13,5.66885e+14,4.71531e+11,5.8855e+14,3.59459e+16,95.4123
2.64479e+08,5492.39,6.21244e+06,2.67561e+30,2.61758e+31,8.33415e+11,0.0887647,6.4606e+29,0.03468,4.71615e-06,4.46813e-13,1.45329e-65,1.69611e+13,4.68538e+14,3.75613e+11,4.85874e+14,2.27689e+16,88.8909
2.69479e+08,4785.06,5.85888e+06,2.69866e+30,2.61758e+31,8.3583e+11,0.0989454,3.55881e+29,0.03468,3.25028e-06,1.21294e-13,8.3733e-67,1.34792e+13,3.84966e+14,2.97131e+11,3.98742e+14,1.41928e+16,82.6323
2.74479e+08,4149.93,5.51501e+06,2.71945e+30,2.61758e+31,8.38174e+11,0.110673,1.92296e+29,0.03468,2.21311e-06,3.1569e-14,4.39963e-68,1.06313e+13,3.14274e+14,2.3328e+11,3.25138e+14,8.69509e+15,76.6445
2.79479e+08,3581.32,5.18065e+06,2.73811e+30,2.61758e+31,8.40447e+11,0.124255,1.01744e+29,0.03468,1.48715e-06,7.8474e-15,2.09056e-69,8.31618e+12,2.5477e+14,1.81646e+11,2.63268e+14,5.22767e+15,70.9336
2.84479e+08,3073.88,4.85556e+06,2.75476e+30,2.61758e+31,8.42649e+11,0.140077,5.26054e+28,0.03468,9.84965e-07,1.8548e-15,0,6.44657e+12,2.04949e+14,1.40168e+11,2.11536e+14,3.07907e+15,65.5031
2.89479e+08,2622.56,4.53954e+06,2.76952e+30,2.61758e+31,8.44778e+11,0.158632,2.65157e+28,0.03468,6.42024e-07,4.14677e-16,0,4.94761e+12,1.63478e+14,1.07088e+11,1.68533e+14,1.77306e+15,60.2214
2.94479e+08,2222.68,4.23236e+06,2.78252e+30,2.61758e+31,8.46834e+11,0.180551,1.2993e+28,0.03468,4.11133e-07,8.71584e-17,0,3.75531e+12,1.29175e+14,8.09134e+10,1.33012e+14,9.95816e+14,55.2432
2.99479e+08,1869.82,3.93378e+06,2.79388e+30,2.61758e+31,8.48817e+11,0.206658,6.16901e+27,0.03468,2.58115e-07,1.70982e-17,0,2.81525e+12,1.01002e+14,6.03849e+10,1.03878e+14,5.43947e+14,50.5645
3.04479e+08,1559.88,3.64355e+06,2.80372e+30,2.61758e+31,8.50724e+11,0.238041,2.82684e+27,0.03468,1.58477e-07,3.10372e-18,0,2.08131e+12,7.80434e+13,4.44417e+10,8.01692e+13,2.87994e+14,46.0778
3.09479e+08,1289.04,3.36145e+06,2.81216e+30,2.61758e+31,8.52556e+11,0.276164,1.24425e+27,0.03468,9.48744e-08,5.15935e-19,0,1.51458e+12,5.94994e+13,3.21958e+10,6.10462e+13,1.47193e+14,41.8038
3.14479e+08,1053.73,3.08723e+06,2.81934e+30,2.61758e+31,8.5431e+11,0.323031,5.2302e+26,0.03468,5.51802e-08,7.75531e-20,0,1.08243e+12,4.46704e+13,2.29069e+10,4.57757e+13,7.22616e+13,37.8424
3.19479e+08,850.663,2.82065e+06,2.82536e+30,2.61758e+31,8.55986e+11,0.381449,2.08471e+26,0.03468,3.10404e-08,1.03784e-20,0,7.57614e+11,3.29478e+13,1.59619e+10,3.37214e+13,3.38673e+13,34.1052
3.24479e+08,676.762,2.56145e+06,2.83034e+30,2.61758e+31,8.57581e+11,0.45544,7.80943e+25,0.03468,1.6794e-08,1.21267e-21,0,5.17502e+11,2.38036e+13,1.08551e+10,2.43319e+13,1.50375e+13,30.6014
3.29479e+08,529.183,2.3094e+06,2.8344e+30,2.61758e+31,8.59095e+11,0.550938,2.71848e+25,0.03468,8.67718e-09,1.20693e-22,0,3.43448e+11,1.67813e+13,7.17277e+09,1.71319e+13,6.26399e+12,27.2759
3.34479e+08,405.286,2.06426e+06,2.83764e+30,2.61758e+31,8.60524e+11,0.676994,8.66534e+24,0.03468,4.24221e-09,9.90839e-24,0,2.20185e+11,1.1488e+13,4.57874e+09,1.17128e+13,2.41714e+12,24.2045
3.39479e+08,302.621,1.82578e+06,2.84017e+30,2.61758e+31,8.61867e+11,0.847979,2.48038e+24,0.03468,1.93852e-09,6.42937e-25,0,1.35316e+11,7.58697e+12,2.80211e+09,7.72509e+12,8.49584e+11,21.3369
3.44479e+08,218.915,1.59373e+06,2.84208e+30,2.61758e+31,8.63119e+11,1.08784,6.20736e+23,0.03468,8.14165e-10,3.11016e-26,0,7.88817e+10,4.79083e+12,1.62687e+09,4.87134e+12,2.65781e+11,18.6846
3.49479e+08,152.049,1.36788e+06,2.84349e+30,2.61758e+31,8.64278e+11,1.43896,1.30751e+23,0.03468,3.06865e-10,1.0322e-27,0,4.29692e+10,2.85595e+12,8.82834e+08,2.8998e+12,7.16117e+10,16.2179
3.54479e+08,100.046,1.14798e+06,2.84447e+30,2.61758e+31,8.65337e+11,1.98241,2.19052e+22,0.03468,1.00165e-10,2.07659e-29,0,2.13889e+10,1.57709e+12,4.37956e+08,1.59892e+12,1.58238e+10,13.9528
3.59479e+08,61.0503,933816,2.84511e+30,2.61758e+31,8.66292e+11,2.88997,2.66824e+21,0.03468,2.67614e-11,2.08125e-31,0,9.38999e+09,7.82834e+11,1.9175e+08,7.92416e+11,2.65311e+09,11.8983
3.64479e+08,33.2999,725147,2.8455e+30,2.61758e+31,8.67134e+11,4.58188,2.02343e+20,0.03468,5.30791e-12,7.40229e-34,0,3.41919e+09,3.31581e+11,6.97261e+07,3.3507e+11,2.95068e+08,10.0347
3.69479e+08,15.0976,521745,2.8457e+30,2.61758e+31,8.67853e+11,8.336,7.04057e+18,0.03468,6.44937e-13,4.79477e-37,0,9.14882e+08,1.08165e+11,1.86863e+07,1.09099e+11,1.67038e+07,8.35143
3.74479e+08,5.40011,323292,2.84578e+30,2.61758e+31,8.68379e+11,21.6734,5.67001e+16,0.03468,3.40061e-14,1.2525e-41,0,1.64888e+08,2.39727e+10,2.75467e+06,2.41404e+10,323613,6.84372
3.78066e+08,1.78024,183942,2.8458e+30,2.61758e+31,8.68715e+11,71.7422,2.03426e+14,0.03468,1.17485e-15,5.52192e-47,0,2.59409e+07,4.49658e+09,288681,4.52281e+09,3756.7,5.50982
3.80026e+08,0.604526,108827,2.8458e+30,2.61758e+31,8.68919e+11,211.463,1.05287e+12,0.03468,4.88811e-17,5.45671e-52,0,4.28755e+06,9.03385e+08,35370.4,9.07708e+08,53.628,4.33886
3.81009e+08,0.23578,71436.6,2.8458e+30,2.61758e+31,8.69027e+11,477.373,1.48789e+10,0.03468,3.53969e-18,4.89743e-56,0,892680,2.31285e+08,6567.09,2.32184e+08,1.52248,3.32725
3.81677e+08,0.0893906,46101.6,2.8458e+30,2.61758e+31,8.69091e+11,1121.3,1.77879e+08,0.03468,2.32773e-19,3.04572e-60,0,177285,5.65886e+07,1139.08,5.6767e+07,0.0380914,2.46823
3.8214e+08,0.031952,28571.9,2.8458e+30,2.61758e+31,8.6913e+11,2911.98,1.43459e+06,0.03468,1.22752e-20,7.98216e-65,0,31916.5,1.2536e+07,168.053,1.2568e+07,0.000719753,1.75562
3.82472e+08,0.0104625,16030.9,2.8458e+30,2.61758e+31,8.69153e+11,10074.5,4523.34,0.03468,3.98327e-22,2.64677e-70,0,4964.94,2.30311e+06,16.6539,2.30809e+06,7.66103e-06,1.18291
3.82482e+08,0.00987653,15650.3,2.8458e+30,2.61758e+31,8.69154e+11,10525,3540.22,0.03468,3.41561e-22,1.54893e-70,0,4510.17,2.1225e+06,15.1279,2.12702e+06,6.20162e-06,0.763874
3.82493e+08,0.00930383,15265.4,2.8458e+30,2.61758e+31,8.69154e+11,11013.1,2746.21,0.03468,2.91253e-22,0,0,4082.77,1.95025e+06,13.6938,1.95435e+06,4.98182e-06,0.484593
3.82503e+08,0.00874497,14876.3,2.8458e+30,2.61758e+31,8.69154e+11,11543.2,2110.35,0.03468,2.46894e-22,0,0,3682.27,1.78638e+06,12.35,1.79007e+06,3.96961e-06,0.305231
3.82513e+08,0.00821968,14497.1,2.8458e+30,2.61758e+31,8.69154e+11,12098.8,1621.73,0.03468,2.09292e-22,0,0,3321.06,1.63627e+06,11.1381,1.63961e+06,3.16307e-06,0.191593
3.82523e+08,0.00770887,14114.5,2.8458e+30,2.61758e+31,8.69154e+11,12702.5,1234.58,0.03468,1.76373e-22,0,0,2984.26,1.49409e+06,10.0082,1.49709e+06,2.50004e-06,0.119915
3.82533e+08,0.00721383,13729.4,2.8458e+30,2.61758e+31,8.69154e+11,13358.6,931.064,0.03468,1.47757e-22,0,0,2671.74,1.36e+06,8.95979,1.36268e+06,1.96003e-06,0.0750353
3.82544e+08,0.00673566,13342.5,2.8458e+30,2.61758e+31,8.69155e+11,14072.2,695.595,0.03468,1.23057e-22,0,0,2383.15,1.23407e+06,7.99171,1.23646e+06,1.52426e-06,0.0469479
3.82554e+08,0.00627529,12954.6,2.8458e+30,2.61758e+31,8.69155e+11,14848.8,514.816,0.03468,1.01883e-22,0,0,2117.91,1.11629e+06,7.10201,1.11842e+06,1.17579e-06,0.0293735
3.82564e+08,0.00583347,12566.3,2.8458e+30,2.61758e+31,8.69155e+11,15694.5,377.455,0.03468,8.38561e-23,0,0,1875.27,1.0066e+06,6.28814,1.00848e+06,8.99663e-07,0.0183783
3.82574e+08,0.00541077,12178.5,2.8458e+30,2.61758e+31,8.69155e+11,16616.2,274.156,0.03468,6.86131e-23,0,0,1654.31,904842,5.54706,906501,6.82823e-07,0.0114998
3.82585e+08,0.00500761,11791.7,2.8458e+30,2.61758e+31,8.69155e+11,17621.5,197.264,0.03468,5.58109e-23,0,0,1454.02,810828,4.87531,812287,5.1406e-07,0.00719663
3.82595e+08,0.00462425,11406.8,2.8458e+30,2.61758e+31,8.69155e+11,18719.1,140.611,0.03468,4.51304e-23,0,0,1273.27,724310,4.26916,725588,3.83883e-07,0.00450468
3.82605e+08,0.0042608,11024.2,2.8458e+30,2.61758e+31,8.69155e+11,19918.3,99.2903,0.03468,3.62793e-23,0,0,1110.89,645000,3.72462,646114,2.84355e-07,0.00282067
3.82615e+08,0.00391724,10644.7,2.8458e+30,2.61758e+31,8.69155e+11,21229.9,69.4569,0.03468,2.89926e-23,0,0,965.648,572577,3.23759,573546,2.0893e-07,0.0017672
3.82625e+08,0.00358549,10259.3,2.8458e+30,2.61758e+31,8.69155e+11,22703.8,47.6826,0.03468,2.28978e-23,0,0,833.23,505110,2.79357,505946,1.51042e-07,0.00110819
3.82635e+08,0.00327458,9878.75,2.8458e+30,2.61758e+31,8.69155e+11,24320.8,32.4283,0.03468,1.79779e-23,0,0,716.325,444199,2.40158,444918,1.08311e-07,0.000695925
3.82646e+08,0.00297742,9494.8,2.8458e+30,2.61758e+31,8.69155e+11,26140.5,21.6433,0.03468,1.39496e-23,0,0,611.298,388193,2.04944,388806,7.64196e-08,0.000438027
3.82656e+08,0.00270126,9117.39,2.8458e+30,2.61758e+31,8.69155e+11,28143.3,14.3102,0.03468,1.07603e-23,0,0,519.75,338187,1.74249,338708,5.34828e-08,0.000276694
3.82666e+08,0.00243988,8738.85,2.8458e+30,2.61758e+31,8.69155e+11,30401.4,9.28548,0.03468,8.20281e-24,0,0,438.666,292782,1.47064,293222,3.68282e-08,0.000175769
3.82676e+08,0.00219407,8360.62,2.8458e+30,2.61758e+31,8.69155e+11,32950.9,5.9129,0.03468,6.17989e-24,0,0,367.511,251890,1.23209,252258,2.49519e-08,0.000112633
3.82686e+08,0.00195998,7976.67,2.8458e+30,2.61758e+31,8.69155e+11,35894.3,3.6606,0.03468,4.57419e-24,0,0,304.511,214681,1.02089,214986,1.64991e-08,7.31374e-05
3.82696e+08,0.00174313,7596.36,2.8458e+30,2.61758e+31,8.69155e+11,39231.8,2.22404,0.03468,3.346e-24,0,0,250.458,181826,0.839675,182077,1.07343e-08,4.84301e-05
3.82706e+08,0.00154002,7214.2,2.8458e+30,2.61758e+31,8.69155e+11,43095.7,1.31368,0.03468,2.40467e-24,0,0,203.733,152558,0.683036,152762,6.81587e-09,3.2974e-05
3.82716e+08,0.00135157,6832.37,2.8458e+30,2.61758e+31,8.69155e+11,47578.8,0.754384,0.03468,1.69786e-24,0,0,163.902,126804,0.54951,126968,4.22381e-09,2.33051e-05
3.82726e+08,0.00117834,6452.89,2.8458e+30,2.61758e+31,8.69155e+11,52793,0.421167,0.03468,1.17778e-24,0,0,130.408,104411,0.437227,104542,2.5546e-09,1.72566e-05
3.82736e+08,0.00101826,6072.07,2.8458e+30,2.61758e+31,8.69155e+11,58972.5,0.22646,0.03468,7.97965e-25,0,0,102.24,84902,0.342797,85004.6,1.49573e-09,1.34728e-05
3.82746e+08,0.000872182,5692.71,2.8458e+30,2.61758e+31,8.69155e+11,66318.3,0.117275,0.03468,5.28031e-25,0,0,78.9823,68178.4,0.26483,68257.6,8.4781e-10,1.11058e-05
3.82756e+08,0.000738839,5312.53,2.8458e+30,2.61758e+31,8.69155e+11,75206.6,0.0579451,0.03468,3.39259e-25,0,0,59.9011,53897.9,0.200861,53958,4.61461e-10,9.62505e-06
