X = 0.734
Y = 0.25
Z = 0.016
mu = 0.601142
Radius,Density,Temp,Mass,Lum,OptD,Kff,KH,Kes,PP,CNO,3a,Deg,Gas,Rad,TotPres, dLdr, dPdT
0,0,0,0,0,0,-nan,0,0.03468,0,0,0,0,0,0,0,0,0
0.01,200000,1.77011e+07,837758,24750.8,6936,0.0281544,4.82553e+34,0.03468,0.0113189,0.0182251,1.9649e-42,6.78529e+15,4.86128e+16,2.47566e+13,5.54228e+16,7.42523,2.75126e+09
10709.1,200000,1.77011e+07,1.02891e+18,3.03983e+16,7.42853e+07,0.0281544,4.82553e+34,0.03468,0.0113189,0.0182251,1.9649e-42,6.78529e+15,4.86128e+16,2.47566e+13,5.54228e+16,8.51564e+12,2.75126e+09
21268.8,200000,1.77011e+07,8.06027e+18,2.38133e+17,1.47527e+08,0.0281544,4.82553e+34,0.03468,0.0113189,0.0182251,1.9649e-42,6.78529e+15,4.86128e+16,2.47566e+13,5.54228e+16,3.3589e+13,2.75126e+09
32102.4,200000,1.77011e+07,2.77161e+19,8.18845e+17,2.22669e+08,0.0281544,4.82553e+34,0.03468,0.0113189,0.0182251,1.9649e-42,6.78529e+15,4.86128e+16,2.47565e+13,5.54228e+16,7.65218e+13,2.75126e+09
42241,200000,1.77011e+07,6.31422e+19,1.86548e+18,2.9299e+08,0.0281544,4.82553e+34,0.03468,0.0113189,0.0182251,1.96489e-42,6.78529e+15,4.86128e+16,2.47565e+13,5.54228e+16,1.32488e+14,2.75126e+09
55581.5,200000,1.77011e+07,1.43849e+20,4.24989e+18,3.8552e+08,0.0281544,4.82552e+34,0.03468,0.0113189,0.0182251,1.96489e-42,6.78528e+15,4.86128e+16,2.47565e+13,5.54228e+16,2.29387e+14,2.75126e+09
73135.1,200000,1.77011e+07,3.27715e+20,9.68202e+18,5.07272e+08,0.0281544,4.82552e+34,0.03468,0.0113189,0.018225,1.96488e-42,6.78528e+15,4.86128e+16,2.47565e+13,5.54228e+16,3.97155e+14,2.75125e+09
83892.7,200000,1.77011e+07,4.94641e+20,1.46137e+19,5.81886e+08,0.0281545,4.82552e+34,0.03468,0.0113189,0.018225,1.96487e-42,6.78528e+15,4.86127e+16,2.47565e+13,5.54228e+16,5.22584e+14,2.75125e+09
96232.6,200000,1.77011e+07,7.46594e+20,2.20573e+19,6.67476e+08,0.0281545,4.82551e+34,0.03468,0.0113189,0.018225,1.96487e-42,6.78528e+15,4.86127e+16,2.47565e+13,5.54228e+16,6.87624e+14,2.75125e+09
110388,200000,1.77011e+07,1.12688e+21,3.32925e+19,7.65655e+08,0.0281545,4.82551e+34,0.03468,0.0113189,0.0182249,1.96485e-42,6.78528e+15,4.86127e+16,2.47565e+13,5.54227e+16,9.04787e+14,2.75125e+09
126625,200000,1.77011e+07,1.70088e+21,5.02505e+19,8.78275e+08,0.0281545,4.8255e+34,0.03468,0.0113189,0.0182249,1.96484e-42,6.78527e+15,4.86127e+16,2.47565e+13,5.54227e+16,1.19053e+15,2.75125e+09
145250,200000,1.77011e+07,2.56724e+21,7.58461e+19,1.00746e+09,0.0281545,4.82549e+34,0.03468,0.0113189,0.0182248,1.96482e-42,6.78527e+15,4.86127e+16,2.47565e+13,5.54227e+16,1.56652e+15,2.75125e+09
166615,199999,1.77011e+07,3.8749e+21,1.14479e+20,1.15565e+09,0.0281545,4.82547e+34,0.03468,0.0113189,0.0182247,1.96479e-42,6.78526e+15,4.86126e+16,2.47564e+13,5.54226e+16,2.06125e+15,2.75125e+09
191123,199999,1.77011e+07,5.84864e+21,1.7279e+20,1.32563e+09,0.0281545,4.82546e+34,0.03468,0.0113188,0.0182245,1.96476e-42,6.78525e+15,4.86126e+16,2.47564e+13,5.54226e+16,2.71221e+15,2.75125e+09
219235,199999,1.77011e+07,8.82772e+21,2.60802e+20,1.52062e+09,0.0281545,4.82543e+34,0.03468,0.0113188,0.0182243,1.96472e-42,6.78524e+15,4.86125e+16,2.47564e+13,5.54225e+16,3.56875e+15,2.75124e+09
251483,199999,1.7701e+07,1.33242e+22,3.93643e+20,1.74429e+09,0.0281546,4.8254e+34,0.03468,0.0113188,0.0182241,1.96466e-42,6.78522e+15,4.86124e+16,2.47563e+13,5.54224e+16,4.69577e+15,2.75124e+09
288474,199998,1.7701e+07,2.01111e+22,5.94145e+20,2.00086e+09,0.0281546,4.82537e+34,0.03468,0.0113187,0.0182238,1.96458e-42,6.7852e+15,4.86123e+16,2.47562e+13,5.54222e+16,6.17869e+15,2.75123e+09
330906,199998,1.7701e+07,3.0355e+22,8.96772e+20,2.29516e+09,0.0281547,4.82531e+34,0.03468,0.0113186,0.0182233,1.96448e-42,6.78518e+15,4.86121e+16,2.47561e+13,5.5422e+16,8.12989e+15,2.75123e+09
379580,199997,1.7701e+07,4.58167e+22,1.35354e+21,2.63276e+09,0.0281548,4.82525e+34,0.03468,0.0113185,0.0182228,1.96435e-42,6.78514e+15,4.86119e+16,2.4756e+13,5.54218e+16,1.06972e+16,2.75122e+09
435413,199997,1.7701e+07,6.9154e+22,2.04294e+21,3.02001e+09,0.0281549,4.82516e+34,0.03468,0.0113184,0.018222,1.96417e-42,6.78509e+15,4.86116e+16,2.47558e+13,5.54214e+16,1.40751e+16,2.75121e+09
499458,199995,1.77009e+07,1.04378e+23,3.08346e+21,3.46422e+09,0.028155,4.82504e+34,0.03468,0.0113182,0.0182211,1.96394e-42,6.78503e+15,4.86112e+16,2.47556e+13,5.5421e+16,1.85195e+16,2.75119e+09
572925,199994,1.77009e+07,1.57545e+23,4.65391e+21,3.97377e+09,0.0281552,4.82488e+34,0.03468,0.011318,0.0182198,1.96364e-42,6.78495e+15,4.86107e+16,2.47552e+13,5.54204e+16,2.43669e+16,2.75117e+09
657197,199992,1.77008e+07,2.37791e+23,7.02414e+21,4.55827e+09,0.0281554,4.82468e+34,0.03468,0.0113177,0.0182181,1.96324e-42,6.78485e+15,4.861e+16,2.47548e+13,5.54196e+16,3.206e+16,2.75114e+09
753866,199990,1.77007e+07,3.58912e+23,1.06014e+22,5.22873e+09,0.0281557,4.82441e+34,0.03468,0.0113173,0.0182159,1.96272e-42,6.78471e+15,4.86092e+16,2.47543e+13,5.54186e+16,4.2181e+16,2.75111e+09
864754,199986,1.77006e+07,5.41726e+23,1.60001e+22,5.99781e+09,0.0281561,4.82406e+34,0.03468,0.0113168,0.018213,1.96203e-42,6.78452e+15,4.8608e+16,2.47536e+13,5.54173e+16,5.54953e+16,2.75106e+09
991954,199982,1.77004e+07,8.17655e+23,2.41476e+22,6.88e+09,0.0281566,4.82359e+34,0.03468,0.0113161,0.0182091,1.96112e-42,6.78428e+15,4.86065e+16,2.47526e+13,5.54156e+16,7.30092e+16,2.751e+09
1.13786e+06,199977,1.77002e+07,1.23413e+24,3.64428e+22,7.89193e+09,0.0281573,4.82298e+34,0.03468,0.0113152,0.0182041,1.95993e-42,6.78396e+15,4.86045e+16,2.47514e+13,5.54133e+16,9.60452e+16,2.75092e+09
1.30524e+06,199969,1.76999e+07,1.86272e+24,5.49959e+22,9.05267e+09,0.0281582,4.82217e+34,0.03468,0.0113141,0.0181974,1.95836e-42,6.78354e+15,4.86019e+16,2.47497e+13,5.54102e+16,1.26341e+17,2.75082e+09
1.49723e+06,199959,1.76995e+07,2.81147e+24,8.299e+22,1.03841e+10,0.0281593,4.82111e+34,0.03468,0.0113125,0.0181887,1.9563e-42,6.78299e+15,4.85985e+16,2.47476e+13,5.54062e+16,1.66177e+17,2.75068e+09
1.71747e+06,199947,1.7699e+07,4.24343e+24,1.25225e+23,1.19113e+10,0.0281609,4.81972e+34,0.03468,0.0113105,0.0181772,1.95359e-42,6.78226e+15,4.8594e+16,2.47448e+13,5.5401e+16,2.18546e+17,2.75049e+09
1.97011e+06,199930,1.76983e+07,6.40468e+24,1.88935e+23,1.36631e+10,0.0281629,4.81789e+34,0.03468,0.0113079,0.018162,1.95004e-42,6.78131e+15,4.85881e+16,2.47411e+13,5.53941e+16,2.87373e+17,2.75025e+09
2.25991e+06,199907,1.76974e+07,9.6666e+24,2.85025e+23,1.56724e+10,0.0281656,4.81547e+34,0.03468,0.0113044,0.0181421,1.94536e-42,6.78005e+15,4.85803e+16,2.47362e+13,5.53851e+16,3.77795e+17,2.74994e+09
2.59235e+06,199878,1.76963e+07,1.45896e+25,4.29914e+23,1.79769e+10,0.0281691,4.8123e+34,0.03468,0.0112998,0.018116,1.93923e-42,6.7784e+15,4.857e+16,2.47297e+13,5.53731e+16,4.96529e+17,2.74952e+09
2.97371e+06,199840,1.76948e+07,2.20195e+25,6.48316e+23,2.06202e+10,0.0281738,4.80813e+34,0.03468,0.0112937,0.0180817,1.9312e-42,6.77623e+15,4.85565e+16,2.47212e+13,5.53574e+16,6.52339e+17,2.74897e+09
3.41118e+06,199789,1.76928e+07,3.32322e+25,9.77393e+23,2.36517e+10,0.0281799,4.80265e+34,0.03468,0.0112858,0.0180366,1.92067e-42,6.77337e+15,4.85387e+16,2.47101e+13,5.53368e+16,8.56625e+17,2.74825e+09
3.91118e+06,199723,1.76902e+07,5.00821e+25,1.47088e+24,2.71155e+10,0.0281879,4.79547e+34,0.03468,0.0112754,0.0179777,1.90697e-42,6.76962e+15,4.85154e+16,2.46955e+13,5.53098e+16,1.12312e+18,2.74731e+09
4.41118e+06,199647,1.76872e+07,7.18333e+25,2.1063e+24,3.05781e+10,0.0281971,4.78733e+34,0.03468,0.0112636,0.017911,1.89151e-42,6.76536e+15,4.8489e+16,2.46789e+13,5.52791e+16,1.42426e+18,2.74624e+09
4.91118e+06,199563,1.76839e+07,9.91081e+25,2.90082e+24,3.40392e+10,0.0282073,4.77823e+34,0.03468,0.0112503,0.0178366,1.87434e-42,6.76061e+15,4.84594e+16,2.46604e+13,5.52447e+16,1.75938e+18,2.74504e+09
5.41118e+06,199470,1.76802e+07,1.32527e+26,3.87125e+24,3.74989e+10,0.0282186,4.76817e+34,0.03468,0.0112357,0.0177545,1.85551e-42,6.75534e+15,4.84267e+16,2.46399e+13,5.52067e+16,2.12777e+18,2.74371e+09
5.91118e+06,199368,1.76762e+07,1.72711e+26,5.03403e+24,4.09569e+10,0.028231,4.75716e+34,0.03468,0.0112197,0.017665,1.83508e-42,6.74958e+15,4.83909e+16,2.46174e+13,5.51651e+16,2.52861e+18,2.74226e+09
6.41118e+06,199257,1.76718e+07,2.20275e+26,6.40517e+24,4.4413e+10,0.0282446,4.74522e+34,0.03468,0.0112023,0.0175681,1.81311e-42,6.74331e+15,4.83519e+16,2.45929e+13,5.51198e+16,2.96105e+18,2.74068e+09
6.91118e+06,199137,1.7667e+07,2.75836e+26,8.00024e+24,4.78671e+10,0.0282592,4.73233e+34,0.03468,0.0111836,0.0174639,1.78965e-42,6.73655e+15,4.83098e+16,2.45665e+13,5.50709e+16,3.42415e+18,2.73897e+09
7.41118e+06,199008,1.76619e+07,3.40007e+26,9.83434e+24,5.13191e+10,0.028275,4.71852e+34,0.03468,0.0111634,0.0173526,1.76477e-42,6.72929e+15,4.82646e+16,2.45381e+13,5.50184e+16,3.91692e+18,2.73714e+09
7.91118e+06,198870,1.76565e+07,4.13399e+26,1.1922e+25,5.47687e+10,0.0282919,4.70379e+34,0.03468,0.0111419,0.0172343,1.73854e-42,6.72153e+15,4.82163e+16,2.45078e+13,5.49624e+16,4.43831e+18,2.73518e+09
8.41118e+06,198724,1.76507e+07,4.96621e+26,1.42773e+25,5.82159e+10,0.0283099,4.68816e+34,0.03468,0.0111191,0.0171092,1.71102e-42,6.71328e+15,4.81649e+16,2.44756e+13,5.49027e+16,4.98722e+18,2.73309e+09
8.91118e+06,198568,1.76445e+07,5.90278e+26,1.69138e+25,6.16605e+10,0.028329,4.67162e+34,0.03468,0.0110949,0.0169775,1.68231e-42,6.70453e+15,4.81105e+16,2.44414e+13,5.48395e+16,5.5625e+18,2.73088e+09
9.41118e+06,198404,1.7638e+07,6.94973e+26,1.98442e+25,6.51023e+10,0.0283492,4.6542e+34,0.03468,0.0110693,0.0168393,1.65246e-42,6.6953e+15,4.8053e+16,2.44054e+13,5.47727e+16,6.16293e+18,2.72854e+09
9.91118e+06,198231,1.76311e+07,8.11306e+26,2.30809e+25,6.85412e+10,0.0283705,4.63589e+34,0.03468,0.0110425,0.0166947,1.62156e-42,6.68558e+15,4.79924e+16,2.43674e+13,5.47023e+16,6.78728e+18,2.72608e+09
1.04112e+07,198050,1.76239e+07,9.39874e+26,2.66355e+25,7.19771e+10,0.028393,4.61672e+34,0.03468,0.0110143,0.016544,1.58968e-42,6.67537e+15,4.79288e+16,2.43275e+13,5.46285e+16,7.43426e+18,2.7235e+09
1.09112e+07,197859,1.76163e+07,1.08127e+27,3.05189e+25,7.54097e+10,0.0284166,4.5967e+34,0.03468,0.0109848,0.0163875,1.55692e-42,6.66468e+15,4.78622e+16,2.42857e+13,5.45511e+16,8.10254e+18,2.72079e+09
1.14112e+07,197660,1.76084e+07,1.23609e+27,3.47416e+25,7.88389e+10,0.0284413,4.57583e+34,0.03468,0.0109541,0.0162251,1.52335e-42,6.65351e+15,4.77925e+16,2.42421e+13,5.44703e+16,8.79077e+18,2.71342e+09
1.26798e+07,197116,1.75867e+07,1.69307e+27,4.70414e+25,8.75234e+10,0.028509,4.51917e+34,0.03468,0.0108702,0.0157889,1.43509e-42,6.62299e+15,4.76022e+16,2.4123e+13,5.42494e+16,1.06169e+19,2.69502e+09
1.54091e+07,195753,1.75325e+07,3.02616e+27,8.17158e+25,1.06121e+11,0.028679,4.38015e+34,0.03468,0.0106626,0.0147457,1.2356e-42,6.54684e+15,4.71274e+16,2.3827e+13,5.36981e+16,1.48405e+19,2.65007e+09
2.06507e+07,192424,1.73998e+07,7.21044e+27,1.81833e+26,1.41424e+11,0.0291005,4.05571e+34,0.03468,0.0101676,0.0124609,8.54649e-43,6.36237e+15,4.59754e+16,2.31138e+13,5.23609e+16,2.33344e+19,2.54014e+09
3.00323e+07,184299,1.70716e+07,2.162e+28,4.64431e+26,2.02813e+11,0.030181,3.34391e+34,0.03468,0.00902387,0.00816977,3.39132e-43,5.92092e+15,4.32033e+16,2.14183e+13,4.91456e+16,3.59152e+19,2.27719e+09
4.62001e+07,164908,1.62566e+07,7.37323e+28,1.11938e+27,3.01112e+11,0.0331356,2.03662e+34,0.03468,0.00663947,0.00276157,3.15525e-44,4.91952e+15,3.68122e+16,1.76119e+13,4.17493e+16,4.15829e+19,1.70907e+09
7.36966e+07,123186,1.43049e+07,2.52921e+29,2.08738e+27,4.49577e+11,0.0422696,5.56754e+33,0.03468,0.00297353,0.000161855,6.33404e-47,3.02545e+15,2.41973e+16,1.0559e+13,2.72333e+16,2.63609e+19,-4.36444e+08
