X = 0.734
Y = 0.25
Z = 0.016
mu = 0.601142
Radius,Density,Temp,Mass,Lum,OptD,Kff,KH,Kes,PP,CNO,3a,Deg,Gas,Rad,TotPres
0,0,0,0,0,0,-nan,0,0.03468,0.00037431,2.46287e-09,1.35352e-57,0,0,0,0
1,97500,8.11131e+06,408407,99.3666,25486.8,0.261403,3.00159e+31,0.03468,0.00037431,2.46287e-09,1.35352e-57,2.04892e+15,1.08597e+16,1.09158e+12,1.29097e+16
100477,97499.9,8.11131e+06,4.14279e+20,1.00795e+17,2.56084e+09,0.261403,3.00157e+31,0.03468,0.00037431,2.46287e-09,1.35352e-57,2.04892e+15,1.08596e+16,1.09157e+12,1.29097e+16
200783,97499.6,8.1113e+06,3.30576e+21,8.04295e+17,5.11731e+09,0.261404,3.00154e+31,0.03468,0.00037431,2.46287e-09,1.35352e-57,2.04891e+15,1.08596e+16,1.09157e+12,1.29096e+16
302061,97499.2,8.11128e+06,1.12557e+22,2.73851e+18,7.69856e+09,0.261405,3.00147e+31,0.03468,0.00037431,2.46287e-09,1.35352e-57,2.0489e+15,1.08595e+16,1.09156e+12,1.29095e+16
403227,97498.6,8.11125e+06,2.67755e+22,6.5144e+18,1.0277e+10,0.261407,3.00138e+31,0.03468,0.00037431,2.46287e-09,1.35352e-57,2.04887e+15,1.08594e+16,1.09155e+12,1.29094e+16
504529,97497.8,8.11122e+06,5.24499e+22,1.27607e+19,1.28588e+10,0.261409,3.00127e+31,0.03468,0.00037431,2.46287e-09,1.35352e-57,2.04885e+15,1.08593e+16,1.09153e+12,1.29092e+16
606622,97496.8,8.11119e+06,9.11674e+22,2.218e+19,1.54608e+10,0.261411,3.00113e+31,0.03468,0.00037431,2.46287e-09,1.35352e-57,2.04881e+15,1.08591e+16,1.09151e+12,1.2909e+16
707901,97495.6,8.11114e+06,1.44877e+23,3.52463e+19,1.80421e+10,0.261414,3.00096e+31,0.03468,0.00037431,2.46287e-09,1.35352e-57,2.04877e+15,1.08589e+16,1.09149e+12,1.29088e+16
809796,97494.2,8.11109e+06,2.16872e+23,5.27603e+19,2.06391e+10,0.261417,3.00077e+31,0.03468,0.00037431,2.46287e-09,1.35352e-57,2.04872e+15,1.08587e+16,1.09146e+12,1.29085e+16
912618,97492.7,8.11103e+06,3.10414e+23,7.55149e+19,2.32597e+10,0.261421,3.00055e+31,0.03468,0.00037431,2.46287e-09,1.35352e-57,2.04867e+15,1.08585e+16,1.09143e+12,1.29082e+16
1.01324e+06,97491,8.11097e+06,4.24826e+23,1.03345e+20,2.58243e+10,0.261425,3.00031e+31,0.03468,0.00037431,2.46287e-09,1.35352e-57,2.04861e+15,1.08582e+16,1.09139e+12,1.29079e+16
1.11381e+06,97489.1,8.11089e+06,5.6429e+23,1.37267e+20,2.83875e+10,0.261429,3.00004e+31,0.03468,0.00037431,2.46287e-09,1.35352e-57,2.04854e+15,1.08579e+16,1.09135e+12,1.29075e+16
1.21828e+06,97487,8.11081e+06,7.38422e+23,1.7962e+20,3.10501e+10,0.261435,2.99974e+31,0.03468,0.00037431,2.46287e-09,1.35352e-57,2.04847e+15,1.08575e+16,1.09131e+12,1.29071e+16
1.31935e+06,97484.7,8.11073e+06,9.37841e+23,2.28119e+20,3.36258e+10,0.26144,2.99942e+31,0.03468,0.00037431,2.46287e-09,1.35352e-57,2.04839e+15,1.08572e+16,1.09126e+12,1.29067e+16
1.42169e+06,97482.3,8.11063e+06,1.17345e+24,2.85416e+20,3.62342e+10,0.261446,2.99907e+31,0.03468,0.00037431,2.46287e-09,1.35352e-57,2.0483e+15,1.08568e+16,1.09121e+12,1.29062e+16
1.52437e+06,97479.6,8.11053e+06,1.44647e+24,3.51806e+20,3.88511e+10,0.261452,2.99869e+31,0.03468,0.00037431,2.46287e-09,1.35352e-57,2.04821e+15,1.08563e+16,1.09116e+12,1.29056e+16
1.62634e+06,97476.8,8.11043e+06,1.75658e+24,4.27208e+20,4.145e+10,0.261459,2.99829e+31,0.03468,0.00037431,2.46287e-09,1.35352e-57,2.04811e+15,1.08559e+16,1.0911e+12,1.29051e+16
1.72652e+06,97473.8,8.11031e+06,2.10153e+24,5.11076e+20,4.4003e+10,0.261466,2.99787e+31,0.03468,0.00037431,2.46287e-09,1.35352e-57,2.04801e+15,1.08554e+16,1.09104e+12,1.29045e+16
1.83286e+06,97470.5,8.11019e+06,2.51423e+24,6.11404e+20,4.67134e+10,0.261474,2.9974e+31,0.03468,0.00037431,2.46287e-09,1.35352e-57,2.04789e+15,1.08549e+16,1.09097e+12,1.29039e+16
1.93609e+06,97467.1,8.11006e+06,2.96335e+24,7.20579e+20,4.93443e+10,0.261483,2.99691e+31,0.03468,0.00037431,2.46287e-09,1.35352e-57,2.04777e+15,1.08543e+16,1.0909e+12,1.29032e+16
2.04479e+06,97463.3,8.10991e+06,3.49094e+24,8.48812e+20,5.21145e+10,0.261492,2.99638e+31,0.03468,0.00037431,2.46287e-09,1.35352e-57,2.04764e+15,1.08537e+16,1.09082e+12,1.29024e+16
2.15479e+06,97459.3,8.10976e+06,4.08507e+24,9.93205e+20,5.4918e+10,0.261502,2.9958e+31,0.03468,0.00037431,2.46287e-09,1.35352e-57,2.0475e+15,1.0853e+16,1.09074e+12,1.29016e+16
2.26479e+06,97455,8.1096e+06,4.74305e+24,1.15309e+21,5.77214e+10,0.261512,2.9952e+31,0.03468,0.00037431,2.46287e-09,1.35352e-57,2.04735e+15,1.08524e+16,1.09065e+12,1.29008e+16
2.37479e+06,97450.5,8.10943e+06,5.46811e+24,1.32926e+21,6.05248e+10,0.261523,2.99456e+31,0.03468,0.00037431,2.46287e-09,1.35352e-57,2.04719e+15,1.08516e+16,1.09056e+12,1.28999e+16
2.48479e+06,97445.8,8.10925e+06,6.26351e+24,1.52249e+21,6.33282e+10,0.261534,2.9939e+31,0.03468,0.00037431,2.46287e-09,1.35352e-57,2.04703e+15,1.08509e+16,1.09047e+12,1.2899e+16
2.59479e+06,97440.9,8.10906e+06,7.13251e+24,1.73358e+21,6.61316e+10,0.261546,2.9932e+31,0.03468,0.00037431,2.46287e-09,1.35352e-57,2.04686e+15,1.08501e+16,1.09037e+12,1.2898e+16
2.70479e+06,97435.8,8.10887e+06,8.07835e+24,1.96329e+21,6.8935e+10,0.261558,2.99248e+31,0.03468,0.00037431,2.46287e-09,1.35352e-57,2.04668e+15,1.08492e+16,1.09026e+12,1.2897e+16
2.81479e+06,97430.5,8.10866e+06,9.10428e+24,2.21242e+21,7.17383e+10,0.261571,2.99172e+31,0.03468,0.00037431,2.46287e-09,1.35352e-57,2.04649e+15,1.08484e+16,1.09015e+12,1.2896e+16
2.92479e+06,97424.9,8.10845e+06,1.02136e+25,2.48174e+21,7.45417e+10,0.261584,2.99094e+31,0.03468,0.00037431,2.46287e-09,1.35352e-57,2.0463e+15,1.08475e+16,1.09004e+12,1.28949e+16
3.03479e+06,97419.2,8.10823e+06,1.14094e+25,2.77204e+21,7.7345e+10,0.261598,2.99012e+31,0.03468,0.00037431,2.46287e-09,1.35352e-57,2.0461e+15,1.08465e+16,1.08992e+12,1.28937e+16
3.14479e+06,97413.2,8.10801e+06,1.26951e+25,3.08409e+21,8.01483e+10,0.261613,2.98928e+31,0.03468,0.00037431,2.46287e-09,1.35352e-57,2.04589e+15,1.08456e+16,1.0898e+12,1.28926e+16
3.25479e+06,97407.1,8.10777e+06,1.40739e+25,3.41868e+21,8.29516e+10,0.261628,2.9884e+31,0.03468,0.00037431,2.46287e-09,1.35352e-57,2.04567e+15,1.08446e+16,1.08967e+12,1.28913e+16
3.36479e+06,97400.7,8.10753e+06,1.5549e+25,3.77657e+21,8.57549e+10,0.261643,2.9875e+31,0.03468,0.00037431,2.46287e-09,1.35352e-57,2.04545e+15,1.08435e+16,1.08954e+12,1.28901e+16
3.47479e+06,97394.1,8.10728e+06,1.71236e+25,4.15855e+21,8.85581e+10,0.261659,2.98657e+31,0.03468,0.00037431,2.46287e-09,1.35352e-57,2.04522e+15,1.08425e+16,1.08941e+12,1.28888e+16
3.58479e+06,97387.3,8.10702e+06,1.88011e+25,4.56539e+21,9.13614e+10,0.261676,2.9856e+31,0.03468,0.00037431,2.46287e-09,1.35352e-57,2.04498e+15,1.08414e+16,1.08927e+12,1.28874e+16
3.69479e+06,97380.3,8.10675e+06,2.05846e+25,4.99786e+21,9.41646e+10,0.261693,2.98461e+31,0.03468,0.00037431,2.46287e-09,1.35352e-57,2.04473e+15,1.08402e+16,1.08913e+12,1.2886e+16
3.80479e+06,97373,8.10648e+06,2.24774e+25,5.45674e+21,9.69678e+10,0.26171,2.98359e+31,0.03468,0.00037431,2.46287e-09,1.35352e-57,2.04448e+15,1.08391e+16,1.08898e+12,1.28846e+16
3.91479e+06,97365.6,8.10619e+06,2.44827e+25,5.94279e+21,9.9771e+10,0.261728,2.98253e+31,0.03468,0.00037431,2.46287e-09,1.35352e-57,2.04422e+15,1.08378e+16,1.08882e+12,1.28832e+16
4.02479e+06,97357.9,8.1059e+06,2.66038e+25,6.45678e+21,1.02574e+11,0.261747,2.98145e+31,0.03468,0.00037431,2.46287e-09,1.35352e-57,2.04395e+15,1.08366e+16,1.08867e+12,1.28816e+16
4.13479e+06,97350.1,8.1056e+06,2.88438e+25,6.99948e+21,1.05377e+11,0.261766,2.98034e+31,0.03468,0.00037431,2.46287e-09,1.35352e-57,2.04368e+15,1.08353e+16,1.08851e+12,1.28801e+16
4.24479e+06,97342,8.1053e+06,3.12061e+25,7.57167e+21,1.0818e+11,0.261785,2.9792e+31,0.03468,0.00037431,2.46287e-09,1.35352e-57,2.04339e+15,1.0834e+16,1.08834e+12,1.28785e+16
4.35479e+06,97333.7,8.10498e+06,3.36938e+25,8.17409e+21,1.10983e+11,0.261805,2.97803e+31,0.03468,0.00037431,2.46287e-09,1.35352e-57,2.0431e+15,1.08327e+16,1.08817e+12,1.28769e+16
4.46479e+06,97325.2,8.10466e+06,3.63102e+25,8.80753e+21,1.13787e+11,0.261826,2.97683e+31,0.03468,0.00037431,2.46287e-09,1.35352e-57,2.04281e+15,1.08313e+16,1.088e+12,1.28752e+16
4.57479e+06,97316.5,8.10432e+06,3.90586e+25,9.47273e+21,1.1659e+11,0.261847,2.9756e+31,0.03468,0.00037431,2.46287e-09,1.35352e-57,2.0425e+15,1.08299e+16,1.08782e+12,1.28735e+16
4.68479e+06,97307.6,8.10398e+06,4.1942e+25,1.01705e+22,1.19393e+11,0.261869,2.97434e+31,0.03468,0.00037431,2.46287e-09,1.35352e-57,2.04219e+15,1.08284e+16,1.08764e+12,1.28717e+16
4.79479e+06,97298.4,8.10364e+06,4.49638e+25,1.09015e+22,1.22196e+11,0.261891,2.97305e+31,0.03468,0.00037431,2.46287e-09,1.35352e-57,2.04187e+15,1.0827e+16,1.08745e+12,1.28699e+16
4.90479e+06,97289.1,8.10328e+06,4.81272e+25,1.16665e+22,1.24998e+11,0.261913,2.97174e+31,0.03468,0.00037431,2.46287e-09,1.35352e-57,2.04154e+15,1.08254e+16,1.08726e+12,1.28681e+16
5.01479e+06,97279.5,8.10292e+06,5.14354e+25,1.24664e+22,1.27801e+11,0.261937,2.97039e+31,0.03468,0.00037431,2.46287e-09,1.35352e-57,2.04121e+15,1.08239e+16,1.08707e+12,1.28662e+16
5.12479e+06,97269.8,8.10255e+06,5.48916e+25,1.33018e+22,1.30604e+11,0.26196,2.96901e+31,0.03468,0.00037431,2.46287e-09,1.35352e-57,2.04087e+15,1.08223e+16,1.08687e+12,1.28643e+16
5.23479e+06,97259.8,8.10217e+06,5.8499e+25,1.41735e+22,1.33407e+11,0.261984,2.96761e+31,0.03468,0.00037431,2.46287e-09,1.35352e-57,2.04052e+15,1.08207e+16,1.08666e+12,1.28623e+16
5.34479e+06,97249.6,8.10178e+06,6.22609e+25,1.50823e+22,1.3621e+11,0.262009,2.96617e+31,0.03468,0.00037431,2.46287e-09,1.35352e-57,2.04016e+15,1.0819e+16,1.08645e+12,1.28603e+16
5.45479e+06,97239.2,8.10138e+06,6.61805e+25,1.60289e+22,1.39013e+11,0.262034,2.96471e+31,0.03468,0.00037431,2.46287e-09,1.35352e-57,2.0398e+15,1.08174e+16,1.08624e+12,1.28582e+16
5.56479e+06,97228.6,8.10098e+06,7.02609e+25,1.7014e+22,1.41816e+11,0.26206,2.96322e+31,0.03468,0.00037431,2.46287e-09,1.35352e-57,2.03943e+15,1.08156e+16,1.08602e+12,1.28562e+16
5.67479e+06,97217.8,8.10056e+06,7.45054e+25,1.80385e+22,1.44618e+11,0.262086,2.9617e+31,0.03468,0.00037431,2.46287e-09,1.35352e-57,2.03905e+15,1.08139e+16,1.0858e+12,1.2854e+16
5.78479e+06,97206.8,8.10014e+06,7.89172e+25,1.91029e+22,1.47421e+11,0.262113,2.96015e+31,0.03468,0.00037431,2.46287e-09,1.35352e-57,2.03866e+15,1.08121e+16,1.08558e+12,1.28518e+16
5.89479e+06,97195.5,8.09972e+06,8.34995e+25,2.02082e+22,1.50224e+11,0.26214,2.95857e+31,0.03468,0.00037431,2.46287e-09,1.35352e-57,2.03827e+15,1.08103e+16,1.08535e+12,1.28496e+16
6.00479e+06,97184.1,8.09928e+06,8.82554e+25,2.13549e+22,1.53026e+11,0.262168,2.95696e+31,0.03468,0.00037431,2.46287e-09,1.35352e-57,2.03787e+15,1.08084e+16,1.08512e+12,1.28474e+16
6.11479e+06,97172.4,8.09884e+06,9.31883e+25,2.25439e+22,1.55829e+11,0.262197,2.95532e+31,0.03468,0.00037431,2.46287e-09,1.35352e-57,2.03746e+15,1.08065e+16,1.08488e+12,1.28451e+16
6.22479e+06,97160.6,8.09838e+06,9.83012e+25,2.37759e+22,1.58632e+11,0.262225,2.95366e+31,0.03468,0.00037431,2.46287e-09,1.35352e-57,2.03705e+15,1.08046e+16,1.08463e+12,1.28427e+16
6.33479e+06,97148.5,8.09792e+06,1.03597e+26,2.50516e+22,1.61434e+11,0.262255,2.95196e+31,0.03468,0.00037431,2.46287e-09,1.35352e-57,2.03663e+15,1.08026e+16,1.08439e+12,1.28404e+16
6.44479e+06,97136.2,8.09745e+06,1.0908e+26,2.63718e+22,1.64237e+11,0.262285,2.95024e+31,0.03468,0.00037431,2.46287e-09,1.35352e-57,2.0362e+15,1.08007e+16,1.08414e+12,1.28379e+16
6.55479e+06,97123.7,8.09698e+06,1.14753e+26,2.77371e+22,1.67039e+11,0.262315,2.94849e+31,0.03468,0.00037431,2.46287e-09,1.35352e-57,2.03576e+15,1.07986e+16,1.08388e+12,1.28355e+16
6.66479e+06,97111,8.09649e+06,1.20618e+26,2.91484e+22,1.69842e+11,0.262346,2.94671e+31,0.03468,0.00037431,2.46287e-09,1.35352e-57,2.03532e+15,1.07966e+16,1.08362e+12,1.2833e+16
6.77479e+06,97098.1,8.096e+06,1.26679e+26,3.06062e+22,1.72644e+11,0.262377,2.9449e+31,0.03468,0.00037431,2.46287e-09,1.35352e-57,2.03487e+15,1.07945e+16,1.08336e+12,1.28304e+16
6.88479e+06,97084.9,8.0955e+06,1.3294e+26,3.21114e+22,1.75447e+11,0.262409,2.94306e+31,0.03468,0.00037431,2.46287e-09,1.35352e-57,2.03441e+15,1.07924e+16,1.08309e+12,1.28278e+16
6.99479e+06,97071.6,8.09499e+06,1.39402e+26,3.36647e+22,1.78249e+11,0.262442,2.9412e+31,0.03468,0.00037431,2.46287e-09,1.35352e-57,2.03394e+15,1.07902e+16,1.08282e+12,1.28252e+16
7.10479e+06,97058.1,8.09448e+06,1.46071e+26,3.52668e+22,1.81051e+11,0.262475,2.9393e+31,0.03468,0.00037431,2.46287e-09,1.35352e-57,2.03347e+15,1.0788e+16,1.08254e+12,1.28226e+16
7.21479e+06,97044.3,8.09395e+06,1.52948e+26,3.69183e+22,1.83853e+11,0.262508,2.93738e+31,0.03468,0.00037431,2.46287e-09,1.35352e-57,2.03299e+15,1.07858e+16,1.08226e+12,1.28198e+16
7.32479e+06,97030.3,8.09342e+06,1.60037e+26,3.86201e+22,1.86656e+11,0.262542,2.93543e+31,0.03468,0.00037431,2.46287e-09,1.35352e-57,2.0325e+15,1.07835e+16,1.08198e+12,1.28171e+16
7.43479e+06,97016.2,8.09288e+06,1.67341e+26,4.03727e+22,1.89458e+11,0.262577,2.93345e+31,0.03468,0.00037431,2.46287e-09,1.35352e-57,2.03201e+15,1.07812e+16,1.08169e+12,1.28143e+16
7.54479e+06,97001.8,8.09233e+06,1.74864e+26,4.2177e+22,1.9226e+11,0.262612,2.93145e+31,0.03468,0.00037431,2.46287e-09,1.35352e-57,2.03151e+15,1.07789e+16,1.08139e+12,1.28115e+16
7.65479e+06,96987.2,8.09177e+06,1.82608e+26,4.40336e+22,1.95062e+11,0.262647,2.92941e+31,0.03468,0.00037431,2.46287e-09,1.35352e-57,2.031e+15,1.07765e+16,1.0811e+12,1.28086e+16
7.76479e+06,96972.4,8.09121e+06,1.90576e+26,4.59433e+22,1.97864e+11,0.262684,2.92735e+31,0.03468,0.00037431,2.46287e-09,1.35352e-57,2.03048e+15,1.07741e+16,1.0808e+12,1.28057e+16
7.87479e+06,96957.4,8.09064e+06,1.98773e+26,4.79066e+22,2.00666e+11,0.26272,2.92526e+31,0.03468,0.00037431,2.46287e-09,1.35352e-57,2.02996e+15,1.07717e+16,1.08049e+12,1.28027e+16
7.98479e+06,96942.2,8.09005e+06,2.072e+26,4.99244e+22,2.03468e+11,0.262757,2.92314e+31,0.03468,0.00037431,2.46287e-09,1.35352e-57,2.02942e+15,1.07692e+16,1.08018e+12,1.27997e+16
8.09479e+06,96926.8,8.08947e+06,2.15861e+26,5.19973e+22,2.0627e+11,0.262795,2.92099e+31,0.03468,0.00037431,2.46287e-09,1.35352e-57,2.02889e+15,1.07667e+16,1.07987e+12,1.27967e+16
8.20479e+06,96911.1,8.08887e+06,2.24759e+26,5.4126e+22,2.09072e+11,0.262833,2.91882e+31,0.03468,0.00037431,2.46287e-09,1.35352e-57,2.02834e+15,1.07642e+16,1.07955e+12,1.27936e+16
8.31479e+06,96895.3,8.08826e+06,2.33898e+26,5.63112e+22,2.11874e+11,0.262872,2.91662e+31,0.03468,0.00037431,2.46287e-09,1.35352e-57,2.02779e+15,1.07616e+16,1.07922e+12,1.27905e+16
8.41479e+06,96880.7,8.08771e+06,2.42417e+26,5.83473e+22,2.14421e+11,0.262907,2.91459e+31,0.03468,0.00037431,2.46287e-09,1.35352e-57,2.02728e+15,1.07593e+16,1.07893e+12,1.27876e+16
8.52479e+06,96864.5,8.08709e+06,2.52023e+26,6.06422e+22,2.17223e+11,0.262947,2.91234e+31,0.03468,0.00037431,2.46287e-09,1.35352e-57,2.02671e+15,1.07567e+16,1.0786e+12,1.27844e+16
8.63479e+06,96848,8.08646e+06,2.61879e+26,6.29956e+22,2.20024e+11,0.262987,2.91006e+31,0.03468,0.00037431,2.46287e-09,1.35352e-57,2.02614e+15,1.0754e+16,1.07826e+12,1.27812e+16
8.74479e+06,96831.4,8.08582e+06,2.71988e+26,6.54082e+22,2.22826e+11,0.263028,2.90775e+31,0.03468,0.00037431,2.46287e-09,1.35352e-57,2.02556e+15,1.07513e+16,1.07792e+12,1.27779e+16
8.85479e+06,96814.5,8.08518e+06,2.82352e+26,6.78806e+22,2.25628e+11,0.263069,2.90541e+31,0.03468,0.00037431,2.46287e-09,1.35352e-57,2.02497e+15,1.07486e+16,1.07758e+12,1.27746e+16
8.96479e+06,96797.4,8.08453e+06,2.92975e+26,7.04135e+22,2.28429e+11,0.263111,2.90305e+31,0.03468,0.00037431,2.46287e-09,1.35352e-57,2.02438e+15,1.07458e+16,1.07723e+12,1.27713e+16
9.07479e+06,96780.2,8.08387e+06,3.0386e+26,7.30075e+22,2.31231e+11,0.263153,2.90066e+31,0.03468,0.00037431,2.46287e-09,1.35352e-57,2.02377e+15,1.0743e+16,1.07688e+12,1.27679e+16
9.18479e+06,96762.7,8.0832e+06,3.1501e+26,7.56634e+22,2.34032e+11,0.263196,2.89824e+31,0.03468,0.00037431,2.46287e-09,1.35352e-57,2.02317e+15,1.07402e+16,1.07652e+12,1.27644e+16
9.29479e+06,96745,8.08253e+06,3.26428e+26,7.83817e+22,2.36834e+11,0.26324,2.89579e+31,0.03468,0.00037431,2.46287e-09,1.35352e-57,2.02255e+15,1.07373e+16,1.07616e+12,1.27609e+16
9.40479e+06,96727.1,8.08184e+06,3.38117e+26,8.11633e+22,2.39635e+11,0.263283,2.89332e+31,0.03468,0.00037431,2.46287e-09,1.35352e-57,2.02193e+15,1.07344e+16,1.0758e+12,1.27574e+16
9.51479e+06,96709,8.08115e+06,3.50081e+26,8.40086e+22,2.42436e+11,0.263328,2.89082e+31,0.03468,0.00037431,2.46287e-09,1.35352e-57,2.02129e+15,1.07315e+16,1.07543e+12,1.27539e+16
9.62479e+06,96690.7,8.08045e+06,3.62323e+26,8.69183e+22,2.45237e+11,0.263373,2.8883e+31,0.03468,0.00037431,2.46287e-09,1.35352e-57,2.02066e+15,1.07285e+16,1.07506e+12,1.27503e+16
9.73479e+06,96672.2,8.07974e+06,3.74845e+26,8.98932e+22,2.48039e+11,0.263418,2.88575e+31,0.03468,0.00037431,2.46287e-09,1.35352e-57,2.02001e+15,1.07255e+16,1.07468e+12,1.27466e+16
9.84479e+06,96653.4,8.07903e+06,3.87651e+26,9.29339e+22,2.5084e+11,0.263464,2.88317e+31,0.03468,0.00037431,2.46287e-09,1.35352e-57,2.01936e+15,1.07225e+16,1.0743e+12,1.2743e+16
9.95479e+06,96634.5,8.0783e+06,4.00744e+26,9.60409e+22,2.53641e+11,0.263511,2.88056e+31,0.03468,0.00037431,2.46287e-09,1.35352e-57,2.0187e+15,1.07195e+16,1.07392e+12,1.27392e+16
1.00648e+07,96615.4,8.07757e+06,4.14127e+26,9.9215e+22,2.56442e+11,0.263558,2.87793e+31,0.03468,0.00037431,2.46287e-09,1.35352e-57,2.01803e+15,1.07164e+16,1.07353e+12,1.27355e+16
1.01748e+07,96596,8.07683e+06,4.27803e+26,1.02457e+23,2.59243e+11,0.263605,2.87527e+31,0.03468,0.00037431,2.46287e-09,1.35352e-57,2.01736e+15,1.07132e+16,1.07313e+12,1.27317e+16
1.02848e+07,96576.5,8.07608e+06,4.41775e+26,1.05767e+23,2.62044e+11,0.263653,2.87259e+31,0.03468,0.00037431,2.46287e-09,1.35352e-57,2.01668e+15,1.07101e+16,1.07274e+12,1.27278e+16
1.03948e+07,96556.7,8.07533e+06,4.56046e+26,1.09146e+23,2.64845e+11,0.263702,2.86988e+31,0.03468,0.00037431,2.46287e-09,1.35352e-57,2.01599e+15,1.07069e+16,1.07234e+12,1.2724e+16
1.05048e+07,96536.8,8.07457e+06,4.70619e+26,1.12594e+23,2.67645e+11,0.263751,2.86714e+31,0.03468,0.00037431,2.46287e-09,1.35352e-57,2.0153e+15,1.07037e+16,1.07193e+12,1.272e+16
1.06148e+07,96516.6,8.07379e+06,4.85498e+26,1.16113e+23,2.70446e+11,0.2638,2.86438e+31,0.03468,0.00037431,2.46287e-09,1.35352e-57,2.0146e+15,1.07004e+16,1.07152e+12,1.27161e+16
1.07248e+07,96496.2,8.07301e+06,5.00685e+26,1.19702e+23,2.73247e+11,0.26385,2.86159e+31,0.03468,0.00037431,2.46287e-09,1.35352e-57,2.01389e+15,1.06971e+16,1.07111e+12,1.27121e+16
1.08348e+07,96475.6,8.07223e+06,5.16183e+26,1.23363e+23,2.76048e+11,0.263901,2.85877e+31,0.03468,0.00037431,2.46287e-09,1.35352e-57,2.01317e+15,1.06938e+16,1.07069e+12,1.2708e+16
1.09448e+07,96454.9,8.07143e+06,5.31996e+26,1.27096e+23,2.78848e+11,0.263952,2.85593e+31,0.03468,0.00037431,2.46287e-09,1.35352e-57,2.01245e+15,1.06904e+16,1.07027e+12,1.2704e+16
1.10548e+07,96433.9,8.07063e+06,5.48127e+26,1.30902e+23,2.81649e+11,0.264004,2.85306e+31,0.03468,0.00037431,2.46287e-09,1.35352e-57,2.01172e+15,1.0687e+16,1.06984e+12,1.26998e+16
1.11648e+07,96412.7,8.06982e+06,5.64578e+26,1.34781e+23,2.84449e+11,0.264056,2.85017e+31,0.03468,0.00037431,2.46287e-09,1.35352e-57,2.01098e+15,1.06836e+16,1.06941e+12,1.26957e+16
1.12748e+07,96391.3,8.069e+06,5.81353e+26,1.38734e+23,2.8725e+11,0.264109,2.84725e+31,0.03468,0.00037431,2.46287e-09,1.35352e-57,2.01024e+15,1.06802e+16,1.06898e+12,1.26915e+16
1.13848e+07,96369.7,8.06817e+06,5.98455e+26,1.42761e+23,2.9005e+11,0.264162,2.84431e+31,0.03468,0.00037431,2.46287e-09,1.35352e-57,2.00949e+15,1.06767e+16,1.06854e+12,1.26872e+16
1.14948e+07,96347.9,8.06734e+06,6.15886e+26,1.46863e+23,2.9285e+11,0.264216,2.84134e+31,0.03468,0.00037431,2.46287e-09,1.35352e-57,2.00873e+15,1.06732e+16,1.0681e+12,1.2683e+16
1.16048e+07,96325.9,8.0665e+06,6.33651e+26,1.51041e+23,2.9565e+11,0.264271,2.83835e+31,0.03468,0.00037431,2.46287e-09,1.35352e-57,2.00797e+15,1.06696e+16,1.06765e+12,1.26786e+16
1.17148e+07,96303.7,8.06564e+06,6.51751e+26,1.55295e+23,2.9845e+11,0.264325,2.83533e+31,0.03468,0.00037431,2.46287e-09,1.35352e-57,2.0072e+15,1.0666e+16,1.0672e+12,1.26743e+16
1.18248e+07,96281.2,8.06479e+06,6.7019e+26,1.59625e+23,3.01251e+11,0.264381,2.83228e+31,0.03468,0.00037431,2.46287e-09,1.35352e-57,2.00642e+15,1.06624e+16,1.06675e+12,1.26699e+16
1.19348e+07,96258.6,8.06392e+06,6.88971e+26,1.64034e+23,3.04051e+11,0.264437,2.82921e+31,0.03468,0.00037431,2.46287e-09,1.35352e-57,2.00563e+15,1.06588e+16,1.06629e+12,1.26654e+16
1.20448e+07,96235.8,8.06305e+06,7.08096e+26,1.6852e+23,3.0685e+11,0.264493,2.82612e+31,0.03468,0.00037431,2.46287e-09,1.35352e-57,2.00484e+15,1.06551e+16,1.06583e+12,1.2661e+16
1.21548e+07,96212.8,8.06216e+06,7.2757e+26,1.73084e+23,3.0965e+11,0.26455,2.823e+31,0.03468,0.00037431,2.46287e-09,1.35352e-57,2.00404e+15,1.06514e+16,1.06536e+12,1.26565e+16
1.22648e+07,96189.5,8.06127e+06,7.47394e+26,1.77728e+23,3.1245e+11,0.264608,2.81985e+31,0.03468,0.00037431,2.46287e-09,1.35352e-57,2.00323e+15,1.06476e+16,1.06489e+12,1.26519e+16
1.23748e+07,96166.1,8.06038e+06,7.67573e+26,1.82452e+23,3.1525e+11,0.264666,2.81668e+31,0.03468,0.00037431,2.46287e-09,1.35352e-57,2.00242e+15,1.06438e+16,1.06442e+12,1.26473e+16
1.24848e+07,96142.5,8.05947e+06,7.88108e+26,1.87255e+23,3.1805e+11,0.264724,2.81349e+31,0.03468,0.00037431,2.46287e-09,1.35352e-57,2.0016e+15,1.064e+16,1.06394e+12,1.26427e+16
1.25948e+07,96118.6,8.05856e+06,8.09003e+26,1.9214e+23,3.20849e+11,0.264784,2.81027e+31,0.03468,0.00037431,2.46287e-09,1.35352e-57,2.00077e+15,1.06362e+16,1.06345e+12,1.2638e+16
1.27048e+07,96094.6,8.05763e+06,8.30261e+26,1.97106e+23,3.23649e+11,0.264843,2.80703e+31,0.03468,0.00037431,2.46287e-09,1.35352e-57,1.99994e+15,1.06323e+16,1.06297e+12,1.26333e+16
1.28148e+07,96070.3,8.0567e+06,8.51885e+26,2.02153e+23,3.26448e+11,0.264903,2.80376e+31,0.03468,0.00037431,2.46287e-09,1.35352e-57,1.9991e+15,1.06284e+16,1.06248e+12,1.26285e+16
1.29248e+07,96045.9,8.05577e+06,8.73878e+26,2.07283e+23,3.29248e+11,0.264964,2.80047e+31,0.03468,0.00037431,2.46287e-09,1.35352e-57,1.99825e+15,1.06244e+16,1.06198e+12,1.26238e+16
1.30348e+07,96021.2,8.05482e+06,8.96243e+26,2.12496e+23,3.32047e+11,0.265025,2.79716e+31,0.03468,0.00037431,2.46287e-09,1.35352e-57,1.99739e+15,1.06205e+16,1.06148e+12,1.26189e+16
1.31448e+07,95996.4,8.05387e+06,9.18983e+26,2.17793e+23,3.34846e+11,0.265087,2.79382e+31,0.03468,0.00037431,2.46287e-09,1.35352e-57,1.99653e+15,1.06165e+16,1.06098e+12,1.26141e+16
1.32548e+07,95971.3,8.05291e+06,9.421e+26,2.23173e+23,3.37645e+11,0.265149,2.79045e+31,0.03468,0.00037431,2.46287e-09,1.35352e-57,1.99566e+15,1.06124e+16,1.06048e+12,1.26092e+16
1.33648e+07,95946.1,8.05194e+06,9.65598e+26,2.28639e+23,3.40444e+11,0.265212,2.78707e+31,0.03468,0.00037431,2.46287e-09,1.35352e-57,1.99479e+15,1.06084e+16,1.05997e+12,1.26042e+16
1.34748e+07,95920.6,8.05096e+06,9.8948e+26,2.34189e+23,3.43243e+11,0.265276,2.78366e+31,0.03468,0.00037431,2.46287e-09,1.35352e-57,1.99391e+15,1.06043e+16,1.05945e+12,1.25992e+16
1.35848e+07,95895,8.04998e+06,1.01375e+27,2.39825e+23,3.46042e+11,0.265339,2.78022e+31,0.03468,0.00037431,2.46287e-09,1.35352e-57,1.99302e+15,1.06001e+16,1.05893e+12,1.25942e+16
1.36948e+07,95869.1,8.04898e+06,1.03841e+27,2.45547e+23,3.48841e+11,0.265404,2.77676e+31,0.03468,0.00037431,2.46287e-09,1.35352e-57,1.99212e+15,1.0596e+16,1.05841e+12,1.25891e+16
1.38048e+07,95843.1,8.04798e+06,1.06346e+27,2.51355e+23,3.5164e+11,0.265469,2.77328e+31,0.03468,0.00037431,2.46287e-09,1.35352e-57,1.99122e+15,1.05918e+16,1.05789e+12,1.2584e+16
1.39148e+07,95816.8,8.04698e+06,1.0889e+27,2.57251e+23,3.54439e+11,0.265534,2.76978e+31,0.03468,0.00037431,2.46287e-09,1.35352e-57,1.99031e+15,1.05875e+16,1.05736e+12,1.25789e+16
1.40248e+07,95790.3,8.04596e+06,1.11475e+27,2.63234e+23,3.57238e+11,0.2656,2.76625e+31,0.03468,0.00037431,2.46287e-09,1.35352e-57,1.9894e+15,1.05833e+16,1.05682e+12,1.25737e+16
1.41348e+07,95763.7,8.04494e+06,1.14099e+27,2.69306e+23,3.60036e+11,0.265667,2.7627e+31,0.03468,0.00037431,2.46287e-09,1.35352e-57,1.98847e+15,1.0579e+16,1.05628e+12,1.25685e+16
1.42448e+07,95736.8,8.0439e+06,1.16764e+27,2.75466e+23,3.62835e+11,0.265734,2.75912e+31,0.03468,0.00037431,2.46287e-09,1.35352e-57,1.98754e+15,1.05747e+16,1.05574e+12,1.25633e+16
1.43548e+07,95709.8,8.04286e+06,1.1947e+27,2.81715e+23,3.65633e+11,0.265802,2.75553e+31,0.03468,0.00037431,2.46287e-09,1.35352e-57,1.98661e+15,1.05703e+16,1.0552e+12,1.2558e+16
1.44648e+07,95682.5,8.04182e+06,1.22217e+27,2.88054e+23,3.68431e+11,0.26587,2.75191e+31,0.03468,0.00037431,2.46287e-09,1.35352e-57,1.98566e+15,1.05659e+16,1.05465e+12,1.25526e+16
1.45748e+07,95655.1,8.04076e+06,1.25005e+27,2.94483e+23,3.7123e+11,0.265939,2.74826e+31,0.03468,0.00037431,2.46287e-09,1.35352e-57,1.98472e+15,1.05615e+16,1.05409e+12,1.25473e+16
1.46848e+07,95627.4,8.0397e+06,1.27834e+27,3.01003e+23,3.74028e+11,0.266008,2.7446e+31,0.03468,0.00037431,2.46287e-09,1.35352e-57,1.98376e+15,1.05571e+16,1.05354e+12,1.25419e+16
1.47948e+07,95599.5,8.03863e+06,1.30706e+27,3.07614e+23,3.76826e+11,0.266078,2.74091e+31,0.03468,0.00037431,2.46287e-09,1.35352e-57,1.9828e+15,1.05526e+16,1.05297e+12,1.25364e+16
1.49048e+07,95571.5,8.03755e+06,1.33619e+27,3.14316e+23,3.79624e+11,0.266148,2.7372e+31,0.03468,0.00037431,2.46287e-09,1.35352e-57,1.98183e+15,1.05481e+16,1.05241e+12,1.25309e+16
1.50148e+07,95543.2,8.03646e+06,1.36576e+27,3.2111e+23,3.82422e+11,0.266219,2.73347e+31,0.03468,0.00037431,2.46287e-09,1.35352e-57,1.98085e+15,1.05435e+16,1.05184e+12,1.25254e+16
1.51248e+07,95514.8,8.03537e+06,1.39574e+27,3.27997e+23,3.8522e+11,0.26629,2.72971e+31,0.03468,0.00037431,2.46287e-09,1.35352e-57,1.97987e+15,1.05389e+16,1.05127e+12,1.25199e+16
1.52348e+07,95486.1,8.03427e+06,1.42616e+27,3.34976e+23,3.88018e+11,0.266362,2.72594e+31,0.03468,0.00037431,2.46287e-09,1.35352e-57,1.97888e+15,1.05343e+16,1.05069e+12,1.25143e+16
1.53448e+07,95457.3,8.03316e+06,1.45701e+27,3.42049e+23,3.90815e+11,0.266434,2.72214e+31,0.03468,0.00037431,2.46287e-09,1.35352e-57,1.97788e+15,1.05297e+16,1.05011e+12,1.25086e+16
1.54548e+07,95428.2,8.03204e+06,1.4883e+27,3.49216e+23,3.93613e+11,0.266508,2.71832e+31,0.03468,0.00037431,2.46287e-09,1.35352e-57,1.97688e+15,1.0525e+16,1.04953e+12,1.2503e+16
1.55648e+07,95399,8.03091e+06,1.52003e+27,3.56477e+23,3.9641e+11,0.266581,2.71448e+31,0.03468,0.00037431,2.46287e-09,1.35352e-57,1.97587e+15,1.05203e+16,1.04894e+12,1.24972e+16
1.56748e+07,95369.5,8.02978e+06,1.5522e+27,3.63833e+23,3.99208e+11,0.266655,2.71061e+31,0.03468,0.00037431,2.46287e-09,1.35352e-57,1.97485e+15,1.05156e+16,1.04835e+12,1.24915e+16
1.57848e+07,95339.9,8.02864e+06,1.58481e+27,3.71284e+23,4.02005e+11,0.26673,2.70673e+31,0.03468,0.00037431,2.46287e-09,1.35352e-57,1.97383e+15,1.05108e+16,1.04775e+12,1.24857e+16
1.58948e+07,95310.1,8.02749e+06,1.61787e+27,3.7883e+23,4.04802e+11,0.266805,2.70282e+31,0.03468,0.00037431,2.46287e-09,1.35352e-57,1.9728e+15,1.0506e+16,1.04715e+12,1.24799e+16
1.60048e+07,95280,8.02633e+06,1.65138e+27,3.86472e+23,4.076e+11,0.266881,2.69889e+31,0.03468,0.00037431,2.46287e-09,1.35352e-57,1.97176e+15,1.05012e+16,1.04655e+12,1.2474e+16
1.61148e+07,95249.8,8.02517e+06,1.68535e+27,3.94211e+23,4.10397e+11,0.266957,2.69494e+31,0.03468,0.00037431,2.46287e-09,1.35352e-57,1.97072e+15,1.04964e+16,1.04594e+12,1.24681e+16
1.62248e+07,95219.4,8.024e+06,1.71977e+27,4.02047e+23,4.13194e+11,0.267034,2.69097e+31,0.03468,0.00037431,2.46287e-09,1.35352e-57,1.96967e+15,1.04915e+16,1.04533e+12,1.24622e+16
1.63348e+07,95188.7,8.02282e+06,1.75464e+27,4.0998e+23,4.1599e+11,0.267111,2.68698e+31,0.03468,0.00037431,2.46287e-09,1.35352e-57,1.96862e+15,1.04866e+16,1.04471e+12,1.24562e+16
1.64448e+07,95157.9,8.02163e+06,1.78998e+27,4.1801e+23,4.18787e+11,0.267189,2.68297e+31,0.03468,0.00037431,2.46287e-09,1.35352e-57,1.96755e+15,1.04816e+16,1.0441e+12,1.24502e+16
1.65548e+07,95126.9,8.02043e+06,1.82579e+27,4.26138e+23,4.21584e+11,0.267267,2.67894e+31,0.03468,0.00037431,2.46287e-09,1.35352e-57,1.96648e+15,1.04766e+16,1.04347e+12,1.24442e+16
1.66648e+07,95095.7,8.01923e+06,1.86206e+27,4.34365e+23,4.24381e+11,0.267346,2.67488e+31,0.03468,0.00037431,2.46287e-09,1.35352e-57,1.96541e+15,1.04716e+16,1.04285e+12,1.24381e+16
1.67748e+07,95064.3,8.01802e+06,1.8988e+27,4.42691e+23,4.27177e+11,0.267426,2.67081e+31,0.03468,0.00037431,2.46287e-09,1.35352e-57,1.96433e+15,1.04666e+16,1.04222e+12,1.2432e+16
1.68848e+07,95032.7,8.0168e+06,1.93602e+27,4.51116e+23,4.29974e+11,0.267506,2.66672e+31,0.03468,0.00037431,2.46287e-09,1.35352e-57,1.96324e+15,1.04615e+16,1.04158e+12,1.24258e+16
1.69948e+07,95000.9,8.01557e+06,1.97371e+27,4.59641e+23,4.3277e+11,0.267586,2.6626e+31,0.03468,0.00037431,2.46287e-09,1.35352e-57,1.96215e+15,1.04564e+16,1.04095e+12,1.24196e+16
1.71048e+07,94968.9,8.01434e+06,2.01187e+27,4.68265e+23,4.35566e+11,0.267667,2.65847e+31,0.03468,0.00037431,2.46287e-09,1.35352e-57,1.96104e+15,1.04513e+16,1.04031e+12,1.24134e+16
1.72148e+07,94936.7,8.0131e+06,2.05052e+27,4.7699e+23,4.38362e+11,0.267749,2.65431e+31,0.03468,0.00037431,2.46287e-09,1.35352e-57,1.95994e+15,1.04461e+16,1.03966e+12,1.24071e+16
1.73248e+07,94904.3,8.01185e+06,2.08965e+27,4.85815e+23,4.41158e+11,0.267831,2.65014e+31,0.03468,0.00037431,2.46287e-09,1.35352e-57,1.95882e+15,1.04409e+16,1.03901e+12,1.24008e+16
1.74348e+07,94871.8,8.01059e+06,2.12927e+27,4.94742e+23,4.43954e+11,0.267914,2.64594e+31,0.03468,0.00037431,2.46287e-09,1.35352e-57,1.9577e+15,1.04357e+16,1.03836e+12,1.23945e+16
1.75448e+07,94839,8.00933e+06,2.16938e+27,5.0377e+23,4.4675e+11,0.267997,2.64173e+31,0.03468,0.00037431,2.46287e-09,1.35352e-57,1.95658e+15,1.04305e+16,1.03771e+12,1.23881e+16
1.76548e+07,94806,8.00805e+06,2.20998e+27,5.129e+23,4.49546e+11,0.268081,2.63749e+31,0.03468,0.00037431,2.46287e-09,1.35352e-57,1.95544e+15,1.04252e+16,1.03705e+12,1.23817e+16
1.77648e+07,94772.9,8.00677e+06,2.25108e+27,5.22132e+23,4.52342e+11,0.268166,2.63324e+31,0.03468,0.00037431,2.46287e-09,1.35352e-57,1.9543e+15,1.04199e+16,1.03638e+12,1.23752e+16
1.78748e+07,94739.5,8.00549e+06,2.29267e+27,5.31467e+23,4.55137e+11,0.268251,2.62897e+31,0.03468,0.00037431,2.46287e-09,1.35352e-57,1.95316e+15,1.04145e+16,1.03572e+12,1.23687e+16
1.79848e+07,94706,8.00419e+06,2.33476e+27,5.40904e+23,4.57933e+11,0.268336,2.62468e+31,0.03468,0.00037431,2.46287e-09,1.35352e-57,1.952e+15,1.04092e+16,1.03505e+12,1.23622e+16
1.80948e+07,94672.3,8.00289e+06,2.37736e+27,5.50445e+23,4.60728e+11,0.268422,2.62036e+31,0.03468,0.00037431,2.46287e-09,1.35352e-57,1.95085e+15,1.04038e+16,1.03437e+12,1.23556e+16
1.82048e+07,94638.3,8.00158e+06,2.42046e+27,5.60089e+23,4.63524e+11,0.268509,2.61603e+31,0.03468,0.00037431,2.46287e-09,1.35352e-57,1.94968e+15,1.03983e+16,1.03369e+12,1.2349e+16
1.83148e+07,94604.2,8.00026e+06,2.46407e+27,5.69837e+23,4.66319e+11,0.268596,2.61169e+31,0.03468,0.00037431,2.46287e-09,1.35352e-57,1.94851e+15,1.03929e+16,1.03301e+12,1.23424e+16
1.84248e+07,94569.9,7.99893e+06,2.50819e+27,5.79689e+23,4.69114e+11,0.268684,2.60732e+31,0.03468,0.00037431,2.46287e-09,1.35352e-57,1.94733e+15,1.03874e+16,1.03233e+12,1.23357e+16
1.85348e+07,94535.4,7.9976e+06,2.55283e+27,5.89645e+23,4.71909e+11,0.268772,2.60293e+31,0.03468,0.00037431,2.46287e-09,1.35352e-57,1.94615e+15,1.03818e+16,1.03164e+12,1.2329e+16
1.86448e+07,94500.7,7.99625e+06,2.59798e+27,5.99707e+23,4.74704e+11,0.268861,2.59853e+31,0.03468,0.00037431,2.46287e-09,1.35352e-57,1.94496e+15,1.03763e+16,1.03095e+12,1.23223e+16
1.87548e+07,94465.8,7.99491e+06,2.64365e+27,6.09873e+23,4.77498e+11,0.26895,2.5941e+31,0.03468,0.00037431,2.46287e-09,1.35352e-57,1.94376e+15,1.03707e+16,1.03025e+12,1.23155e+16
1.88648e+07,94430.8,7.99355e+06,2.68984e+27,6.20145e+23,4.80293e+11,0.26904,2.58966e+31,0.03468,0.00037431,2.46287e-09,1.35352e-57,1.94256e+15,1.03651e+16,1.02955e+12,1.23087e+16
1.89748e+07,94395.5,7.99218e+06,2.73656e+27,6.30522e+23,4.83088e+11,0.26913,2.5852e+31,0.03468,0.00037431,2.46287e-09,1.35352e-57,1.94135e+15,1.03595e+16,1.02885e+12,1.23018e+16
1.90848e+07,94360,7.99081e+06,2.7838e+27,6.41005e+23,4.85882e+11,0.269221,2.58073e+31,0.03468,0.00037431,2.46287e-09,1.35352e-57,1.94013e+15,1.03538e+16,1.02814e+12,1.2295e+16
1.91948e+07,94324.4,7.98943e+06,2.83157e+27,6.51595e+23,4.88677e+11,0.269313,2.57623e+31,0.03468,0.00037431,2.46287e-09,1.35352e-57,1.93891e+15,1.03481e+16,1.02743e+12,1.2288e+16
1.93048e+07,94288.5,7.98804e+06,2.87988e+27,6.62291e+23,4.91471e+11,0.269405,2.57172e+31,0.03468,0.00037431,2.46287e-09,1.35352e-57,1.93769e+15,1.03424e+16,1.02672e+12,1.22811e+16
1.94148e+07,94252.5,7.98665e+06,2.92872e+27,6.73094e+23,4.94265e+11,0.269498,2.56719e+31,0.03468,0.00037431,2.46287e-09,1.35352e-57,1.93645e+15,1.03366e+16,1.026e+12,1.22741e+16
1.95248e+07,94216.3,7.98525e+06,2.9781e+27,6.84004e+23,4.97059e+11,0.269591,2.56264e+31,0.03468,0.00037431,2.46287e-09,1.35352e-57,1.93521e+15,1.03308e+16,1.02528e+12,1.22671e+16
1.96348e+07,94179.9,7.98383e+06,3.02802e+27,6.95022e+23,4.99853e+11,0.269685,2.55807e+31,0.03468,0.00037431,2.46287e-09,1.35352e-57,1.93397e+15,1.0325e+16,1.02456e+12,1.226e+16
1.97448e+07,94143.3,7.98242e+06,3.07848e+27,7.06147e+23,5.02647e+11,0.269779,2.55349e+31,0.03468,0.00037431,2.46287e-09,1.35352e-57,1.93271e+15,1.03192e+16,1.02383e+12,1.22529e+16
1.98548e+07,94106.5,7.98099e+06,3.12948e+27,7.1738e+23,5.0544e+11,0.269874,2.54889e+31,0.03468,0.00037431,2.46287e-09,1.35352e-57,1.93145e+15,1.03133e+16,1.0231e+12,1.22458e+16
1.99648e+07,94069.5,7.97956e+06,3.18104e+27,7.28721e+23,5.08234e+11,0.269969,2.54427e+31,0.03468,0.00037431,2.46287e-09,1.35352e-57,1.93019e+15,1.03074e+16,1.02236e+12,1.22386e+16
2.00748e+07,94032.4,7.97812e+06,3.23314e+27,7.40171e+23,5.11028e+11,0.270065,2.53964e+31,0.03468,0.00037431,2.46287e-09,1.35352e-57,1.92892e+15,1.03015e+16,1.02163e+12,1.22314e+16
2.01848e+07,93995,7.97667e+06,3.2858e+27,7.51729e+23,5.13821e+11,0.270162,2.53499e+31,0.03468,0.00037431,2.46287e-09,1.35352e-57,1.92764e+15,1.02955e+16,1.02088e+12,1.22242e+16
2.02948e+07,93957.5,7.97521e+06,3.33902e+27,7.63396e+23,5.16614e+11,0.270259,2.53032e+31,0.03468,0.00037431,2.46287e-09,1.35352e-57,1.92636e+15,1.02895e+16,1.02014e+12,1.22169e+16
2.04048e+07,93919.8,7.97375e+06,3.39279e+27,7.75172e+23,5.19407e+11,0.270357,2.52564e+31,0.03468,0.00037431,2.46287e-09,1.35352e-57,1.92507e+15,1.02835e+16,1.01939e+12,1.22096e+16
2.05148e+07,93881.9,7.97228e+06,3.44713e+27,7.87057e+23,5.222e+11,0.270455,2.52094e+31,0.03468,0.00037431,2.46287e-09,1.35352e-57,1.92378e+15,1.02774e+16,1.01864e+12,1.22022e+16
2.06248e+07,93843.8,7.9708e+06,3.50202e+27,7.99052e+23,5.24993e+11,0.270554,2.51622e+31,0.03468,0.00037431,2.46287e-09,1.35352e-57,1.92248e+15,1.02714e+16,1.01788e+12,1.21948e+16
2.07348e+07,93805.5,7.96931e+06,3.55749e+27,8.11157e+23,5.27786e+11,0.270653,2.51149e+31,0.03468,0.00037431,2.46287e-09,1.35352e-57,1.92117e+15,1.02653e+16,1.01712e+12,1.21874e+16
2.08448e+07,93767,7.96782e+06,3.61352e+27,8.23371e+23,5.30579e+11,0.270753,2.50674e+31,0.03468,0.00037431,2.46287e-09,1.35352e-57,1.91986e+15,1.02591e+16,1.01636e+12,1.218e+16
2.09548e+07,93728.4,7.96632e+06,3.67013e+27,8.35696e+23,5.33371e+11,0.270853,2.50198e+31,0.03468,0.00037431,2.46287e-09,1.35352e-57,1.91854e+15,1.0253e+16,1.01559e+12,1.21725e+16
2.10648e+07,93689.5,7.96481e+06,3.7273e+27,8.48131e+23,5.36164e+11,0.270954,2.4972e+31,0.03468,0.00037431,2.46287e-09,1.35352e-57,1.91721e+15,1.02468e+16,1.01482e+12,1.2165e+16
2.11748e+07,93650.5,7.96329e+06,3.78506e+27,8.60677e+23,5.38956e+11,0.271056,2.4924e+31,0.03468,0.00037431,2.46287e-09,1.35352e-57,1.91588e+15,1.02405e+16,1.01405e+12,1.21574e+16
2.12848e+07,93611.3,7.96177e+06,3.84339e+27,8.73334e+23,5.41749e+11,0.271158,2.48759e+31,0.03468,0.00037431,2.46287e-09,1.35352e-57,1.91454e+15,1.02343e+16,1.01328e+12,1.21499e+16
2.13948e+07,93571.9,7.96023e+06,3.90231e+27,8.86101e+23,5.44541e+11,0.271261,2.48276e+31,0.03468,0.00037431,2.46287e-09,1.35352e-57,1.9132e+15,1.0228e+16,1.0125e+12,1.21422e+16
2.15048e+07,93532.3,7.95869e+06,3.9618e+27,8.9898e+23,5.47333e+11,0.271364,2.47792e+31,0.03468,0.00037431,2.46287e-09,1.35352e-57,1.91185e+15,1.02217e+16,1.01171e+12,1.21346e+16
2.16148e+07,93492.5,7.95715e+06,4.02189e+27,9.1197e+23,5.50125e+11,0.271468,2.47306e+31,0.03468,0.00037431,2.46287e-09,1.35352e-57,1.9105e+15,1.02154e+16,1.01093e+12,1.21269e+16
2.17248e+07,93452.6,7.95559e+06,4.08256e+27,9.25071e+23,5.52916e+11,0.271572,2.46819e+31,0.03468,0.00037431,2.46287e-09,1.35352e-57,1.90914e+15,1.0209e+16,1.01014e+12,1.21192e+16
2.18348e+07,93412.4,7.95403e+06,4.14383e+27,9.38284e+23,5.55708e+11,0.271677,2.46331e+31,0.03468,0.00037431,2.46287e-09,1.35352e-57,1.90777e+15,1.02026e+16,1.00934e+12,1.21114e+16
2.19448e+07,93372.1,7.95246e+06,4.20568e+27,9.51609e+23,5.585e+11,0.271783,2.4584e+31,0.03468,0.00037431,2.46287e-09,1.35352e-57,1.9064e+15,1.01962e+16,1.00855e+12,1.21036e+16
2.20548e+07,93331.6,7.95089e+06,4.26814e+27,9.65046e+23,5.61291e+11,0.271889,2.45349e+31,0.03468,0.00037431,2.46287e-09,1.35352e-57,1.90502e+15,1.01898e+16,1.00775e+12,1.20958e+16
2.21648e+07,93290.9,7.9493e+06,4.33119e+27,9.78595e+23,5.64082e+11,0.271996,2.44856e+31,0.03468,0.00037431,2.46287e-09,1.35352e-57,1.90364e+15,1.01833e+16,1.00695e+12,1.2088e+16
2.22748e+07,93250.1,7.94771e+06,4.39485e+27,9.92257e+23,5.66873e+11,0.272103,2.44361e+31,0.03468,0.00037431,2.46287e-09,1.35352e-57,1.90225e+15,1.01768e+16,1.00614e+12,1.20801e+16
2.23848e+07,93209,7.94611e+06,4.4591e+27,1.00603e+24,5.69664e+11,0.272211,2.43865e+31,0.03468,0.00037431,2.46287e-09,1.35352e-57,1.90085e+15,1.01703e+16,1.00533e+12,1.20721e+16
2.24948e+07,93167.8,7.9445e+06,4.52397e+27,1.01992e+24,5.72455e+11,0.272319,2.43368e+31,0.03468,0.00037431,2.46287e-09,1.35352e-57,1.89945e+15,1.01637e+16,1.00452e+12,1.20642e+16
2.26048e+07,93126.3,7.94289e+06,4.58944e+27,1.03392e+24,5.75246e+11,0.272428,2.42869e+31,0.03468,0.00037431,2.46287e-09,1.35352e-57,1.89804e+15,1.01571e+16,1.0037e+12,1.20562e+16
2.27148e+07,93084.7,7.94127e+06,4.65552e+27,1.04803e+24,5.78037e+11,0.272538,2.42369e+31,0.03468,0.00037431,2.46287e-09,1.35352e-57,1.89663e+15,1.01505e+16,1.00288e+12,1.20482e+16
2.28248e+07,93043,7.93964e+06,4.72222e+27,1.06225e+24,5.80827e+11,0.272648,2.41868e+31,0.03468,0.00037431,2.46287e-09,1.35352e-57,1.89521e+15,1.01439e+16,1.00206e+12,1.20401e+16
2.29348e+07,93001,7.938e+06,4.78953e+27,1.07659e+24,5.83618e+11,0.272758,2.41365e+31,0.03468,0.00037431,2.46287e-09,1.35352e-57,1.89379e+15,1.01372e+16,1.00123e+12,1.2032e+16
2.30448e+07,92958.9,7.93636e+06,4.85746e+27,1.09104e+24,5.86408e+11,0.27287,2.40861e+31,0.03468,0.00037431,2.46287e-09,1.35352e-57,1.89236e+15,1.01305e+16,1.0004e+12,1.20239e+16
2.31548e+07,92916.5,7.93471e+06,4.92601e+27,1.1056e+24,5.89198e+11,0.272981,2.40356e+31,0.03468,0.00037431,2.46287e-09,1.35352e-57,1.89092e+15,1.01238e+16,9.99571e+11,1.20157e+16
2.32648e+07,92874,7.93305e+06,4.99519e+27,1.12028e+24,5.91988e+11,0.273094,2.39849e+31,0.03468,0.00037431,2.46287e-09,1.35352e-57,1.88948e+15,1.01171e+16,9.98735e+11,1.20076e+16
2.33748e+07,92831.4,7.93138e+06,5.06499e+27,1.13507e+24,5.94778e+11,0.273207,2.39341e+31,0.03468,0.00037431,2.46287e-09,1.35352e-57,1.88803e+15,1.01103e+16,9.97896e+11,1.19993e+16
2.34848e+07,92788.5,7.92971e+06,5.13541e+27,1.14998e+24,5.97568e+11,0.27332,2.38831e+31,0.03468,0.00037431,2.46287e-09,1.35352e-57,1.88658e+15,1.01035e+16,9.97054e+11,1.19911e+16
2.35948e+07,92745.4,7.92803e+06,5.20647e+27,1.165e+24,6.00358e+11,0.273434,2.38321e+31,0.03468,0.00037431,2.46287e-09,1.35352e-57,1.88512e+15,1.00967e+16,9.96209e+11,1.19828e+16
2.37048e+07,92702.2,7.92634e+06,5.27816e+27,1.18013e+24,6.03147e+11,0.273549,2.37809e+31,0.03468,0.00037431,2.46287e-09,1.35352e-57,1.88366e+15,1.00898e+16,9.9536e+11,1.19745e+16
2.38148e+07,92658.8,7.92464e+06,5.35048e+27,1.19537e+24,6.05936e+11,0.273664,2.37296e+31,0.03468,0.00037431,2.46287e-09,1.35352e-57,1.88219e+15,1.00829e+16,9.94509e+11,1.19661e+16
2.39548e+07,92603.3,7.92247e+06,5.44345e+27,1.21494e+24,6.09486e+11,0.273812,2.36641e+31,0.03468,0.00037431,2.46287e-09,1.35352e-57,1.88031e+15,1.00741e+16,9.9342e+11,1.19554e+16
2.40809e+07,92553.1,7.92051e+06,5.52808e+27,1.23273e+24,6.12684e+11,0.273945,2.36049e+31,0.03468,0.00037431,2.46287e-09,1.35352e-57,1.87861e+15,1.00662e+16,9.92435e+11,1.19458e+16
2.43972e+07,92426,7.91554e+06,5.7441e+27,1.278e+24,6.20704e+11,0.274284,2.34558e+31,0.03468,0.00037431,2.46287e-09,1.35352e-57,1.87431e+15,1.0046e+16,9.89947e+11,1.19213e+16
2.50592e+07,92155.2,7.90494e+06,6.21362e+27,1.37581e+24,6.37485e+11,0.275008,2.31407e+31,0.03468,0.00037431,2.46287e-09,1.35352e-57,1.86517e+15,1.00032e+16,9.84656e+11,1.18693e+16
2.62612e+07,91646.9,7.88502e+06,7.12784e+27,1.56398e+24,6.67943e+11,0.276375,2.25587e+31,0.03468,0.00037431,2.46287e-09,1.35352e-57,1.84805e+15,9.92296e+15,9.74768e+11,1.1772e+16
2.82173e+07,90775.1,7.85075e+06,8.7923e+27,1.89937e+24,7.17479e+11,0.278749,2.15881e+31,0.03468,0.00037431,2.46287e-09,1.35352e-57,1.81885e+15,9.78585e+15,9.57933e+11,1.16057e+16
3.11497e+07,89368.6,7.79516e+06,1.17195e+28,2.46861e+24,7.91652e+11,0.282662,2.00932e+31,0.03468,0.00037431,2.46287e-09,1.35352e-57,1.77212e+15,9.56601e+15,9.31088e+11,1.13391e+16
3.52906e+07,87191.6,7.70829e+06,1.6796e+28,3.40131e+24,8.96187e+11,0.288938,1.79428e+31,0.03468,0.00037431,2.46287e-09,1.35352e-57,1.70076e+15,9.22898e+15,8.90272e+11,1.09306e+16
4.02906e+07,84292.7,7.59089e+06,2.45014e+28,4.70524e+24,1.02203e+12,0.297751,1.5366e+31,0.03468,0.00037431,2.46287e-09,1.35352e-57,1.60756e+15,8.78624e+15,8.37262e+11,1.03946e+16
4.52906e+07,81136.5,7.46059e+06,3.40292e+28,6.16257e+24,1.14739e+12,0.308014,1.29003e+31,0.03468,0.00037431,2.46287e-09,1.35352e-57,1.5085e+15,8.31209e+15,7.81239e+11,9.82137e+15
5.02906e+07,77764.7,7.31829e+06,4.54428e+28,7.72155e+24,1.2722e+12,0.319845,1.06196e+31,0.03468,0.00037431,2.46287e-09,1.35352e-57,1.40547e+15,7.81471e+15,7.23317e+11,9.22091e+15
5.52906e+07,74218,7.16493e+06,5.87617e+28,9.32679e+24,1.39641e+12,0.333381,8.57418e+30,0.03468,0.00037431,2.46287e-09,1.35352e-57,1.30027e+15,7.302e+15,6.64566e+11,8.60294e+15
6.02906e+07,70536.9,7.0015e+06,7.39629e+28,1.09244e+25,1.51996e+12,0.348777,6.79142e+30,0.03468,0.00037431,2.46287e-09,1.35352e-57,1.19457e+15,6.78153e+15,6.05976e+11,7.97671e+15
6.52906e+07,66761.2,6.82903e+06,9.0983e+28,1.24661e+25,1.64279e+12,0.366215,5.27866e+30,0.03468,0.00037431,2.46287e-09,1.35352e-57,1.08991e+15,6.26042e+15,5.48437e+11,7.35088e+15
7.02906e+07,62929.4,6.64854e+06,1.09722e+29,1.39123e+25,1.76484e+12,0.385906,4.02712e+30,0.03468,0.00037431,2.46287e-09,1.35352e-57,9.87661e+14,5.74514e+15,4.92715e+11,6.7333e+15
7.52906e+07,59078.1,6.46108e+06,1.30047e+29,1.52336e+25,1.88606e+12,0.408091,3.01639e+30,0.03468,0.00037431,2.46287e-09,1.35352e-57,8.88988e+14,5.24146e+15,4.3945e+11,6.13088e+15
8.02906e+07,55241.1,6.26767e+06,1.51797e+29,1.64114e+25,2.00639e+12,0.433051,2.21878e+30,0.03468,0.00037431,2.46287e-09,1.35352e-57,7.94857e+14,4.75432e+15,3.89147e+11,5.54957e+15
8.52906e+07,51449.4,6.06932e+06,1.74788e+29,1.7437e+25,2.12577e+12,0.461107,1.60318e+30,0.03468,0.00037431,2.46287e-09,1.35352e-57,7.06023e+14,4.28786e+15,3.42177e+11,4.99423e+15
9.02906e+07,47730.8,5.86703e+06,1.98821e+29,1.83106e+25,2.24414e+12,0.49263,1.13813e+30,0.03468,0.00037431,2.46287e-09,1.35352e-57,6.2304e+14,3.84536e+15,2.98788e+11,4.4687e+15
9.52906e+07,44109.6,5.66174e+06,2.23683e+29,1.90391e+25,2.36145e+12,0.52805,7.94041e+29,0.03468,0.00037431,2.46287e-09,1.35352e-57,5.46269e+14,3.42928e+15,2.59113e+11,3.97581e+15
1.00291e+08,40606.6,5.45435e+06,2.49154e+29,1.96343e+25,2.47763e+12,0.567863,5.44521e+29,0.03468,0.00037431,2.46287e-09,1.35352e-57,4.75898e+14,3.04131e+15,2.23183e+11,3.51743e+15
1.05291e+08,37239.3,5.24573e+06,2.75015e+29,2.01111e+25,2.59264e+12,0.612643,3.67097e+29,0.03468,0.00037431,2.46287e-09,1.35352e-57,4.1196e+14,2.68243e+15,1.90947e+11,3.09458e+15
1.10291e+08,34021.6,5.03667e+06,3.01048e+29,2.0486e+25,2.7064e+12,0.663059,2.43332e+29,0.03468,0.00037431,2.46287e-09,1.35352e-57,3.54359e+14,2.35299e+15,1.6228e+11,2.70751e+15
1.15291e+08,30964.2,4.82793e+06,3.27042e+29,2.07753e+25,2.81887e+12,0.719888,1.58602e+29,0.03468,0.00037431,2.46287e-09,1.35352e-57,3.0289e+14,2.05278e+15,1.37004e+11,2.3558e+15
1.20291e+08,28074.8,4.62019e+06,3.52798e+29,2.09944e+25,2.92999e+12,0.784038,1.01655e+29,0.03468,0.00037431,2.46287e-09,1.35352e-57,2.57264e+14,1.78113e+15,1.14903e+11,2.03851e+15
1.25291e+08,25358.1,4.41408e+06,3.7813e+29,2.11576e+25,3.03969e+12,0.856574,6.40699e+28,0.03468,0.00037431,2.46287e-09,1.35352e-57,2.17126e+14,1.53701e+15,9.5731e+10,1.75424e+15
1.30291e+08,22816.5,4.21017e+06,4.02867e+29,2.12769e+25,3.14792e+12,0.938749,3.97059e+28,0.03468,0.00037431,2.46287e-09,1.35352e-57,1.82082e+14,1.31907e+15,7.92301e+10,1.50123e+15
1.35291e+08,20450,4.00897e+06,4.26857e+29,2.13627e+25,3.25462e+12,1.03204,2.41918e+28,0.03468,0.00037431,2.46287e-09,1.35352e-57,1.51708e+14,1.12576e+15,6.51358e+10,1.27753e+15
1.40291e+08,18256.7,3.81091e+06,4.49965e+29,2.14233e+25,3.35974e+12,1.13821,1.44876e+28,0.03468,0.00037431,2.46287e-09,1.35352e-57,1.25571e+14,9.55371e+14,5.31868e+10,1.081e+15
1.45291e+08,16233.1,3.61639e+06,4.72078e+29,2.14654e+25,3.46321e+12,1.25935,8.52518e+27,0.03468,0.00037431,2.46287e-09,1.35352e-57,1.03242e+14,8.06115e+14,4.3131e+10,9.094e+14
1.50291e+08,14374.2,3.42573e+06,4.931e+29,2.14941e+25,3.56497e+12,1.39796,4.92724e+27,0.03468,0.00037431,2.46287e-09,1.35352e-57,8.4299e+13,6.76171e+14,3.473e+10,7.60505e+14
1.55291e+08,12673.8,3.23923e+06,5.12957e+29,2.15133e+25,3.66498e+12,1.55708,2.79552e+27,0.03468,0.00037431,2.46287e-09,1.35352e-57,6.83431e+13,5.63726e+14,2.77625e+10,6.32097e+14
1.60291e+08,11125,3.05711e+06,5.3159e+29,2.15259e+25,3.76316e+12,1.74039,1.5559e+27,0.03468,0.00037431,2.46287e-09,1.35352e-57,5.49984e+13,4.67015e+14,2.2026e+10,5.22036e+14
1.65291e+08,9720.18,2.87956e+06,5.48962e+29,2.15341e+25,3.85946e+12,1.95235,8.48784e+26,0.03468,0.00037431,2.46287e-09,1.35352e-57,4.39179e+13,3.84344e+14,1.73377e+10,4.28279e+14
1.70291e+08,8451.29,2.7067e+06,5.65051e+29,2.15393e+25,3.95381e+12,2.19851,4.53377e+26,0.03468,0.00037431,2.46287e-09,1.35352e-57,3.47848e+13,3.14112e+14,1.35349e+10,3.4891e+14
1.75291e+08,7309.99,2.53866e+06,5.7985e+29,2.15425e+25,4.04616e+12,2.48572,2.36824e+26,0.03468,0.00037431,2.46287e-09,1.35352e-57,2.73136e+13,2.54825e+14,1.04739e+10,2.82149e+14
1.80291e+08,6287.82,2.37548e+06,5.93367e+29,2.15444e+25,4.13643e+12,2.82258,1.20793e+26,0.03468,0.00037431,2.46287e-09,1.35352e-57,2.12497e+13,2.05103e+14,8.02964e+09,2.26361e+14
1.85291e+08,5376.34,2.2172e+06,6.05624e+29,2.15456e+25,4.22457e+12,3.21994,6.00511e+25,0.03468,0.00037431,2.46287e-09,1.35352e-57,1.6368e+13,1.63687e+14,6.09412e+09,1.80061e+14
1.90291e+08,4567.24,2.06382e+06,6.16652e+29,2.15463e+25,4.3105e+12,3.69172,2.90344e+25,0.03468,0.00037431,2.46287e-09,1.35352e-57,1.24722e+13,1.29434e+14,4.5749e+09,1.41911e+14
1.95291e+08,3852.42,1.91532e+06,6.26494e+29,2.15466e+25,4.39415e+12,4.25591,1.36168e+25,0.03468,0.00037431,2.46287e-09,1.35352e-57,9.39163e+12,1.0132e+14,3.39358e+09,1.10715e+14
2.00291e+08,3224.04,1.77165e+06,6.35201e+29,2.15469e+25,4.47544e+12,4.93613,6.1748e+24,0.03468,0.00037431,2.46287e-09,1.35352e-57,6.97995e+12,7.84329e+13,2.48427e+09,8.54153e+13
2.05291e+08,2674.62,1.63273e+06,6.4283e+29,2.1547e+25,4.5543e+12,5.76386,2.69699e+24,0.03468,0.00037431,2.46287e-09,1.35352e-57,5.11236e+12,5.99647e+13,1.79202e+09,6.50789e+13
2.10291e+08,2197.03,1.49847e+06,6.49445e+29,2.1547e+25,4.63063e+12,6.78173,1.12925e+24,0.03468,0.00037431,2.46287e-09,1.35352e-57,3.68338e+12,4.52071e+13,1.27141e+09,4.88917e+13
2.15291e+08,1784.56,1.36879e+06,6.55115e+29,2.15471e+25,4.70435e+12,8.04867,4.50623e+23,0.03468,0.00037431,2.46287e-09,1.35352e-57,2.60457e+12,3.35418e+13,8.8518e+08,3.61473e+13
2.20291e+08,1430.88,1.24354e+06,6.59911e+29,2.15471e+25,4.77534e+12,9.64791,1.70132e+23,0.03468,0.00037431,2.46287e-09,1.35352e-57,1.80243e+12,2.44335e+13,6.03026e+08,2.62365e+13
2.25291e+08,1130.1,1.12262e+06,6.63909e+29,2.15471e+25,4.8435e+12,11.7,6.02142e+22,0.03468,0.00037431,2.46287e-09,1.35352e-57,1.21632e+12,1.7421e+13,4.00524e+08,1.86377e+13
2.30291e+08,876.726,1.00589e+06,6.67183e+29,2.15471e+25,4.90869e+12,14.385,1.97424e+22,0.03468,0.00037431,2.46287e-09,1.35352e-57,7.96694e+11,1.21097e+13,2.58158e+08,1.29066e+13
2.35291e+08,665.672,893184,6.6981e+29,2.15471e+25,4.97077e+12,17.981,5.90378e+21,0.03468,0.00037431,2.46287e-09,1.35352e-57,5.03445e+11,8.16435e+12,1.60492e+08,8.66796e+12
2.40291e+08,492.235,784368,6.71868e+29,2.15471e+25,5.02958e+12,22.9365,1.57686e+21,0.03468,0.00037431,2.46287e-09,1.35352e-57,3.0442e+11,5.30167e+12,9.54485e+07,5.60619e+12
2.45291e+08,352.08,679279,6.73432e+29,2.15471e+25,5.08491e+12,30.0127,3.65414e+20,0.03468,0.00037431,2.46287e-09,1.35352e-57,1.74149e+11,3.28405e+12,5.36888e+07,3.45825e+12
2.50291e+08,241.209,577757,6.74575e+29,2.15471e+25,5.13654e+12,40.5876,7.04582e+19,0.03468,0.00037431,2.46287e-09,1.35352e-57,9.27199e+10,1.91363e+12,2.80977e+07,2.00638e+12
2.55291e+08,155.935,479634,6.75371e+29,2.15471e+25,5.18416e+12,57.3721,1.06094e+19,0.03468,0.00037431,2.46287e-09,1.35352e-57,4.4815e+10,1.02701e+12,1.33454e+07,1.07184e+12
2.60291e+08,92.8458,384741,6.75888e+29,2.15471e+25,5.22741e+12,86.332,1.1257e+18,0.03468,0.00037431,2.46287e-09,1.35352e-57,1.88852e+10,4.90513e+11,5.52538e+06,5.09404e+11
2.60492e+08,90.7301,380978,6.75904e+29,2.15471e+25,5.22902e+12,87.9232,1.01859e+18,0.03468,0.00037431,2.46287e-09,1.35352e-57,1.81734e+10,4.74648e+11,5.31237e+06,4.92827e+11
2.60602e+08,89.5876,378927,6.75912e+29,2.15471e+25,5.2299e+12,88.8085,9.64174e+17,0.03468,0.00037431,2.46287e-09,1.35352e-57,1.77936e+10,4.66148e+11,5.19892e+06,4.83947e+11
2.60712e+08,88.4541,376878,6.75921e+29,2.15471e+25,5.23077e+12,89.7068,9.12424e+17,0.03468,0.00037431,2.46287e-09,1.35352e-57,1.742e+10,4.57762e+11,5.08737e+06,4.75187e+11
2.60822e+08,87.3296,374830,6.75929e+29,2.15471e+25,5.23164e+12,90.6185,8.63226e+17,0.03468,0.00037431,2.46287e-09,1.35352e-57,1.70525e+10,4.49487e+11,4.97771e+06,4.66544e+11
2.60932e+08,86.2141,372784,6.75937e+29,2.15471e+25,5.23251e+12,91.5438,8.16466e+17,0.03468,0.00037431,2.46287e-09,1.35352e-57,1.6691e+10,4.41323e+11,4.86991e+06,4.58019e+11
2.61042e+08,85.1076,370740,6.75945e+29,2.15471e+25,5.23338e+12,92.483,7.72033e+17,0.03468,0.00037431,2.46287e-09,1.35352e-57,1.63355e+10,4.33269e+11,4.76394e+06,4.4961e+11
2.61152e+08,84.01,368696,6.75953e+29,2.15471e+25,5.23424e+12,93.4364,7.29821e+17,0.03468,0.00037431,2.46287e-09,1.35352e-57,1.59859e+10,4.25324e+11,4.65979e+06,4.41315e+11
2.61262e+08,82.9212,366655,6.75961e+29,2.15471e+25,5.23511e+12,94.4042,6.89729e+17,0.03468,0.00037431,2.46287e-09,1.35352e-57,1.56421e+10,4.17488e+11,4.55742e+06,4.33134e+11
2.61372e+08,81.8413,364614,6.75969e+29,2.15471e+25,5.23597e+12,95.3867,6.51661e+17,0.03468,0.00037431,2.46287e-09,1.35352e-57,1.5304e+10,4.09758e+11,4.45683e+06,4.25066e+11
2.61482e+08,80.7702,362576,6.75977e+29,2.15471e+25,5.23682e+12,96.3843,6.15522e+17,0.03468,0.00037431,2.46287e-09,1.35352e-57,1.49717e+10,4.02134e+11,4.35798e+06,4.1711e+11
2.61592e+08,79.7079,360538,6.75984e+29,2.15471e+25,5.23768e+12,97.3973,5.81224e+17,0.03468,0.00037431,2.46287e-09,1.35352e-57,1.46449e+10,3.94615e+11,4.26085e+06,4.09264e+11
2.61702e+08,78.6544,358502,6.75992e+29,2.15471e+25,5.23853e+12,98.4259,5.48682e+17,0.03468,0.00037431,2.46287e-09,1.35352e-57,1.43237e+10,3.872e+11,4.16542e+06,4.01528e+11
2.61812e+08,77.6095,356468,6.75999e+29,2.15471e+25,5.23938e+12,99.4705,5.17812e+17,0.03468,0.00037431,2.46287e-09,1.35352e-57,1.4008e+10,3.79888e+11,4.07167e+06,3.93901e+11
2.61922e+08,76.5734,354435,6.76006e+29,2.15471e+25,5.24023e+12,100.531,4.88538e+17,0.03468,0.00037431,2.46287e-09,1.35352e-57,1.36977e+10,3.72679e+11,3.97957e+06,3.86381e+11
2.62032e+08,75.5459,352403,6.76014e+29,2.15471e+25,5.24108e+12,101.609,4.60784e+17,0.03468,0.00037431,2.46287e-09,1.35352e-57,1.33927e+10,3.65571e+11,3.88912e+06,3.78967e+11
2.62142e+08,74.527,350373,6.76021e+29,2.15471e+25,5.24192e+12,102.704,4.34477e+17,0.03468,0.00037431,2.46287e-09,1.35352e-57,1.30931e+10,3.58563e+11,3.80027e+06,3.7166e+11
2.62252e+08,73.5167,348345,6.76028e+29,2.15471e+25,5.24276e+12,103.816,4.0955e+17,0.03468,0.00037431,2.46287e-09,1.35352e-57,1.27986e+10,3.51654e+11,3.71302e+06,3.64457e+11
2.62362e+08,72.515,346318,6.76035e+29,2.15471e+25,5.2436e+12,104.946,3.85936e+17,0.03468,0.00037431,2.46287e-09,1.35352e-57,1.25092e+10,3.44844e+11,3.62734e+06,3.57357e+11
2.62472e+08,71.5218,344292,6.76042e+29,2.15471e+25,5.24444e+12,106.094,3.63571e+17,0.03468,0.00037431,2.46287e-09,1.35352e-57,1.2225e+10,3.38131e+11,3.54321e+06,3.5036e+11
2.62582e+08,70.5371,342268,6.76048e+29,2.15471e+25,5.24527e+12,107.26,3.42397e+17,0.03468,0.00037431,2.46287e-09,1.35352e-57,1.19458e+10,3.31515e+11,3.46061e+06,3.43465e+11
2.62692e+08,69.5608,340245,6.76055e+29,2.15471e+25,5.2461e+12,108.445,3.22355e+17,0.03468,0.00037431,2.46287e-09,1.35352e-57,1.16715e+10,3.24995e+11,3.37952e+06,3.3667e+11
2.62802e+08,68.593,338223,6.76062e+29,2.15471e+25,5.24693e+12,109.65,3.0339e+17,0.03468,0.00037431,2.46287e-09,1.35352e-57,1.14021e+10,3.18569e+11,3.29992e+06,3.29975e+11
2.62912e+08,67.6336,336203,6.76068e+29,2.15471e+25,5.24775e+12,110.875,2.85449e+17,0.03468,0.00037431,2.46287e-09,1.35352e-57,1.11375e+10,3.12237e+11,3.22179e+06,3.23378e+11
2.63022e+08,66.6825,334185,6.76074e+29,2.15471e+25,5.24858e+12,112.12,2.68482e+17,0.03468,0.00037431,2.46287e-09,1.35352e-57,1.08777e+10,3.05998e+11,3.14511e+06,3.16879e+11
2.63132e+08,65.7398,332168,6.76081e+29,2.15471e+25,5.2494e+12,113.385,2.52441e+17,0.03468,0.00037431,2.46287e-09,1.35352e-57,1.06226e+10,2.99851e+11,3.06986e+06,3.10477e+11
2.63242e+08,64.8054,330152,6.76087e+29,2.15471e+25,5.25022e+12,114.672,2.37279e+17,0.03468,0.00037431,2.46287e-09,1.35352e-57,1.03722e+10,2.93796e+11,2.99602e+06,3.04171e+11
2.63352e+08,63.8792,328138,6.76093e+29,2.15471e+25,5.25103e+12,115.98,2.22953e+17,0.03468,0.00037431,2.46287e-09,1.35352e-57,1.01263e+10,2.8783e+11,2.92357e+06,2.97959e+11
2.63462e+08,62.9613,326125,6.76099e+29,2.15471e+25,5.25185e+12,117.31,2.09421e+17,0.03468,0.00037431,2.46287e-09,1.35352e-57,9.88496e+09,2.81954e+11,2.8525e+06,2.91842e+11
2.63572e+08,62.0516,324113,6.76105e+29,2.15471e+25,5.25266e+12,118.663,1.96643e+17,0.03468,0.00037431,2.46287e-09,1.35352e-57,9.64807e+09,2.76166e+11,2.78277e+06,2.85817e+11
2.63682e+08,61.1501,322103,6.76111e+29,2.15471e+25,5.25347e+12,120.039,1.8458e+17,0.03468,0.00037431,2.46287e-09,1.35352e-57,9.41558e+09,2.70466e+11,2.71438e+06,2.79884e+11
2.63792e+08,60.2567,320095,6.76117e+29,2.15471e+25,5.25427e+12,121.438,1.73197e+17,0.03468,0.00037431,2.46287e-09,1.35352e-57,9.18743e+09,2.64853e+11,2.64731e+06,2.74043e+11
2.63902e+08,59.3715,318088,6.76123e+29,2.15471e+25,5.25508e+12,122.862,1.62457e+17,0.03468,0.00037431,2.46287e-09,1.35352e-57,8.96357e+09,2.59325e+11,2.58153e+06,2.68291e+11
2.64012e+08,58.4943,316082,6.76128e+29,2.15471e+25,5.25588e+12,124.31,1.52329e+17,0.03468,0.00037431,2.46287e-09,1.35352e-57,8.74394e+09,2.53883e+11,2.51703e+06,2.62629e+11
2.64122e+08,57.6251,314077,6.76134e+29,2.15471e+25,5.25668e+12,125.784,1.4278e+17,0.03468,0.00037431,2.46287e-09,1.35352e-57,8.52848e+09,2.48524e+11,2.45379e+06,2.57055e+11
2.64232e+08,56.764,312075,6.7614e+29,2.15471e+25,5.25747e+12,127.284,1.3378e+17,0.03468,0.00037431,2.46287e-09,1.35352e-57,8.31712e+09,2.43249e+11,2.39179e+06,2.51569e+11
2.64342e+08,55.9109,310073,6.76145e+29,2.15471e+25,5.25827e+12,128.81,1.25301e+17,0.03468,0.00037431,2.46287e-09,1.35352e-57,8.10983e+09,2.38057e+11,2.33102e+06,2.46169e+11
2.64452e+08,55.0657,308073,6.7615e+29,2.15471e+25,5.25906e+12,130.363,1.17315e+17,0.03468,0.00037431,2.46287e-09,1.35352e-57,7.90654e+09,2.32946e+11,2.27146e+06,2.40855e+11
2.64562e+08,54.2284,306074,6.76156e+29,2.15471e+25,5.25985e+12,131.944,1.09795e+17,0.03468,0.00037431,2.46287e-09,1.35352e-57,7.70719e+09,2.27916e+11,2.21308e+06,2.35625e+11
2.64672e+08,53.399,304077,6.76161e+29,2.15471e+25,5.26063e+12,133.554,1.02718e+17,0.03468,0.00037431,2.46287e-09,1.35352e-57,7.51174e+09,2.22965e+11,2.15588e+06,2.30479e+11
2.64782e+08,52.5775,302081,6.76166e+29,2.15471e+25,5.26142e+12,135.193,9.60596e+16,0.03468,0.00037431,2.46287e-09,1.35352e-57,7.32012e+09,2.18094e+11,2.09983e+06,2.25416e+11
2.64892e+08,51.7638,300086,6.76171e+29,2.15471e+25,5.2622e+12,136.862,8.97969e+16,0.03468,0.00037431,2.46287e-09,1.35352e-57,7.13229e+09,2.13301e+11,2.04492e+06,2.20436e+11
2.65002e+08,50.9579,298093,6.76176e+29,2.15471e+25,5.26297e+12,138.561,8.39087e+16,0.03468,0.00037431,2.46287e-09,1.35352e-57,6.94818e+09,2.08586e+11,1.99113e+06,2.15536e+11
2.65112e+08,50.1598,296102,6.76181e+29,2.15471e+25,5.26375e+12,140.292,7.83747e+16,0.03468,0.00037431,2.46287e-09,1.35352e-57,6.76776e+09,2.03947e+11,1.93845e+06,2.10717e+11
2.65222e+08,49.3694,294111,6.76186e+29,2.15471e+25,5.26452e+12,142.055,7.31754e+16,0.03468,0.00037431,2.46287e-09,1.35352e-57,6.59095e+09,1.99384e+11,1.88685e+06,2.05977e+11
2.65332e+08,48.5867,292122,6.76191e+29,2.15471e+25,5.26529e+12,143.85,6.82925e+16,0.03468,0.00037431,2.46287e-09,1.35352e-57,6.41772e+09,1.94896e+11,1.83633e+06,2.01316e+11
2.65442e+08,47.8117,290135,6.76195e+29,2.15471e+25,5.26606e+12,145.68,6.37084e+16,0.03468,0.00037431,2.46287e-09,1.35352e-57,6.24801e+09,1.90482e+11,1.78686e+06,1.96732e+11
2.65552e+08,47.0443,288149,6.762e+29,2.15471e+25,5.26683e+12,147.544,5.94065e+16,0.03468,0.00037431,2.46287e-09,1.35352e-57,6.08178e+09,1.86142e+11,1.73843e+06,1.92226e+11
2.65662e+08,46.2846,286164,6.76204e+29,2.15471e+25,5.26759e+12,149.444,5.5371e+16,0.03468,0.00037431,2.46287e-09,1.35352e-57,5.91896e+09,1.81874e+11,1.69102e+06,1.87795e+11
2.65772e+08,45.5324,284181,6.76209e+29,2.15471e+25,5.26835e+12,151.38,5.15869e+16,0.03468,0.00037431,2.46287e-09,1.35352e-57,5.75951e+09,1.77679e+11,1.64463e+06,1.8344e+11
2.65882e+08,44.7877,282199,6.76213e+29,2.15471e+25,5.2691e+12,153.354,4.804e+16,0.03468,0.00037431,2.46287e-09,1.35352e-57,5.60338e+09,1.73554e+11,1.59922e+06,1.79159e+11
2.65992e+08,44.0506,280218,6.76218e+29,2.15471e+25,5.26986e+12,155.366,4.47166e+16,0.03468,0.00037431,2.46287e-09,1.35352e-57,5.45052e+09,1.69499e+11,1.5548e+06,1.74951e+11
2.66102e+08,43.3209,278239,6.76222e+29,2.15471e+25,5.27061e+12,157.417,4.16041e+16,0.03468,0.00037431,2.46287e-09,1.35352e-57,5.30088e+09,1.65514e+11,1.51133e+06,1.70817e+11
2.66212e+08,42.5987,276261,6.76226e+29,2.15471e+25,5.27136e+12,159.509,3.86903e+16,0.03468,0.00037431,2.46287e-09,1.35352e-57,5.15441e+09,1.61598e+11,1.46882e+06,1.66754e+11
2.66322e+08,41.8839,274284,6.7623e+29,2.15471e+25,5.2721e+12,161.643,3.59635e+16,0.03468,0.00037431,2.46287e-09,1.35352e-57,5.01108e+09,1.5775e+11,1.42723e+06,1.62762e+11
2.66432e+08,41.1766,272309,6.76234e+29,2.15471e+25,5.27285e+12,163.819,3.3413e+16,0.03468,0.00037431,2.46287e-09,1.35352e-57,4.87082e+09,1.53969e+11,1.38656e+06,1.58841e+11
2.66542e+08,40.4765,270335,6.76238e+29,2.15471e+25,5.27359e+12,166.038,3.10283e+16,0.03468,0.00037431,2.46287e-09,1.35352e-57,4.73359e+09,1.50254e+11,1.3468e+06,1.54989e+11
2.66652e+08,39.7838,268363,6.76242e+29,2.15471e+25,5.27433e+12,168.303,2.87996e+16,0.03468,0.00037431,2.46287e-09,1.35352e-57,4.59934e+09,1.46605e+11,1.30792e+06,1.51206e+11
2.66762e+08,39.0984,266392,6.76246e+29,2.15471e+25,5.27506e+12,170.614,2.67177e+16,0.03468,0.00037431,2.46287e-09,1.35352e-57,4.46804e+09,1.43021e+11,1.26991e+06,1.47491e+11
2.66872e+08,38.4203,264422,6.7625e+29,2.15471e+25,5.27579e+12,172.972,2.47738e+16,0.03468,0.00037431,2.46287e-09,1.35352e-57,4.33963e+09,1.39502e+11,1.23277e+06,1.43842e+11
2.66982e+08,37.7494,262454,6.76254e+29,2.15471e+25,5.27652e+12,175.379,2.29595e+16,0.03468,0.00037431,2.46287e-09,1.35352e-57,4.21406e+09,1.36045e+11,1.19647e+06,1.4026e+11
2.67092e+08,37.0856,260487,6.76257e+29,2.15471e+25,5.27725e+12,177.836,2.12671e+16,0.03468,0.00037431,2.46287e-09,1.35352e-57,4.0913e+09,1.32652e+11,1.16101e+06,1.36744e+11
2.67202e+08,36.4291,258521,6.76261e+29,2.15471e+25,5.27797e+12,180.344,1.96889e+16,0.03468,0.00037431,2.46287e-09,1.35352e-57,3.9713e+09,1.2932e+11,1.12636e+06,1.33292e+11
2.67312e+08,35.7797,256557,6.76265e+29,2.15471e+25,5.2787e+12,182.906,1.82182e+16,0.03468,0.00037431,2.46287e-09,1.35352e-57,3.85401e+09,1.2605e+11,1.09251e+06,1.29905e+11
2.67422e+08,35.1374,254594,6.76268e+29,2.15471e+25,5.27941e+12,185.522,1.68481e+16,0.03468,0.00037431,2.46287e-09,1.35352e-57,3.7394e+09,1.2284e+11,1.05946e+06,1.2658e+11
2.67532e+08,34.5022,252633,6.76272e+29,2.15471e+25,5.28013e+12,188.194,1.55725e+16,0.03468,0.00037431,2.46287e-09,1.35352e-57,3.62741e+09,1.1969e+11,1.02718e+06,1.23318e+11
2.67642e+08,33.8741,250672,6.76275e+29,2.15471e+25,5.28084e+12,190.924,1.43854e+16,0.03468,0.00037431,2.46287e-09,1.35352e-57,3.51801e+09,1.16599e+11,995673,1.20118e+11
2.67752e+08,33.2529,248714,6.76278e+29,2.15471e+25,5.28155e+12,193.713,1.32813e+16,0.03468,0.00037431,2.46287e-09,1.35352e-57,3.41115e+09,1.13566e+11,964913,1.16978e+11
2.67862e+08,32.6387,246756,6.76282e+29,2.15471e+25,5.28226e+12,196.563,1.22548e+16,0.03468,0.00037431,2.46287e-09,1.35352e-57,3.3068e+09,1.10592e+11,934892,1.13899e+11
2.67972e+08,32.0315,244800,6.76285e+29,2.15471e+25,5.28296e+12,199.476,1.13011e+16,0.03468,0.00037431,2.46287e-09,1.35352e-57,3.2049e+09,1.07674e+11,905597,1.10879e+11
2.68082e+08,31.4312,242845,6.76288e+29,2.15471e+25,5.28367e+12,202.454,1.04153e+16,0.03468,0.00037431,2.46287e-09,1.35352e-57,3.10542e+09,1.04812e+11,877015,1.07918e+11
2.68192e+08,30.8378,240892,6.76291e+29,2.15471e+25,5.28436e+12,205.499,9.59325e+15,0.03468,0.00037431,2.46287e-09,1.35352e-57,3.00833e+09,1.02006e+11,849134,1.05015e+11
2.68302e+08,30.2513,238939,6.76294e+29,2.15471e+25,5.28506e+12,208.612,8.83062e+15,0.03468,0.00037431,2.46287e-09,1.35352e-57,2.91357e+09,9.9255e+10,821941,1.02169e+11
2.68412e+08,29.6716,236988,6.76297e+29,2.15471e+25,5.28575e+12,211.797,8.12355e+15,0.03468,0.00037431,2.46287e-09,1.35352e-57,2.82111e+09,9.65581e+10,795425,9.938e+10
2.68512e+08,29.1505,235216,6.763e+29,2.15471e+25,5.28638e+12,214.755,7.52588e+15,0.03468,0.00037431,2.46287e-09,1.35352e-57,2.73902e+09,9.41529e+10,771896,9.68926e+10
2.68622e+08,28.5837,233268,6.76303e+29,2.15471e+25,5.28707e+12,218.081,6.91486e+15,0.03468,0.00037431,2.46287e-09,1.35352e-57,2.65084e+09,9.15576e+10,746637,9.42092e+10
2.68732e+08,28.0237,231321,6.76305e+29,2.15471e+25,5.28775e+12,221.484,6.3493e+15,0.03468,0.00037431,2.46287e-09,1.35352e-57,2.56484e+09,8.90145e+10,722020,9.15801e+10
2.68842e+08,27.4704,229375,6.76308e+29,2.15471e+25,5.28843e+12,224.967,5.82613e+15,0.03468,0.00037431,2.46287e-09,1.35352e-57,2.481e+09,8.6523e+10,698033,8.90047e+10
2.68952e+08,26.9238,227431,6.76311e+29,2.15471e+25,5.28911e+12,228.533,5.34247e+15,0.03468,0.00037431,2.46287e-09,1.35352e-57,2.39926e+09,8.40825e+10,674664,8.64824e+10
2.69062e+08,26.3838,225488,6.76314e+29,2.15471e+25,5.28979e+12,232.183,4.8956e+15,0.03468,0.00037431,2.46287e-09,1.35352e-57,2.3196e+09,8.16921e+10,651902,8.40124e+10
2.69172e+08,25.8504,223546,6.76316e+29,2.15471e+25,5.29046e+12,235.922,4.48298e+15,0.03468,0.00037431,2.46287e-09,1.35352e-57,2.24197e+09,7.93514e+10,629736,8.1594e+10
2.69282e+08,25.3236,221606,6.76319e+29,2.15471e+25,5.29113e+12,239.751,4.10224e+15,0.03468,0.00037431,2.46287e-09,1.35352e-57,2.16634e+09,7.70596e+10,608154,7.92265e+10
2.69392e+08,24.8033,219667,6.76321e+29,2.15471e+25,5.2918e+12,243.674,3.75112e+15,0.03468,0.00037431,2.46287e-09,1.35352e-57,2.09267e+09,7.4816e+10,587146,7.69093e+10
2.69502e+08,24.2896,217729,6.76324e+29,2.15471e+25,5.29246e+12,247.693,3.42755e+15,0.03468,0.00037431,2.46287e-09,1.35352e-57,2.02094e+09,7.26201e+10,566701,7.46416e+10
2.69612e+08,23.7824,215792,6.76326e+29,2.15471e+25,5.29312e+12,251.813,3.12955e+15,0.03468,0.00037431,2.46287e-09,1.35352e-57,1.95109e+09,7.04712e+10,546807,7.24228e+10
2.69722e+08,23.2816,213857,6.76329e+29,2.15471e+25,5.29378e+12,256.036,2.85529e+15,0.03468,0.00037431,2.46287e-09,1.35352e-57,1.8831e+09,6.83686e+10,527455,7.02523e+10
2.69832e+08,22.7872,211923,6.76331e+29,2.15471e+25,5.29443e+12,260.366,2.60306e+15,0.03468,0.00037431,2.46287e-09,1.35352e-57,1.81693e+09,6.63118e+10,508634,6.81292e+10
2.69942e+08,22.2993,209991,6.76333e+29,2.15471e+25,5.29508e+12,264.807,2.37124e+15,0.03468,0.00037431,2.46287e-09,1.35352e-57,1.75255e+09,6.43e+10,490332,6.60531e+10
2.70052e+08,21.8177,208059,6.76335e+29,2.15471e+25,5.29573e+12,269.362,2.15835e+15,0.03468,0.00037431,2.46287e-09,1.35352e-57,1.68992e+09,6.23328e+10,472541,6.40231e+10
2.70162e+08,21.3424,206129,6.76337e+29,2.15471e+25,5.29637e+12,274.035,1.96296e+15,0.03468,0.00037431,2.46287e-09,1.35352e-57,1.62901e+09,6.04093e+10,455251,6.20388e+10
2.70272e+08,20.8734,204201,6.7634e+29,2.15471e+25,5.29702e+12,278.831,1.78379e+15,0.03468,0.00037431,2.46287e-09,1.35352e-57,1.56979e+09,5.85291e+10,438450,6.00993e+10
2.70382e+08,20.4107,202273,6.76342e+29,2.15471e+25,5.29766e+12,283.754,1.6196e+15,0.03468,0.00037431,2.46287e-09,1.35352e-57,1.51222e+09,5.66915e+10,422129,5.82042e+10
2.70492e+08,19.9543,200347,6.76344e+29,2.15471e+25,5.29829e+12,288.808,1.46926e+15,0.03468,0.00037431,2.46287e-09,1.35352e-57,1.45628e+09,5.48959e+10,406278,5.63526e+10
2.70602e+08,19.504,198422,6.76346e+29,2.15471e+25,5.29892e+12,293.999,1.33171e+15,0.03468,0.00037431,2.46287e-09,1.35352e-57,1.40193e+09,5.31417e+10,390889,5.45441e+10
2.70712e+08,19.06,196499,6.76348e+29,2.15471e+25,5.29955e+12,299.33,1.20596e+15,0.03468,0.00037431,2.46287e-09,1.35352e-57,1.34913e+09,5.14283e+10,375950,5.27779e+10
2.70822e+08,18.622,194577,6.7635e+29,2.15471e+25,5.30018e+12,304.809,1.09109e+15,0.03468,0.00037431,2.46287e-09,1.35352e-57,1.29787e+09,4.97552e+10,361454,5.10534e+10
2.70932e+08,18.1902,192656,6.76351e+29,2.15471e+25,5.3008e+12,310.439,9.86244e+14,0.03468,0.00037431,2.46287e-09,1.35352e-57,1.24809e+09,4.81216e+10,347390,4.937e+10
2.71042e+08,17.7645,190736,6.76353e+29,2.15471e+25,5.30142e+12,316.227,8.90632e+14,0.03468,0.00037431,2.46287e-09,1.35352e-57,1.19979e+09,4.6527e+10,333749,4.77271e+10
2.71152e+08,17.3448,188817,6.76355e+29,2.15471e+25,5.30204e+12,322.178,8.03515e+14,0.03468,0.00037431,2.46287e-09,1.35352e-57,1.15292e+09,4.49709e+10,320523,4.61241e+10
2.71262e+08,16.9311,186900,6.76357e+29,2.15471e+25,5.30265e+12,328.3,7.24207e+14,0.03468,0.00037431,2.46287e-09,1.35352e-57,1.10746e+09,4.34526e+10,307702,4.45604e+10
2.71372e+08,16.5234,184984,6.76359e+29,2.15471e+25,5.30326e+12,334.597,6.52073e+14,0.03468,0.00037431,2.46287e-09,1.35352e-57,1.06337e+09,4.19716e+10,295278,4.30352e+10
2.71482e+08,16.1217,183070,6.7636e+29,2.15471e+25,5.30387e+12,341.079,5.86523e+14,0.03468,0.00037431,2.46287e-09,1.35352e-57,1.02063e+09,4.05273e+10,283241,4.15482e+10
2.71592e+08,15.7259,181156,6.76362e+29,2.15471e+25,5.30447e+12,347.751,5.27012e+14,0.03468,0.00037431,2.46287e-09,1.35352e-57,9.79209e+08,3.91191e+10,271584,4.00986e+10
2.71702e+08,15.3359,179244,6.76363e+29,2.15471e+25,5.30507e+12,354.621,4.73035e+14,0.03468,0.00037431,2.46287e-09,1.35352e-57,9.39079e+08,3.77464e+10,260298,3.86858e+10
2.71812e+08,14.9519,177333,6.76365e+29,2.15471e+25,5.30567e+12,361.698,4.24124e+14,0.03468,0.00037431,2.46287e-09,1.35352e-57,9.0021e+08,3.64088e+10,249375,3.73093e+10
2.71922e+08,14.5736,175424,6.76366e+29,2.15471e+25,5.30626e+12,368.989,3.79849e+14,0.03468,0.00037431,2.46287e-09,1.35352e-57,8.62577e+08,3.51056e+10,238806,3.59684e+10
2.72032e+08,14.2012,173515,6.76368e+29,2.15471e+25,5.30685e+12,376.504,3.3981e+14,0.03468,0.00037431,2.46287e-09,1.35352e-57,8.2615e+08,3.38363e+10,228583,3.46627e+10
2.72142e+08,13.8345,171608,6.76369e+29,2.15471e+25,5.30744e+12,384.252,3.03639e+14,0.03468,0.00037431,2.46287e-09,1.35352e-57,7.90904e+08,3.26004e+10,218698,3.33915e+10
2.72252e+08,13.4735,169703,6.76371e+29,2.15471e+25,5.30802e+12,392.242,2.70998e+14,0.03468,0.00037431,2.46287e-09,1.35352e-57,7.56812e+08,3.13972e+10,209143,3.21542e+10
2.72362e+08,13.1183,167798,6.76372e+29,2.15471e+25,5.3086e+12,400.486,2.41573e+14,0.03468,0.00037431,2.46287e-09,1.35352e-57,7.23848e+08,3.02263e+10,199911,3.09503e+10
2.72472e+08,12.7687,165895,6.76373e+29,2.15471e+25,5.30918e+12,408.993,2.15076e+14,0.03468,0.00037431,2.46287e-09,1.35352e-57,6.91984e+08,2.9087e+10,190993,2.97792e+10
2.72582e+08,12.4247,163992,6.76375e+29,2.15471e+25,5.30975e+12,417.777,1.91244e+14,0.03468,0.00037431,2.46287e-09,1.35352e-57,6.61197e+08,2.7979e+10,182383,2.86404e+10
2.72692e+08,12.0864,162092,6.76376e+29,2.15471e+25,5.31032e+12,426.847,1.69833e+14,0.03468,0.00037431,2.46287e-09,1.35352e-57,6.31461e+08,2.69016e+10,174073,2.75332e+10
2.72802e+08,11.7536,160192,6.76377e+29,2.15471e+25,5.31088e+12,436.219,1.50619e+14,0.03468,0.00037431,2.46287e-09,1.35352e-57,6.0275e+08,2.58543e+10,166055,2.64572e+10
2.72912e+08,11.4264,158293,6.76378e+29,2.15471e+25,5.31145e+12,445.904,1.33398e+14,0.03468,0.00037431,2.46287e-09,1.35352e-57,5.7504e+08,2.48366e+10,158322,2.54118e+10
2.73022e+08,11.1046,156396,6.7638e+29,2.15471e+25,5.312e+12,455.918,1.17983e+14,0.03468,0.00037431,2.46287e-09,1.35352e-57,5.48308e+08,2.38479e+10,150867,2.43964e+10
2.73132e+08,10.7883,154500,6.76381e+29,2.15471e+25,5.31256e+12,466.275,1.04201e+14,0.03468,0.00037431,2.46287e-09,1.35352e-57,5.22528e+08,2.28878e+10,143684,2.34105e+10
2.73242e+08,10.4775,152606,6.76382e+29,2.15471e+25,5.31311e+12,476.992,9.18948e+13,0.03468,0.00037431,2.46287e-09,1.35352e-57,4.97678e+08,2.19558e+10,136764,2.24536e+10
2.73352e+08,10.1721,150712,6.76383e+29,2.15471e+25,5.31366e+12,488.085,8.09217e+13,0.03468,0.00037431,2.46287e-09,1.35352e-57,4.73734e+08,2.10513e+10,130101,2.15251e+10
2.73462e+08,9.87202,148820,6.76384e+29,2.15471e+25,5.3142e+12,499.573,7.11502e+13,0.03468,0.00037431,2.46287e-09,1.35352e-57,4.50673e+08,2.01738e+10,123689,2.06246e+10
2.73572e+08,9.57731,146929,6.76385e+29,2.15471e+25,5.31474e+12,511.475,6.24609e+13,0.03468,0.00037431,2.46287e-09,1.35352e-57,4.28474e+08,1.93228e+10,117521,1.97514e+10
2.73682e+08,9.2879,145039,6.76386e+29,2.15471e+25,5.31528e+12,523.811,5.47449e+13,0.03468,0.00037431,2.46287e-09,1.35352e-57,4.07112e+08,1.84979e+10,111590,1.89051e+10
2.73792e+08,9.00376,143150,6.76387e+29,2.15471e+25,5.31581e+12,536.603,4.79032e+13,0.03468,0.00037431,2.46287e-09,1.35352e-57,3.86567e+08,1.76985e+10,105890,1.80852e+10
2.73902e+08,8.72487,141263,6.76388e+29,2.15471e+25,5.31634e+12,549.873,4.18458e+13,0.03468,0.00037431,2.46287e-09,1.35352e-57,3.66817e+08,1.69241e+10,100415,1.7291e+10
2.74012e+08,8.45118,139376,6.76389e+29,2.15471e+25,5.31687e+12,563.647,3.64912e+13,0.03468,0.00037431,2.46287e-09,1.35352e-57,3.47841e+08,1.61743e+10,95158,1.65223e+10
2.74122e+08,8.18267,137491,6.7639e+29,2.15471e+25,5.31739e+12,577.95,3.17652e+13,0.03468,0.00037431,2.46287e-09,1.35352e-57,3.29617e+08,1.54486e+10,90113.5,1.57783e+10
2.74232e+08,7.91929,135607,6.7639e+29,2.15471e+25,5.31791e+12,592.81,2.76008e+13,0.03468,0.00037431,2.46287e-09,1.35352e-57,3.12125e+08,1.47465e+10,85275.2,1.50587e+10
2.74342e+08,7.66102,133725,6.76391e+29,2.15471e+25,5.31842e+12,608.256,2.39374e+13,0.03468,0.00037431,2.46287e-09,1.35352e-57,2.95345e+08,1.40676e+10,80637.3,1.4363e+10
2.74452e+08,7.40783,131843,6.76392e+29,2.15471e+25,5.31894e+12,624.321,2.07202e+13,0.03468,0.00037431,2.46287e-09,1.35352e-57,2.79256e+08,1.34112e+10,76193.9,1.36906e+10
2.74562e+08,7.15967,129963,6.76393e+29,2.15471e+25,5.31944e+12,641.038,1.78998e+13,0.03468,0.00037431,2.46287e-09,1.35352e-57,2.6384e+08,1.27771e+10,71939.4,1.3041e+10
2.74672e+08,6.91652,128084,6.76393e+29,2.15471e+25,5.31995e+12,658.443,1.54319e+13,0.03468,0.00037431,2.46287e-09,1.35352e-57,2.49076e+08,1.21647e+10,67868.1,1.24139e+10
2.74782e+08,6.67834,126206,6.76394e+29,2.15471e+25,5.32044e+12,676.576,1.32763e+13,0.03468,0.00037431,2.46287e-09,1.35352e-57,2.34945e+08,1.15736e+10,63974.5,1.18086e+10
2.74892e+08,6.44509,124329,6.76395e+29,2.15471e+25,5.32094e+12,695.477,1.13972e+13,0.03468,0.00037431,2.46287e-09,1.35352e-57,2.21429e+08,1.10033e+10,60253.2,1.12248e+10
2.75002e+08,6.21675,122453,6.76395e+29,2.15471e+25,5.32143e+12,715.191,9.76226e+12,0.03468,0.00037431,2.46287e-09,1.35352e-57,2.08509e+08,1.04533e+10,56698.8,1.06619e+10
2.75112e+08,5.99327,120579,6.76396e+29,2.15471e+25,5.32192e+12,735.766,8.34272e+12,0.03468,0.00037431,2.46287e-09,1.35352e-57,1.96167e+08,9.92331e+09,53306.1,1.01195e+10
2.75222e+08,5.77463,118706,6.76397e+29,2.15471e+25,5.3224e+12,757.254,7.11277e+12,0.03468,0.00037431,2.46287e-09,1.35352e-57,1.84385e+08,9.41275e+09,50070,9.59719e+09
2.75332e+08,5.56078,116834,6.76397e+29,2.15471e+25,5.32288e+12,779.709,6.04938e+12,0.03468,0.00037431,2.46287e-09,1.35352e-57,1.73146e+08,8.92123e+09,46985.4,9.09442e+09
2.75442e+08,5.3517,114963,6.76398e+29,2.15471e+25,5.32335e+12,803.193,5.13205e+12,0.03468,0.00037431,2.46287e-09,1.35352e-57,1.62432e+08,8.4483e+09,44047.3,8.61078e+09
2.75552e+08,5.14734,113093,6.76398e+29,2.15471e+25,5.32383e+12,827.768,4.34253e+12,0.03468,0.00037431,2.46287e-09,1.35352e-57,1.52226e+08,7.99354e+09,41250.9,8.14581e+09
2.75662e+08,4.94768,111224,6.76399e+29,2.15471e+25,5.32429e+12,853.506,3.66464e+12,0.03468,0.00037431,2.46287e-09,1.35352e-57,1.42513e+08,7.55652e+09,38591.4,7.69907e+09
2.75772e+08,4.75266,109357,6.76399e+29,2.15471e+25,5.32475e+12,880.48,3.08401e+12,0.03468,0.00037431,2.46287e-09,1.35352e-57,1.33274e+08,7.13681e+09,36064.1,7.27012e+09
2.75882e+08,4.56227,107491,6.764e+29,2.15471e+25,5.32521e+12,908.774,2.58795e+12,0.03468,0.00037431,2.46287e-09,1.35352e-57,1.24496e+08,6.73399e+09,33664.5,6.85852e+09
2.75992e+08,4.37647,105625,6.764e+29,2.15471e+25,5.32567e+12,938.474,2.16526e+12,0.03468,0.00037431,2.46287e-09,1.35352e-57,1.1616e+08,6.34765e+09,31388.1,6.46384e+09
2.76102e+08,4.19521,103761,6.76401e+29,2.15471e+25,5.32612e+12,969.678,1.80605e+12,0.03468,0.00037431,2.46287e-09,1.35352e-57,1.08253e+08,5.97737e+09,29230.3,6.08565e+09
2.76212e+08,4.01846,101899,6.76401e+29,2.15471e+25,5.32656e+12,1002.49,1.50166e+12,0.03468,0.00037431,2.46287e-09,1.35352e-57,1.00759e+08,5.62275e+09,27187,5.72353e+09
2.76322e+08,3.84619,100037,6.76402e+29,2.15471e+25,5.327e+12,1037.02,1.24446e+12,0.03468,0.00037431,2.46287e-09,1.35352e-57,9.36633e+07,5.28337e+09,25253.9,5.37706e+09
2.76432e+08,3.67836,98176.1,6.76402e+29,2.15471e+25,5.32744e+12,1073.4,1.0278e+12,0.03468,0.00037431,2.46287e-09,1.35352e-57,8.6951e+07,4.95884e+09,23426.9,5.04582e+09
2.76542e+08,3.51492,96316.6,6.76403e+29,2.15471e+25,5.32787e+12,1111.76,8.45862e+11,0.03468,0.00037431,2.46287e-09,1.35352e-57,8.06079e+07,4.64876e+09,21701.8,4.72939e+09
2.76652e+08,3.35585,94458.3,6.76403e+29,2.15471e+25,5.3283e+12,1152.25,6.9357e+11,0.03468,0.00037431,2.46287e-09,1.35352e-57,7.46201e+07,4.35274e+09,20074.7,4.42738e+09
2.76762e+08,3.2011,92601,6.76403e+29,2.15471e+25,5.32872e+12,1195.04,5.66526e+11,0.03468,0.00037431,2.46287e-09,1.35352e-57,6.89739e+07,4.07039e+09,18541.8,4.13938e+09
2.76872e+08,3.05065,90744.8,6.76404e+29,2.15471e+25,5.32914e+12,1240.29,4.60917e+11,0.03468,0.00037431,2.46287e-09,1.35352e-57,6.36558e+07,3.80132e+09,17099.3,3.86499e+09
2.76982e+08,2.90444,88889.8,6.76404e+29,2.15471e+25,5.32956e+12,1288.21,3.73445e+11,0.03468,0.00037431,2.46287e-09,1.35352e-57,5.86528e+07,3.54515e+09,15743.4,3.60382e+09
2.77092e+08,2.76244,87035.8,6.76404e+29,2.15471e+25,5.32996e+12,1339.02,3.01272e+11,0.03468,0.00037431,2.46287e-09,1.35352e-57,5.39519e+07,3.3015e+09,14470.5,3.35547e+09
2.77202e+08,2.62461,85183,6.76404e+29,2.15471e+25,5.33037e+12,1392.95,2.41957e+11,0.03468,0.00037431,2.46287e-09,1.35352e-57,4.95406e+07,3.07e+09,13277,3.11956e+09
2.77312e+08,2.49092,83331.2,6.76405e+29,2.15471e+25,5.33077e+12,1450.28,1.9341e+11,0.03468,0.00037431,2.46287e-09,1.35352e-57,4.54066e+07,2.85029e+09,12159.6,2.8957e+09
2.77422e+08,2.36132,81480.6,6.76405e+29,2.15471e+25,5.33116e+12,1511.28,1.53849e+11,0.03468,0.00037431,2.46287e-09,1.35352e-57,4.15378e+07,2.64198e+09,11114.9,2.68353e+09
2.77532e+08,2.23578,79631,6.76405e+29,2.15471e+25,5.33155e+12,1576.3,1.21754e+11,0.03468,0.00037431,2.46287e-09,1.35352e-57,3.79227e+07,2.44473e+09,10139.5,2.48266e+09
2.77642e+08,2.11424,77782.5,6.76405e+29,2.15471e+25,5.33194e+12,1645.69,9.58393e+10,0.03468,0.00037431,2.46287e-09,1.35352e-57,3.45497e+07,2.25818e+09,9230.33,2.29273e+09
2.77752e+08,1.99669,75935.1,6.76406e+29,2.15471e+25,5.33232e+12,1719.87,7.5018e+10,0.03468,0.00037431,2.46287e-09,1.35352e-57,3.14076e+07,2.08196e+09,8384.16,2.11338e+09
2.77862e+08,1.88306,74088.7,6.76406e+29,2.15471e+25,5.3327e+12,1799.28,5.83753e+10,0.03468,0.00037431,2.46287e-09,1.35352e-57,2.84855e+07,1.91574e+09,7597.98,1.94423e+09
2.77972e+08,1.77332,72243.4,6.76406e+29,2.15471e+25,5.33307e+12,1884.44,4.51448e+10,0.03468,0.00037431,2.46287e-09,1.35352e-57,2.57729e+07,1.75916e+09,6868.84,1.78494e+09
2.78082e+08,1.66743,70399.2,6.76406e+29,2.15471e+25,5.33343e+12,1975.94,3.46867e+10,0.03468,0.00037431,2.46287e-09,1.35352e-57,2.32594e+07,1.61189e+09,6193.85,1.63516e+09
2.78192e+08,1.56535,68556,6.76406e+29,2.15471e+25,5.33379e+12,2074.41,2.64695e+10,0.03468,0.00037431,2.46287e-09,1.35352e-57,2.09349e+07,1.47359e+09,5570.22,1.49453e+09
2.78302e+08,1.46703,66713.9,6.76407e+29,2.15471e+25,5.33415e+12,2180.6,2.00537e+10,0.03468,0.00037431,2.46287e-09,1.35352e-57,1.87896e+07,1.34393e+09,4995.23,1.36272e+09
2.78412e+08,1.37243,64872.8,6.76407e+29,2.15471e+25,5.33449e+12,2295.35,1.50778e+10,0.03468,0.00037431,2.46287e-09,1.35352e-57,1.68139e+07,1.22257e+09,4466.23,1.23939e+09
2.78522e+08,1.28151,63032.8,6.76407e+29,2.15471e+25,5.33484e+12,2419.63,1.12457e+10,0.03468,0.00037431,2.46287e-09,1.35352e-57,1.49987e+07,1.1092e+09,3980.66,1.1242e+09
2.78632e+08,1.19422,61193.7,6.76407e+29,2.15471e+25,5.33518e+12,2554.52,8.3164e+09,0.03468,0.00037431,2.46287e-09,1.35352e-57,1.33349e+07,1.00348e+09,3536.05,1.01682e+09
2.78742e+08,1.11051,59355.8,6.76407e+29,2.15471e+25,5.33551e+12,2701.3,6.09478e+09,0.03468,0.00037431,2.46287e-09,1.35352e-57,1.18138e+07,9.05121e+08,3129.98,9.16938e+08
2.78852e+08,1.03035,57518.8,6.76407e+29,2.15471e+25,5.33584e+12,2861.41,4.42395e+09,0.03468,0.00037431,2.46287e-09,1.35352e-57,1.0427e+07,8.13795e+08,2760.13,8.24224e+08
2.78962e+08,0.953681,55682.8,6.76407e+29,2.15471e+25,5.33616e+12,3036.57,3.17851e+09,0.03468,0.00037431,2.46287e-09,1.35352e-57,9.16622e+06,7.29197e+08,2424.24,7.38366e+08
2.79072e+08,0.880461,53847.9,6.76407e+29,2.15471e+25,5.33647e+12,3228.74,2.25893e+09,0.03468,0.00037431,2.46287e-09,1.35352e-57,8.02358e+06,6.51027e+08,2120.14,6.59053e+08
2.79182e+08,0.81064,52013.9,6.76408e+29,2.15471e+25,5.33678e+12,3440.22,1.5868e+09,0.03468,0.00037431,2.46287e-09,1.35352e-57,6.99142e+06,5.78986e+08,1845.73,5.8598e+08
2.79292e+08,0.744171,50181,6.76408e+29,2.15471e+25,5.33709e+12,3673.76,1.10082e+09,0.03468,0.00037431,2.46287e-09,1.35352e-57,6.06233e+06,5.12781e+08,1598.99,5.18845e+08
2.79402e+08,0.681004,48349,6.76408e+29,2.15471e+25,5.33739e+12,3932.56,7.53513e+08,0.03468,0.00037431,2.46287e-09,1.35352e-57,5.22919e+06,4.52124e+08,1377.97,4.57355e+08
2.79512e+08,0.621089,46518,6.76408e+29,2.15471e+25,5.33768e+12,4220.47,5.08386e+08,0.03468,0.00037431,2.46287e-09,1.35352e-57,4.48512e+06,3.9673e+08,1180.79,4.01216e+08
2.79622e+08,0.564374,44687.9,6.76408e+29,2.15471e+25,5.33796e+12,4542.11,3.37695e+08,0.03468,0.00037431,2.46287e-09,1.35352e-57,3.82352e+06,3.4632e+08,1005.66,3.50145e+08
2.79732e+08,0.510807,42858.8,6.76408e+29,2.15471e+25,5.33824e+12,4903.03,2.20557e+08,0.03468,0.00037431,2.46287e-09,1.35352e-57,3.23802e+06,3.0062e+08,850.847,3.03859e+08
2.79842e+08,0.460335,41030.7,6.76408e+29,2.15471e+25,5.33851e+12,5310.03,1.41432e+08,0.03468,0.00037431,2.46287e-09,1.35352e-57,2.72254e+06,2.5936e+08,714.703,2.62084e+08
2.79952e+08,0.412903,39203.5,6.76408e+29,2.15471e+25,5.33878e+12,5771.43,8.88947e+07,0.03468,0.00037431,2.46287e-09,1.35352e-57,2.27125e+06,2.22276e+08,595.647,2.24548e+08
2.80062e+08,0.368455,37377.2,6.76408e+29,2.15471e+25,5.33904e+12,6297.54,5.46617e+07,0.03468,0.00037431,2.46287e-09,1.35352e-57,1.87856e+06,1.89109e+08,492.173,1.90988e+08
2.80172e+08,0.326934,35551.8,6.76408e+29,2.15471e+25,5.33929e+12,6901.29,3.28109e+07,0.03468,0.00037431,2.46287e-09,1.35352e-57,1.53916e+06,1.59603e+08,402.845,1.61143e+08
2.80282e+08,0.28828,33727.4,6.76408e+29,2.15471e+25,5.33953e+12,7599.02,1.9177e+07,0.03468,0.00037431,2.46287e-09,1.35352e-57,1.24799e+06,1.33511e+08,326.302,1.3476e+08
2.80392e+08,0.252435,31903.8,6.76408e+29,2.15471e+25,5.33977e+12,8411.66,1.08814e+07,0.03468,0.00037431,2.46287e-09,1.35352e-57,1.00023e+06,1.10589e+08,261.252,1.1159e+08
2.80502e+08,0.219334,30081.1,6.76408e+29,2.15471e+25,5.34e+12,9366.38,5.97348e+06,0.03468,0.00037431,2.46287e-09,1.35352e-57,791338,9.05984e+07,206.474,9.13899e+07
2.80612e+08,0.188914,28259.3,6.76408e+29,2.15471e+25,5.34022e+12,10499,3.15945e+06,0.03468,0.00037431,2.46287e-09,1.35352e-57,617012,7.33072e+07,160.818,7.39244e+07
2.80721e+08,0.161424,26459.8,6.76408e+29,2.15471e+25,5.34043e+12,11839.9,1.61547e+06,0.03468,0.00037431,2.46287e-09,1.35352e-57,474748,5.86509e+07,123.606,5.91258e+07
2.80824e+08,0.137675,24755.9,6.76408e+29,2.15471e+25,5.34062e+12,13370.6,819522,0.03468,0.00037431,2.46287e-09,1.35352e-57,364145,4.68007e+07,94.7115,4.71649e+07
2.80929e+08,0.115711,23020.4,6.76408e+29,2.15471e+25,5.34081e+12,15268.4,390601,0.03468,0.00037431,2.46287e-09,1.35352e-57,272569,3.6577e+07,70.8177,3.68497e+07
2.81034e+08,0.0958517,21277.5,6.76408e+29,2.15471e+25,5.34098e+12,17628.7,175034,0.03468,0.00037431,2.46287e-09,1.35352e-57,199152,2.80054e+07,51.6864,2.82046e+07
2.81139e+08,0.0782593,19548.3,6.76408e+29,2.15471e+25,5.34113e+12,20578.9,73751.8,0.03468,0.00037431,2.46287e-09,1.35352e-57,142040,2.1007e+07,36.8234,2.11491e+07
2.81242e+08,0.0629773,17851.5,6.76408e+29,2.15471e+25,5.34124e+12,24288,29221.2,0.03468,0.00037431,2.46287e-09,1.35352e-57,98891.3,1.54376e+07,25.6089,1.55365e+07
2.81347e+08,0.0492327,16106.3,6.76408e+29,2.15471e+25,5.3413e+12,29303.5,10235.6,0.03468,0.00037431,2.46287e-09,1.35352e-57,65605.7,1.08885e+07,16.9696,1.09542e+07
2.81448e+08,0.0379347,14444.4,6.76408e+29,2.15471e+25,5.34132e+12,35744,3371.67,0.03468,0.00037431,2.46287e-09,1.35352e-57,42486.1,7.52414e+06,10.9771,7.56664e+06
2.81552e+08,0.0279869,12721.4,6.76408e+29,2.15471e+25,5.34133e+12,45062.7,923.281,0.03468,0.00037431,2.46287e-09,1.35352e-57,25592.3,4.8889e+06,6.60443,4.9145e+06
2.81653e+08,0.0200584,11069.7,6.76408e+29,2.15471e+25,5.34133e+12,58070.4,223.568,0.03468,0.00037431,2.46287e-09,1.35352e-57,14689.7,3.04898e+06,3.78649,3.06367e+06
2.81754e+08,0.0135671,9402.73,6.76408e+29,2.15471e+25,5.34133e+12,78194.7,42.3215,0.03468,0.00037431,2.46287e-09,1.35352e-57,7655.91,1.75171e+06,1.97109,1.75937e+06
2.81854e+08,0.00853569,7749.48,6.76408e+29,2.15471e+25,5.34133e+12,111234,5.88981,0.03468,0.00037431,2.46287e-09,1.35352e-57,3536.58,908305,0.909453,911843
2.81955e+08,0.00478288,6086.01,6.76408e+29,2.15471e+25,5.34133e+12,172761,0.501033,0.03468,0.00037431,2.46287e-09,1.35352e-57,1346.89,399707,0.345955,401055
2.82056e+08,0.00222025,4419.18,6.76408e+29,2.15471e+25,5.34133e+12,309464,0.0191562,0.03468,0.00037431,2.46287e-09,1.35352e-57,374.848,134730,0.0961741,135105
2.82156e+08,0.000773589,3584.85,6.76408e+29,2.15471e+25,5.34133e+12,307706,0.00171996,0.03468,0.00037431,2.46287e-09,1.35352e-57,64.6698,38080.4,0.0416459,38145.1
2.82257e+08,0.000239425,3494.35,6.76408e+29,2.15471e+25,5.34133e+12,148068,0.000760173,0.03468,0.00037431,2.46287e-09,1.35352e-57,9.15801,11488.3,0.0375972,11497.5
2.82358e+08,7.27464e-05,3480.26,6.76408e+29,2.15471e+25,5.34133e+12,65230.9,0.000404055,0.03468,0.00037431,2.46287e-09,1.35352e-57,1.25759,3476.51,0.0369945,3477.81
2.82458e+08,2.20926e-05,3477.94,6.76408e+29,2.15471e+25,5.34133e+12,28390.4,0.000221336,0.03468,0.00037431,2.46287e-09,1.35352e-57,0.172556,1055.09,0.0368959,1055.3
2.82559e+08,6.70892e-06,3477.55,6.76408e+29,2.15471e+25,5.34133e+12,12331.8,0.000121848,0.03468,0.00037431,2.46287e-09,1.35352e-57,0.0236741,320.367,0.0368795,320.427
2.8266e+08,2.0373e-06,3477.49,6.76408e+29,2.15471e+25,5.34133e+12,5354.69,6.71349e-05,0.03468,0.00037431,2.46287e-09,1.35352e-57,0.00324795,97.2839,0.0368768,97.3241
2.8276e+08,6.18667e-07,3477.48,6.76408e+29,2.15471e+25,5.34133e+12,2324.99,3.69945e-05,0.03468,0.00037431,2.46287e-09,1.35352e-57,0.000445602,29.5421,0.0368763,29.5795
2.82861e+08,1.87871e-07,3477.48,6.76408e+29,2.15471e+25,5.34133e+12,1009.49,2.03862e-05,0.03468,0.00037431,2.46287e-09,1.35352e-57,6.11343e-05,8.97107,0.0368762,9.00801
2.82962e+08,5.70509e-08,3477.48,6.76408e+29,2.15471e+25,5.34133e+12,438.314,1.12341e-05,0.03468,0.00037431,2.46287e-09,1.35352e-57,8.38731e-06,2.72425,0.0368762,2.76114
2.83063e+08,1.73247e-08,3477.48,6.76408e+29,2.15471e+25,5.34133e+12,190.313,6.19069e-06,0.03468,0.00037431,2.46287e-09,1.35352e-57,1.1507e-06,0.827275,0.0368762,0.864153
2.83164e+08,5.261e-09,3477.48,6.76408e+29,2.15471e+25,5.34133e+12,82.6323,3.41146e-06,0.03468,0.00037431,2.46287e-09,1.35352e-57,1.5787e-07,0.251219,0.0368762,0.288096
2.83265e+08,1.59761e-09,3477.48,6.76408e+29,2.15471e+25,5.34133e+12,35.8783,1.87993e-06,0.03468,0.00037431,2.46287e-09,1.35352e-57,2.1659e-08,0.076288,0.0368762,0.113164
2.83367e+08,4.85148e-10,3477.48,6.76408e+29,2.15471e+25,5.34133e+12,15.5781,1.03596e-06,0.03468,0.00037431,2.46287e-09,1.35352e-57,2.9715e-09,0.0231664,0.0368762,0.0600426
2.83468e+08,1.47325e-10,3477.48,6.76408e+29,2.15471e+25,5.34133e+12,6.76388,5.7088e-07,0.03468,0.00037431,2.46287e-09,1.35352e-57,4.07675e-10,0.00703497,0.0368762,0.0439112
