X = 0.734
Y = 0.25
Z = 0.016
mu = 0.601142
Radius,Density,Temp,Mass,Lum,OptD,Kff,KH,Kes,PP,CNO,3a,Deg,Gas,Rad,TotPres, dLdr, dPdT
0,0,0,0,0,0,-nan,0,0.03468,0,0,0,0,0,0,0,0,0
0.01,200150,2.79254e+07,838386,1.33301e+08,6941.2,0.00571182,2.92219e+36,0.03468,0.0701668,158.926,1.01389e-33,6.79377e+15,7.67496e+16,1.53352e+14,8.36967e+16,39990.2,2.91182e+09
10709.1,200150,2.79254e+07,1.02969e+18,1.63718e+20,7.43412e+07,0.00571182,2.92219e+36,0.03468,0.0701668,158.926,1.01389e-33,6.79377e+15,7.67496e+16,1.53352e+14,8.36967e+16,4.5863e+16,2.91182e+09
21268.9,200150,2.79254e+07,8.06637e+18,1.28253e+21,1.47638e+08,0.00571182,2.92219e+36,0.03468,0.0701668,158.926,1.01389e-33,6.79377e+15,7.67496e+16,1.53352e+14,8.36967e+16,1.80902e+17,2.91182e+09
32102.5,200150,2.79254e+07,2.77371e+19,4.4101e+21,2.22837e+08,0.00571182,2.92218e+36,0.03468,0.0701668,158.926,1.01389e-33,6.79377e+15,7.67496e+16,1.53352e+14,8.36967e+16,4.12127e+17,2.91182e+09
42241.1,200150,2.79254e+07,6.31901e+19,1.0047e+22,2.93211e+08,0.00571182,2.92218e+36,0.03468,0.0701668,158.926,1.01389e-33,6.79377e+15,7.67496e+16,1.53352e+14,8.36967e+16,7.13547e+17,2.91182e+09
55581.6,200150,2.79254e+07,1.43958e+20,2.28889e+22,3.8581e+08,0.00571182,2.92218e+36,0.03468,0.0701667,158.926,1.01389e-33,6.79377e+15,7.67496e+16,1.53352e+14,8.36967e+16,1.23542e+18,2.91182e+09
73135.3,200150,2.79254e+07,3.27963e+20,5.21449e+22,5.07654e+08,0.00571183,2.92218e+36,0.03468,0.0701667,158.926,1.01389e-33,6.79377e+15,7.67496e+16,1.53352e+14,8.36967e+16,2.13898e+18,2.91182e+09
83892.9,200150,2.79254e+07,4.95016e+20,7.87057e+22,5.82324e+08,0.00571183,2.92218e+36,0.03468,0.0701667,158.926,1.01388e-33,6.79377e+15,7.67496e+16,1.53352e+14,8.36967e+16,2.8145e+18,2.91182e+09
96232.8,200150,2.79254e+07,7.4716e+20,1.18795e+23,6.67978e+08,0.00571183,2.92218e+36,0.03468,0.0701667,158.926,1.01388e-33,6.79377e+15,7.67495e+16,1.53352e+14,8.36967e+16,3.70337e+18,2.91182e+09
110388,200150,2.79254e+07,1.12774e+21,1.79305e+23,7.66231e+08,0.00571183,2.92218e+36,0.03468,0.0701666,158.925,1.01388e-33,6.79376e+15,7.67495e+16,1.53352e+14,8.36966e+16,4.87295e+18,2.91182e+09
126625,200150,2.79254e+07,1.70216e+21,2.70637e+23,8.78936e+08,0.00571183,2.92217e+36,0.03468,0.0701666,158.925,1.01387e-33,6.79376e+15,7.67495e+16,1.53352e+14,8.36966e+16,6.41191e+18,2.91182e+09
145250,200150,2.79254e+07,2.56919e+21,4.08489e+23,1.00822e+09,0.00571183,2.92217e+36,0.03468,0.0701665,158.924,1.01386e-33,6.79376e+15,7.67495e+16,1.53352e+14,8.36966e+16,8.43688e+18,2.91181e+09
166615,200150,2.79254e+07,3.87784e+21,6.16557e+23,1.15652e+09,0.00571183,2.92216e+36,0.03468,0.0701664,158.924,1.01386e-33,6.79375e+15,7.67494e+16,1.53352e+14,8.36965e+16,1.11014e+19,2.91181e+09
191123,200150,2.79254e+07,5.85307e+21,9.30606e+23,1.32663e+09,0.00571183,2.92216e+36,0.03468,0.0701663,158.923,1.01384e-33,6.79375e+15,7.67494e+16,1.53352e+14,8.36965e+16,1.46073e+19,2.91181e+09
219236,200149,2.79254e+07,8.83441e+21,1.40462e+24,1.52177e+09,0.00571184,2.92215e+36,0.03468,0.0701662,158.922,1.01383e-33,6.79374e+15,7.67493e+16,1.53351e+14,8.36964e+16,1.92204e+19,2.91181e+09
251483,200149,2.79254e+07,1.33343e+22,2.12007e+24,1.7456e+09,0.00571184,2.92214e+36,0.03468,0.070166,158.92,1.01381e-33,6.79373e+15,7.67492e+16,1.53351e+14,8.36963e+16,2.52903e+19,2.9118e+09
288475,200149,2.79254e+07,2.01264e+22,3.19993e+24,2.00236e+09,0.00571185,2.92212e+36,0.03468,0.0701658,158.919,1.01378e-33,6.79371e+15,7.6749e+16,1.53351e+14,8.36961e+16,3.3277e+19,2.9118e+09
330907,200149,2.79254e+07,3.0378e+22,4.82981e+24,2.29689e+09,0.00571186,2.9221e+36,0.03468,0.0701655,158.916,1.01375e-33,6.7937e+15,7.67489e+16,1.5335e+14,8.36959e+16,4.37858e+19,2.91179e+09
379580,200148,2.79253e+07,4.58515e+22,7.28985e+24,2.63474e+09,0.00571187,2.92207e+36,0.03468,0.0701651,158.913,1.0137e-33,6.79367e+15,7.67486e+16,1.5335e+14,8.36956e+16,5.76129e+19,2.91179e+09
429580,200148,2.79253e+07,6.64622e+22,1.05666e+25,2.9818e+09,0.00571188,2.92204e+36,0.03468,0.0701646,158.909,1.01365e-33,6.79364e+15,7.67484e+16,1.53349e+14,8.36953e+16,7.37887e+19,2.91178e+09
479580,200147,2.79253e+07,9.24751e+22,1.4702e+25,3.32886e+09,0.00571189,2.922e+36,0.03468,0.070164,158.905,1.01359e-33,6.79361e+15,7.6748e+16,1.53348e+14,8.3695e+16,9.19625e+19,2.91177e+09
529580,200147,2.79252e+07,1.24519e+23,1.97961e+25,3.67591e+09,0.0057119,2.92196e+36,0.03468,0.0701635,158.9,1.01352e-33,6.79358e+15,7.67477e+16,1.53348e+14,8.36946e+16,1.12134e+20,2.91176e+09
579580,200146,2.79252e+07,1.63222e+23,2.59487e+25,4.02296e+09,0.00571192,2.92192e+36,0.03468,0.0701628,158.895,1.01345e-33,6.79354e+15,7.67473e+16,1.53347e+14,8.36942e+16,1.34303e+20,2.91174e+09
629580,200145,2.79251e+07,2.09214e+23,3.32597e+25,4.37002e+09,0.00571194,2.92187e+36,0.03468,0.0701621,158.889,1.01337e-33,6.7935e+15,7.67469e+16,1.53346e+14,8.36938e+16,1.58468e+20,2.91173e+09
679580,200144,2.79251e+07,2.63123e+23,4.18288e+25,4.71707e+09,0.00571196,2.92182e+36,0.03468,0.0701613,158.883,1.01328e-33,6.79345e+15,7.67465e+16,1.53345e+14,8.36933e+16,1.84631e+20,2.91172e+09
729580,200143,2.7925e+07,3.25578e+23,5.1756e+25,5.06412e+09,0.00571198,2.92176e+36,0.03468,0.0701605,158.876,1.01319e-33,6.7934e+15,7.6746e+16,1.53344e+14,8.36927e+16,2.12788e+20,2.9117e+09
779580,200143,2.7925e+07,3.97207e+23,6.31409e+25,5.41116e+09,0.005712,2.9217e+36,0.03468,0.0701596,158.869,1.01309e-33,6.79335e+15,7.67455e+16,1.53342e+14,8.36922e+16,2.42942e+20,2.91168e+09
829580,200142,2.79249e+07,4.7864e+23,7.60834e+25,5.75821e+09,0.00571202,2.92164e+36,0.03468,0.0701586,158.861,1.01299e-33,6.79329e+15,7.67449e+16,1.53341e+14,8.36916e+16,2.7509e+20,2.91166e+09
879580,200140,2.79249e+07,5.70504e+23,9.06831e+25,6.10526e+09,0.00571205,2.92157e+36,0.03468,0.0701576,158.853,1.01287e-33,6.79323e+15,7.67444e+16,1.5334e+14,8.36909e+16,3.09232e+20,2.91164e+09
929580,200139,2.79248e+07,6.73428e+23,1.0704e+26,6.4523e+09,0.00571207,2.9215e+36,0.03468,0.0701565,158.845,1.01275e-33,6.79317e+15,7.67437e+16,1.53338e+14,8.36903e+16,3.45367e+20,2.91162e+09
979580,200138,2.79247e+07,7.88041e+23,1.25253e+26,6.79934e+09,0.0057121,2.92142e+36,0.03468,0.0701554,158.836,1.01263e-33,6.7931e+15,7.67431e+16,1.53337e+14,8.36895e+16,3.83496e+20,2.9116e+09
1.02958e+06,200137,2.79246e+07,9.14972e+23,1.45423e+26,7.14638e+09,0.00571213,2.92134e+36,0.03468,0.0701542,158.826,1.0125e-33,6.79303e+15,7.67424e+16,1.53335e+14,8.36888e+16,4.23616e+20,2.91158e+09
1.07958e+06,200136,2.79246e+07,1.05485e+24,1.67648e+26,7.49341e+09,0.00571216,2.92126e+36,0.03468,0.070153,158.816,1.01236e-33,6.79296e+15,7.67417e+16,1.53333e+14,8.3688e+16,4.65727e+20,2.91156e+09
1.12958e+06,200134,2.79245e+07,1.2083e+24,1.92028e+26,7.84045e+09,0.00571219,2.92117e+36,0.03468,0.0701517,158.806,1.01221e-33,6.79288e+15,7.6741e+16,1.53331e+14,8.36872e+16,5.09829e+20,2.91153e+09
1.17958e+06,200133,2.79244e+07,1.37596e+24,2.18664e+26,8.18748e+09,0.00571223,2.92108e+36,0.03468,0.0701503,158.795,1.01206e-33,6.7928e+15,7.67402e+16,1.53329e+14,8.36863e+16,5.5592e+20,2.91151e+09
1.22958e+06,200131,2.79243e+07,1.55844e+24,2.47654e+26,8.53451e+09,0.00571226,2.92099e+36,0.03468,0.0701489,158.784,1.0119e-33,6.79272e+15,7.67394e+16,1.53327e+14,8.36854e+16,6.04e+20,2.91148e+09
1.27958e+06,200130,2.79242e+07,1.75639e+24,2.79097e+26,8.88153e+09,0.0057123,2.92089e+36,0.03468,0.0701474,158.772,1.01174e-33,6.79263e+15,7.67385e+16,1.53325e+14,8.36845e+16,6.54067e+20,2.91145e+09
1.32958e+06,200128,2.79241e+07,1.97042e+24,3.13094e+26,9.22856e+09,0.00571233,2.92078e+36,0.03468,0.0701459,158.76,1.01156e-33,6.79254e+15,7.67376e+16,1.53323e+14,8.36835e+16,7.06122e+20,2.91142e+09
1.37958e+06,200127,2.7924e+07,2.20118e+24,3.49742e+26,9.57558e+09,0.00571237,2.92068e+36,0.03468,0.0701443,158.747,1.01139e-33,6.79245e+15,7.67367e+16,1.53321e+14,8.36825e+16,7.60161e+20,2.91139e+09
1.42958e+06,200125,2.79239e+07,2.44927e+24,3.89143e+26,9.9226e+09,0.00571241,2.92056e+36,0.03468,0.0701426,158.734,1.0112e-33,6.79235e+15,7.67358e+16,1.53319e+14,8.36814e+16,8.16186e+20,2.91136e+09
1.47958e+06,200123,2.79238e+07,2.71534e+24,4.31394e+26,1.02696e+10,0.00571246,2.92045e+36,0.03468,0.0701409,158.72,1.01101e-33,6.79225e+15,7.67348e+16,1.53316e+14,8.36803e+16,8.74193e+20,2.91133e+09
1.52958e+06,200121,2.79237e+07,3.00002e+24,4.76595e+26,1.06166e+10,0.0057125,2.92033e+36,0.03468,0.0701391,158.706,1.01081e-33,6.79214e+15,7.67338e+16,1.53314e+14,8.36792e+16,9.34183e+20,2.91129e+09
1.57958e+06,200119,2.79236e+07,3.30392e+24,5.24845e+26,1.09636e+10,0.00571255,2.92021e+36,0.03468,0.0701373,158.691,1.01061e-33,6.79204e+15,7.67327e+16,1.53311e+14,8.36781e+16,9.96155e+20,2.91126e+09
1.62958e+06,200117,2.79235e+07,3.62768e+24,5.76244e+26,1.13106e+10,0.00571259,2.92008e+36,0.03468,0.0701354,158.676,1.0104e-33,6.79192e+15,7.67316e+16,1.53309e+14,8.36769e+16,1.06011e+21,2.91122e+09
1.67958e+06,200115,2.79233e+07,3.97193e+24,6.30889e+26,1.16576e+10,0.00571264,2.91995e+36,0.03468,0.0701334,158.66,1.01018e-33,6.79181e+15,7.67305e+16,1.53306e+14,8.36756e+16,1.12604e+21,2.91118e+09
1.72958e+06,200113,2.79232e+07,4.33729e+24,6.8888e+26,1.20046e+10,0.00571269,2.91981e+36,0.03468,0.0701314,158.644,1.00996e-33,6.79169e+15,7.67294e+16,1.53303e+14,8.36743e+16,1.19394e+21,2.91115e+09
1.77958e+06,200111,2.79231e+07,4.7244e+24,7.50316e+26,1.23516e+10,0.00571274,2.91967e+36,0.03468,0.0701293,158.628,1.00973e-33,6.79157e+15,7.67282e+16,1.533e+14,8.3673e+16,1.26383e+21,2.91111e+09
1.82958e+06,200109,2.79229e+07,5.13387e+24,8.15296e+26,1.26986e+10,0.00571279,2.91953e+36,0.03468,0.0701272,158.611,1.00949e-33,6.79144e+15,7.67269e+16,1.53297e+14,8.36717e+16,1.33568e+21,2.91107e+09
1.87958e+06,200107,2.79228e+07,5.56635e+24,8.83918e+26,1.30456e+10,0.00571285,2.91938e+36,0.03468,0.070125,158.593,1.00925e-33,6.79132e+15,7.67257e+16,1.53294e+14,8.36703e+16,1.40952e+21,2.91103e+09
1.92958e+06,200104,2.79227e+07,6.02245e+24,9.5628e+26,1.33926e+10,0.0057129,2.91923e+36,0.03468,0.0701228,158.575,1.009e-33,6.79118e+15,7.67244e+16,1.53291e+14,8.36689e+16,1.48532e+21,2.91098e+09
1.97958e+06,200102,2.79225e+07,6.50281e+24,1.03248e+27,1.37396e+10,0.00571296,2.91908e+36,0.03468,0.0701205,158.557,1.00874e-33,6.79105e+15,7.67231e+16,1.53288e+14,8.36674e+16,1.56309e+21,2.91094e+09
2.02958e+06,200099,2.79224e+07,7.00805e+24,1.11262e+27,1.40865e+10,0.00571302,2.91892e+36,0.03468,0.0701181,158.538,1.00848e-33,6.79091e+15,7.67217e+16,1.53285e+14,8.36659e+16,1.64283e+21,2.91089e+09
2.07958e+06,200097,2.79222e+07,7.5388e+24,1.1968e+27,1.44335e+10,0.00571308,2.91876e+36,0.03468,0.0701157,158.519,1.00821e-33,6.79077e+15,7.67203e+16,1.53281e+14,8.36644e+16,1.72454e+21,2.91085e+09
2.12958e+06,200094,2.79221e+07,8.09569e+24,1.28511e+27,1.47805e+10,0.00571314,2.91859e+36,0.03468,0.0701132,158.499,1.00793e-33,6.79062e+15,7.67189e+16,1.53278e+14,8.36628e+16,1.80822e+21,2.9108e+09
2.17958e+06,200092,2.79219e+07,8.67934e+24,1.37765e+27,1.51274e+10,0.0057132,2.91842e+36,0.03468,0.0701106,158.479,1.00765e-33,6.79047e+15,7.67175e+16,1.53274e+14,8.36612e+16,1.89386e+21,2.91075e+09
2.22958e+06,200089,2.79217e+07,9.29039e+24,1.47453e+27,1.54744e+10,0.00571326,2.91824e+36,0.03468,0.070108,158.458,1.00736e-33,6.79032e+15,7.6716e+16,1.53271e+14,8.36596e+16,1.98146e+21,2.9107e+09
2.27958e+06,200086,2.79216e+07,9.92946e+24,1.57583e+27,1.58214e+10,0.00571333,2.91807e+36,0.03468,0.0701054,158.437,1.00707e-33,6.79016e+15,7.67144e+16,1.53267e+14,8.36579e+16,2.07102e+21,2.91065e+09
2.32958e+06,200083,2.79214e+07,1.05972e+25,1.68166e+27,1.61683e+10,0.00571339,2.91788e+36,0.03468,0.0701027,158.415,1.00676e-33,6.79e+15,7.67129e+16,1.53263e+14,8.36562e+16,2.16254e+21,2.9106e+09
2.37958e+06,200080,2.79212e+07,1.12942e+25,1.79212e+27,1.65152e+10,0.00571346,2.9177e+36,0.03468,0.0700999,158.393,1.00646e-33,6.78984e+15,7.67113e+16,1.53259e+14,8.36544e+16,2.25602e+21,2.91055e+09
2.42958e+06,200077,2.7921e+07,1.20211e+25,1.9073e+27,1.68622e+10,0.00571353,2.91751e+36,0.03468,0.070097,158.37,1.00614e-33,6.78967e+15,7.67097e+16,1.53255e+14,8.36526e+16,2.35145e+21,2.91049e+09
2.47958e+06,200074,2.79208e+07,1.27785e+25,2.0273e+27,1.72091e+10,0.0057136,2.91731e+36,0.03468,0.0700942,158.347,1.00582e-33,6.7895e+15,7.6708e+16,1.53251e+14,8.36508e+16,2.44884e+21,2.91044e+09
2.52958e+06,200071,2.79207e+07,1.35671e+25,2.15222e+27,1.7556e+10,0.00571368,2.91711e+36,0.03468,0.0700912,158.324,1.00549e-33,6.78933e+15,7.67063e+16,1.53247e+14,8.36489e+16,2.54818e+21,2.91038e+09
2.57958e+06,200068,2.79205e+07,1.43875e+25,2.28215e+27,1.7903e+10,0.00571375,2.91691e+36,0.03468,0.0700882,158.3,1.00516e-33,6.78915e+15,7.67046e+16,1.53243e+14,8.3647e+16,2.64947e+21,2.91032e+09
2.62958e+06,200065,2.79203e+07,1.52403e+25,2.41719e+27,1.82499e+10,0.00571383,2.9167e+36,0.03468,0.0700851,158.275,1.00482e-33,6.78897e+15,7.67028e+16,1.53239e+14,8.3645e+16,2.7527e+21,2.91027e+09
2.67958e+06,200062,2.79201e+07,1.61261e+25,2.55745e+27,1.85968e+10,0.0057139,2.91649e+36,0.03468,0.070082,158.25,1.00447e-33,6.78878e+15,7.6701e+16,1.53234e+14,8.36431e+16,2.85788e+21,2.91021e+09
2.72958e+06,200058,2.79199e+07,1.70456e+25,2.70302e+27,1.89437e+10,0.00571398,2.91628e+36,0.03468,0.0700788,158.225,1.00412e-33,6.7886e+15,7.66992e+16,1.5323e+14,8.3641e+16,2.96501e+21,2.91015e+09
2.77958e+06,200055,2.79197e+07,1.79994e+25,2.85398e+27,1.92906e+10,0.00571406,2.91606e+36,0.03468,0.0700755,158.199,1.00376e-33,6.7884e+15,7.66974e+16,1.53226e+14,8.3639e+16,3.07407e+21,2.91008e+09
2.82958e+06,200052,2.79195e+07,1.89881e+25,3.01045e+27,1.96375e+10,0.00571414,2.91584e+36,0.03468,0.0700722,158.173,1.00339e-33,6.78821e+15,7.66955e+16,1.53221e+14,8.36369e+16,3.18508e+21,2.91002e+09
2.87958e+06,200048,2.79192e+07,2.00124e+25,3.17252e+27,1.99844e+10,0.00571422,2.91561e+36,0.03468,0.0700689,158.146,1.00302e-33,6.78801e+15,7.66935e+16,1.53216e+14,8.36348e+16,3.29802e+21,2.90996e+09
2.92958e+06,200045,2.7919e+07,2.10728e+25,3.34029e+27,2.03312e+10,0.00571431,2.91538e+36,0.03468,0.0700654,158.119,1.00264e-33,6.78781e+15,7.66916e+16,1.53211e+14,8.36326e+16,3.41289e+21,2.90989e+09
2.97958e+06,200041,2.79188e+07,2.21701e+25,3.51385e+27,2.06781e+10,0.00571439,2.91515e+36,0.03468,0.0700619,158.091,1.00226e-33,6.78761e+15,7.66896e+16,1.53207e+14,8.36304e+16,3.5297e+21,2.90983e+09
3.02958e+06,200037,2.79186e+07,2.33048e+25,3.69329e+27,2.1025e+10,0.00571448,2.91491e+36,0.03468,0.0700584,158.063,1.00187e-33,6.7874e+15,7.66875e+16,1.53202e+14,8.36281e+16,3.64844e+21,2.90976e+09
3.07958e+06,200034,2.79184e+07,2.44775e+25,3.87872e+27,2.13719e+10,0.00571457,2.91467e+36,0.03468,0.0700548,158.034,1.00147e-33,6.78718e+15,7.66855e+16,1.53197e+14,8.36259e+16,3.76911e+21,2.90969e+09
3.12958e+06,200030,2.79181e+07,2.56889e+25,4.07023e+27,2.17187e+10,0.00571466,2.91443e+36,0.03468,0.0700511,158.005,1.00106e-33,6.78697e+15,7.66834e+16,1.53192e+14,8.36235e+16,3.8917e+21,2.90962e+09
3.17958e+06,200026,2.79179e+07,2.69397e+25,4.26792e+27,2.20656e+10,0.00571475,2.91418e+36,0.03468,0.0700474,157.975,1.00065e-33,6.78675e+15,7.66813e+16,1.53186e+14,8.36212e+16,4.01622e+21,2.90955e+09
3.22958e+06,200022,2.79176e+07,2.82303e+25,4.47189e+27,2.24124e+10,0.00571484,2.91392e+36,0.03468,0.0700436,157.945,1.00024e-33,6.78653e+15,7.66791e+16,1.53181e+14,8.36188e+16,4.14265e+21,2.90948e+09
3.27958e+06,200018,2.79174e+07,2.95615e+25,4.68222e+27,2.27592e+10,0.00571494,2.91367e+36,0.03468,0.0700398,157.915,9.99815e-34,6.7863e+15,7.66769e+16,1.53176e+14,8.36164e+16,4.27101e+21,2.90941e+09
3.32958e+06,200014,2.79172e+07,3.0934e+25,4.89902e+27,2.31061e+10,0.00571503,2.9134e+36,0.03468,0.0700359,157.884,9.99385e-34,6.78607e+15,7.66747e+16,1.5317e+14,8.36139e+16,4.40128e+21,2.90933e+09
3.37958e+06,200010,2.79169e+07,3.23482e+25,5.12238e+27,2.34529e+10,0.00571513,2.91314e+36,0.03468,0.070032,157.852,9.9895e-34,6.78584e+15,7.66724e+16,1.53165e+14,8.36114e+16,4.53346e+21,2.90926e+09
3.42958e+06,200006,2.79167e+07,3.38049e+25,5.3524e+27,2.37997e+10,0.00571523,2.91287e+36,0.03468,0.0700279,157.82,9.98508e-34,6.7856e+15,7.66701e+16,1.53159e+14,8.36089e+16,4.66756e+21,2.90918e+09
3.47958e+06,200001,2.79164e+07,3.53046e+25,5.58917e+27,2.41465e+10,0.00571533,2.9126e+36,0.03468,0.0700239,157.788,9.98059e-34,6.78537e+15,7.66678e+16,1.53154e+14,8.36063e+16,4.80356e+21,2.9091e+09
3.52958e+06,199997,2.79161e+07,3.6848e+25,5.83279e+27,2.44933e+10,0.00571543,2.91232e+36,0.03468,0.0700197,157.755,9.97605e-34,6.78512e+15,7.66654e+16,1.53148e+14,8.36037e+16,4.94147e+21,2.90902e+09
3.57958e+06,199993,2.79159e+07,3.84358e+25,6.08335e+27,2.48401e+10,0.00571554,2.91204e+36,0.03468,0.0700155,157.722,9.97144e-34,6.78488e+15,7.6663e+16,1.53142e+14,8.3601e+16,5.08128e+21,2.90894e+09
3.62958e+06,199988,2.79156e+07,4.00685e+25,6.34095e+27,2.51869e+10,0.00571564,2.91175e+36,0.03468,0.0700113,157.688,9.96677e-34,6.78463e+15,7.66606e+16,1.53136e+14,8.35983e+16,5.22299e+21,2.90886e+09
3.67958e+06,199984,2.79153e+07,4.17468e+25,6.60568e+27,2.55336e+10,0.00571575,2.91146e+36,0.03468,0.070007,157.654,9.96204e-34,6.78437e+15,7.66581e+16,1.5313e+14,8.35956e+16,5.36659e+21,2.90878e+09
3.72958e+06,199979,2.7915e+07,4.34712e+25,6.87764e+27,2.58804e+10,0.00571585,2.91117e+36,0.03468,0.0700026,157.619,9.95724e-34,6.78412e+15,7.66556e+16,1.53124e+14,8.35928e+16,5.5121e+21,2.9087e+09
3.77958e+06,199975,2.79148e+07,4.52425e+25,7.15692e+27,2.62272e+10,0.00571596,2.91087e+36,0.03468,0.0699982,157.584,9.95238e-34,6.78386e+15,7.66531e+16,1.53118e+14,8.359e+16,5.65949e+21,2.90861e+09
3.82958e+06,199970,2.79145e+07,4.70612e+25,7.44362e+27,2.65739e+10,0.00571607,2.91057e+36,0.03468,0.0699937,157.548,9.94746e-34,6.78359e+15,7.66505e+16,1.53112e+14,8.35872e+16,5.80877e+21,2.90853e+09
3.87958e+06,199965,2.79142e+07,4.89281e+25,7.73783e+27,2.69207e+10,0.00571618,2.91027e+36,0.03468,0.0699892,157.512,9.94248e-34,6.78332e+15,7.66479e+16,1.53105e+14,8.35843e+16,5.95994e+21,2.90844e+09
3.92958e+06,199960,2.79139e+07,5.08436e+25,8.03965e+27,2.72674e+10,0.0057163,2.90996e+36,0.03468,0.0699846,157.476,9.93743e-34,6.78305e+15,7.66453e+16,1.53099e+14,8.35814e+16,6.11299e+21,2.90836e+09
3.97958e+06,199956,2.79136e+07,5.28084e+25,8.34916e+27,2.76141e+10,0.00571641,2.90965e+36,0.03468,0.0699799,157.439,9.93233e-34,6.78278e+15,7.66426e+16,1.53093e+14,8.35785e+16,6.26792e+21,2.90827e+09
4.02958e+06,199951,2.79133e+07,5.48232e+25,8.66647e+27,2.79609e+10,0.00571653,2.90933e+36,0.03468,0.0699752,157.402,9.92716e-34,6.7825e+15,7.66399e+16,1.53086e+14,8.35755e+16,6.42472e+21,2.90818e+09
4.07958e+06,199946,2.7913e+07,5.68885e+25,8.99167e+27,2.83076e+10,0.00571665,2.90901e+36,0.03468,0.0699704,157.364,9.92193e-34,6.78222e+15,7.66372e+16,1.53079e+14,8.35725e+16,6.5834e+21,2.90809e+09
4.12958e+06,199941,2.79127e+07,5.90051e+25,9.32484e+27,2.86543e+10,0.00571676,2.90869e+36,0.03468,0.0699656,157.325,9.91664e-34,6.78194e+15,7.66344e+16,1.53073e+14,8.35694e+16,6.74395e+21,2.90799e+09
4.17958e+06,199936,2.79124e+07,6.11735e+25,9.66609e+27,2.9001e+10,0.00571689,2.90836e+36,0.03468,0.0699607,157.286,9.91128e-34,6.78165e+15,7.66316e+16,1.53066e+14,8.35663e+16,6.90637e+21,2.9079e+09
4.22958e+06,199930,2.79121e+07,6.33943e+25,1.00155e+28,2.93476e+10,0.00571701,2.90803e+36,0.03468,0.0699558,157.247,9.90587e-34,6.78136e+15,7.66287e+16,1.53059e+14,8.35632e+16,7.07065e+21,2.90781e+09
4.27958e+06,199925,2.79118e+07,6.56682e+25,1.03732e+28,2.96943e+10,0.00571713,2.90769e+36,0.03468,0.0699507,157.208,9.90039e-34,6.78106e+15,7.66259e+16,1.53052e+14,8.356e+16,7.2368e+21,2.90771e+09
4.32958e+06,199920,2.79114e+07,6.79958e+25,1.07392e+28,3.0041e+10,0.00571726,2.90735e+36,0.03468,0.0699457,157.167,9.89486e-34,6.78076e+15,7.6623e+16,1.53045e+14,8.35568e+16,7.4048e+21,2.90762e+09
4.37958e+06,199915,2.79111e+07,7.03777e+25,1.11137e+28,3.03876e+10,0.00571738,2.90701e+36,0.03468,0.0699405,157.127,9.88926e-34,6.78046e+15,7.662e+16,1.53038e+14,8.35535e+16,7.57465e+21,2.90752e+09
4.42958e+06,199909,2.79108e+07,7.28146e+25,1.14967e+28,3.07343e+10,0.00571751,2.90666e+36,0.03468,0.0699354,157.086,9.8836e-34,6.78016e+15,7.66171e+16,1.53031e+14,8.35502e+16,7.74636e+21,2.90742e+09
4.47958e+06,199904,2.79104e+07,7.5307e+25,1.18884e+28,3.10809e+10,0.00571764,2.90631e+36,0.03468,0.0699301,157.044,9.87788e-34,6.77985e+15,7.66141e+16,1.53023e+14,8.35469e+16,7.91992e+21,2.90732e+09
4.52958e+06,199898,2.79101e+07,7.78557e+25,1.22887e+28,3.14276e+10,0.00571777,2.90596e+36,0.03468,0.0699248,157.002,9.8721e-34,6.77954e+15,7.6611e+16,1.53016e+14,8.35436e+16,8.09532e+21,2.90722e+09
4.57958e+06,199893,2.79098e+07,8.04611e+25,1.26979e+28,3.17742e+10,0.0057179,2.9056e+36,0.03468,0.0699195,156.96,9.86625e-34,6.77922e+15,7.66079e+16,1.53008e+14,8.35402e+16,8.27256e+21,2.90712e+09
4.62958e+06,199887,2.79094e+07,8.3124e+25,1.3116e+28,3.21208e+10,0.00571803,2.90523e+36,0.03468,0.069914,156.917,9.86035e-34,6.7789e+15,7.66048e+16,1.53001e+14,8.35367e+16,8.45163e+21,2.90701e+09
4.67958e+06,199881,2.79091e+07,8.5845e+25,1.35431e+28,3.24674e+10,0.00571817,2.90487e+36,0.03468,0.0699086,156.873,9.85439e-34,6.77858e+15,7.66017e+16,1.52993e+14,8.35333e+16,8.63254e+21,2.90691e+09
4.72958e+06,199876,2.79087e+07,8.86247e+25,1.39793e+28,3.2814e+10,0.00571831,2.9045e+36,0.03468,0.069903,156.83,9.84836e-34,6.77826e+15,7.65985e+16,1.52986e+14,8.35298e+16,8.81529e+21,2.9068e+09
4.77958e+06,199870,2.79084e+07,9.14636e+25,1.44247e+28,3.31606e+10,0.00571844,2.90412e+36,0.03468,0.0698974,156.785,9.84228e-34,6.77793e+15,7.65953e+16,1.52978e+14,8.35262e+16,8.99986e+21,2.9067e+09
4.82958e+06,199864,2.7908e+07,9.43626e+25,1.48793e+28,3.35071e+10,0.00571858,2.90374e+36,0.03468,0.0698918,156.741,9.83614e-34,6.77759e+15,7.65921e+16,1.5297e+14,8.35226e+16,9.18625e+21,2.90659e+09
4.87958e+06,199858,2.79077e+07,9.7322e+25,1.53433e+28,3.38537e+10,0.00571872,2.90336e+36,0.03468,0.0698861,156.695,9.82993e-34,6.77726e+15,7.65888e+16,1.52962e+14,8.3519e+16,9.37446e+21,2.90648e+09
4.92958e+06,199852,2.79073e+07,1.00343e+26,1.58168e+28,3.42002e+10,0.00571887,2.90297e+36,0.03468,0.0698803,156.65,9.82367e-34,6.77692e+15,7.65855e+16,1.52954e+14,8.35154e+16,9.56449e+21,2.90637e+09
4.97958e+06,199846,2.79069e+07,1.03425e+26,1.62998e+28,3.45468e+10,0.00571901,2.90258e+36,0.03468,0.0698745,156.604,9.81734e-34,6.77657e+15,7.65822e+16,1.52946e+14,8.35117e+16,9.75633e+21,2.90626e+09
5.02958e+06,199840,2.79065e+07,1.0657e+26,1.67925e+28,3.48933e+10,0.00571916,2.90219e+36,0.03468,0.0698686,156.557,9.81096e-34,6.77623e+15,7.65788e+16,1.52938e+14,8.35079e+16,9.94998e+21,2.90615e+09
5.07958e+06,199834,2.79062e+07,1.09778e+26,1.72949e+28,3.52398e+10,0.0057193,2.90179e+36,0.03468,0.0698627,156.51,9.80452e-34,6.77588e+15,7.65754e+16,1.52929e+14,8.35042e+16,1.01454e+22,2.90604e+09
5.12958e+06,199827,2.79058e+07,1.1305e+26,1.7807e+28,3.55863e+10,0.00571945,2.90139e+36,0.03468,0.0698567,156.463,9.79802e-34,6.77553e+15,7.65719e+16,1.52921e+14,8.35004e+16,1.03427e+22,2.90592e+09
5.17958e+06,199821,2.79054e+07,1.16386e+26,1.83292e+28,3.59328e+10,0.0057196,2.90098e+36,0.03468,0.0698506,156.415,9.79145e-34,6.77517e+15,7.65685e+16,1.52913e+14,8.34965e+16,1.05417e+22,2.90581e+09
5.22958e+06,199815,2.7905e+07,1.19786e+26,1.88613e+28,3.62793e+10,0.00571975,2.90057e+36,0.03468,0.0698445,156.367,9.78483e-34,6.77481e+15,7.65649e+16,1.52904e+14,8.34927e+16,1.07426e+22,2.90569e+09
5.27958e+06,199808,2.79046e+07,1.23253e+26,1.94034e+28,3.66258e+10,0.0057199,2.90016e+36,0.03468,0.0698383,156.318,9.77815e-34,6.77444e+15,7.65614e+16,1.52895e+14,8.34887e+16,1.09452e+22,2.90557e+09
5.32958e+06,199802,2.79042e+07,1.26785e+26,1.99558e+28,3.69722e+10,0.00572006,2.89974e+36,0.03468,0.0698321,156.269,9.77142e-34,6.77408e+15,7.65578e+16,1.52887e+14,8.34848e+16,1.11496e+22,2.90545e+09
5.37958e+06,199795,2.79038e+07,1.30385e+26,2.05184e+28,3.73187e+10,0.00572021,2.89932e+36,0.03468,0.0698258,156.219,9.76462e-34,6.77371e+15,7.65542e+16,1.52878e+14,8.34808e+16,1.13558e+22,2.90533e+09
5.42958e+06,199788,2.79034e+07,1.34052e+26,2.10914e+28,3.76651e+10,0.00572037,2.89889e+36,0.03468,0.0698194,156.169,9.75776e-34,6.77333e+15,7.65506e+16,1.52869e+14,8.34768e+16,1.15638e+22,2.90521e+09
5.47958e+06,199782,2.7903e+07,1.37786e+26,2.16749e+28,3.80116e+10,0.00572053,2.89847e+36,0.03468,0.069813,156.118,9.75085e-34,6.77296e+15,7.65469e+16,1.5286e+14,8.34727e+16,1.17736e+22,2.90509e+09
5.52958e+06,199775,2.79026e+07,1.4159e+26,2.22688e+28,3.8358e+10,0.00572069,2.89803e+36,0.03468,0.0698065,156.067,9.74387e-34,6.77257e+15,7.65432e+16,1.52851e+14,8.34686e+16,1.19851e+22,2.90497e+09
5.57958e+06,199768,2.79022e+07,1.45463e+26,2.28734e+28,3.87044e+10,0.00572085,2.8976e+36,0.03468,0.0698,156.016,9.73684e-34,6.77219e+15,7.65395e+16,1.52842e+14,8.34645e+16,1.21984e+22,2.90484e+09
5.62958e+06,199761,2.79018e+07,1.49405e+26,2.34887e+28,3.90508e+10,0.00572101,2.89716e+36,0.03468,0.0697934,155.964,9.72975e-34,6.7718e+15,7.65357e+16,1.52833e+14,8.34603e+16,1.24134e+22,2.90472e+09
5.67958e+06,199754,2.79013e+07,1.53418e+26,2.41148e+28,3.93971e+10,0.00572118,2.89671e+36,0.03468,0.0697868,155.912,9.72261e-34,6.77141e+15,7.65319e+16,1.52824e+14,8.34561e+16,1.26302e+22,2.90459e+09
5.72958e+06,199748,2.79009e+07,1.57503e+26,2.47517e+28,3.97435e+10,0.00572134,2.89626e+36,0.03468,0.0697801,155.859,9.7154e-34,6.77102e+15,7.6528e+16,1.52814e+14,8.34519e+16,1.28488e+22,2.90446e+09
5.77958e+06,199740,2.79005e+07,1.61659e+26,2.53997e+28,4.00899e+10,0.00572151,2.89581e+36,0.03468,0.0697733,155.806,9.70814e-34,6.77062e+15,7.65241e+16,1.52805e+14,8.34476e+16,1.30691e+22,2.90433e+09
5.82958e+06,199733,2.79001e+07,1.65887e+26,2.60587e+28,4.04362e+10,0.00572168,2.89535e+36,0.03468,0.0697665,155.752,9.70082e-34,6.77022e+15,7.65202e+16,1.52796e+14,8.34432e+16,1.32912e+22,2.9042e+09
5.87958e+06,199726,2.78996e+07,1.70189e+26,2.67288e+28,4.07825e+10,0.00572185,2.89489e+36,0.03468,0.0697597,155.698,9.69344e-34,6.76981e+15,7.65163e+16,1.52786e+14,8.34389e+16,1.3515e+22,2.90407e+09
5.92958e+06,199719,2.78992e+07,1.74564e+26,2.74102e+28,4.11289e+10,0.00572202,2.89443e+36,0.03468,0.0697527,155.643,9.68601e-34,6.7694e+15,7.65123e+16,1.52776e+14,8.34345e+16,1.37405e+22,2.90394e+09
5.97958e+06,199712,2.78987e+07,1.79013e+26,2.81029e+28,4.14752e+10,0.00572219,2.89396e+36,0.03468,0.0697457,155.588,9.67851e-34,6.76899e+15,7.65083e+16,1.52767e+14,8.34301e+16,1.39677e+22,2.90381e+09
6.02958e+06,199704,2.78983e+07,1.83537e+26,2.8807e+28,4.18215e+10,0.00572236,2.89349e+36,0.03468,0.0697387,155.533,9.67096e-34,6.76858e+15,7.65043e+16,1.52757e+14,8.34256e+16,1.41967e+22,2.90367e+09
6.07958e+06,199697,2.78978e+07,1.88137e+26,2.95226e+28,4.21677e+10,0.00572254,2.89302e+36,0.03468,0.0697316,155.477,9.66336e-34,6.76816e+15,7.65002e+16,1.52747e+14,8.34211e+16,1.44274e+22,2.90354e+09
6.12958e+06,199689,2.78974e+07,1.92813e+26,3.02498e+28,4.2514e+10,0.00572272,2.89254e+36,0.03468,0.0697244,155.421,9.6557e-34,6.76774e+15,7.64961e+16,1.52737e+14,8.34165e+16,1.46599e+22,2.9034e+09
6.17958e+06,199682,2.78969e+07,1.97566e+26,3.09886e+28,4.28603e+10,0.0057229,2.89205e+36,0.03468,0.0697172,155.364,9.64798e-34,6.76731e+15,7.64919e+16,1.52727e+14,8.3412e+16,1.4894e+22,2.90326e+09
6.22958e+06,199674,2.78965e+07,2.02395e+26,3.17392e+28,4.32065e+10,0.00572308,2.89157e+36,0.03468,0.0697099,155.307,9.6402e-34,6.76688e+15,7.64877e+16,1.52717e+14,8.34073e+16,1.51299e+22,2.90313e+09
6.27958e+06,199667,2.7896e+07,2.07303e+26,3.25016e+28,4.35527e+10,0.00572326,2.89108e+36,0.03468,0.0697026,155.249,9.63237e-34,6.76645e+15,7.64835e+16,1.52707e+14,8.34027e+16,1.53674e+22,2.90299e+09
6.32958e+06,199659,2.78955e+07,2.1229e+26,3.3276e+28,4.3899e+10,0.00572344,2.89058e+36,0.03468,0.0696952,155.191,9.62448e-34,6.76602e+15,7.64793e+16,1.52696e+14,8.3398e+16,1.56067e+22,2.90285e+09
6.37958e+06,199651,2.7895e+07,2.17355e+26,3.40623e+28,4.42452e+10,0.00572363,2.89008e+36,0.03468,0.0696877,155.132,9.61654e-34,6.76558e+15,7.6475e+16,1.52686e+14,8.33933e+16,1.58476e+22,2.9027e+09
6.42958e+06,199643,2.78946e+07,2.22501e+26,3.48608e+28,4.45913e+10,0.00572381,2.88958e+36,0.03468,0.0696802,155.073,9.60854e-34,6.76513e+15,7.64707e+16,1.52675e+14,8.33885e+16,1.60902e+22,2.90256e+09
6.47958e+06,199635,2.78941e+07,2.27727e+26,3.56714e+28,4.49375e+10,0.005724,2.88907e+36,0.03468,0.0696727,155.014,9.60048e-34,6.76469e+15,7.64664e+16,1.52665e+14,8.33837e+16,1.63346e+22,2.90242e+09
6.52958e+06,199627,2.78936e+07,2.33034e+26,3.64943e+28,4.52837e+10,0.00572419,2.88856e+36,0.03468,0.069665,154.954,9.59237e-34,6.76424e+15,7.6462e+16,1.52654e+14,8.33789e+16,1.65806e+22,2.90227e+09
6.57958e+06,199619,2.78931e+07,2.38423e+26,3.73295e+28,4.56298e+10,0.00572438,2.88805e+36,0.03468,0.0696574,154.894,9.5842e-34,6.76379e+15,7.64576e+16,1.52643e+14,8.3374e+16,1.68282e+22,2.90212e+09
6.62958e+06,199611,2.78926e+07,2.43894e+26,3.81771e+28,4.5976e+10,0.00572457,2.88753e+36,0.03468,0.0696496,154.833,9.57598e-34,6.76333e+15,7.64531e+16,1.52633e+14,8.33691e+16,1.70776e+22,2.90198e+09
6.67958e+06,199603,2.78921e+07,2.49448e+26,3.90373e+28,4.63221e+10,0.00572476,2.88701e+36,0.03468,0.0696418,154.772,9.56771e-34,6.76287e+15,7.64486e+16,1.52622e+14,8.33641e+16,1.73286e+22,2.90183e+09
6.72958e+06,199595,2.78916e+07,2.55085e+26,3.991e+28,4.66682e+10,0.00572496,2.88649e+36,0.03468,0.069634,154.711,9.55937e-34,6.76241e+15,7.64441e+16,1.52611e+14,8.33592e+16,1.75813e+22,2.90168e+09
6.77958e+06,199587,2.78911e+07,2.60807e+26,4.07954e+28,4.70143e+10,0.00572515,2.88596e+36,0.03468,0.069626,154.649,9.55099e-34,6.76194e+15,7.64396e+16,1.526e+14,8.33541e+16,1.78356e+22,2.90153e+09
6.82958e+06,199578,2.78906e+07,2.66613e+26,4.16936e+28,4.73604e+10,0.00572535,2.88542e+36,0.03468,0.0696181,154.586,9.54255e-34,6.76147e+15,7.6435e+16,1.52589e+14,8.33491e+16,1.80916e+22,2.90138e+09
6.87958e+06,199570,2.78901e+07,2.72505e+26,4.26046e+28,4.77064e+10,0.00572555,2.88489e+36,0.03468,0.06961,154.523,9.53405e-34,6.761e+15,7.64304e+16,1.52578e+14,8.3344e+16,1.83493e+22,2.90122e+09
6.92958e+06,199562,2.78896e+07,2.78483e+26,4.35286e+28,4.80525e+10,0.00572575,2.88435e+36,0.03468,0.069602,154.46,9.5255e-34,6.76052e+15,7.64258e+16,1.52566e+14,8.33388e+16,1.86085e+22,2.90107e+09
6.97958e+06,199553,2.78891e+07,2.84547e+26,4.44655e+28,4.83985e+10,0.00572595,2.8838e+36,0.03468,0.0695938,154.396,9.5169e-34,6.76004e+15,7.64211e+16,1.52555e+14,8.33337e+16,1.88694e+22,2.90091e+09
7.02958e+06,199545,2.78885e+07,2.90699e+26,4.54155e+28,4.87445e+10,0.00572616,2.88325e+36,0.03468,0.0695856,154.332,9.50824e-34,6.75956e+15,7.64164e+16,1.52544e+14,8.33285e+16,1.9132e+22,2.90076e+09
7.07958e+06,199536,2.7888e+07,2.96938e+26,4.63787e+28,4.90905e+10,0.00572636,2.8827e+36,0.03468,0.0695774,154.267,9.49953e-34,6.75907e+15,7.64116e+16,1.52532e+14,8.33232e+16,1.93962e+22,2.9006e+09
7.12958e+06,199527,2.78875e+07,3.03266e+26,4.73552e+28,4.94365e+10,0.00572657,2.88215e+36,0.03468,0.069569,154.202,9.49076e-34,6.75858e+15,7.64068e+16,1.5252e+14,8.33179e+16,1.9662e+22,2.90044e+09
7.17958e+06,199519,2.7887e+07,3.09684e+26,4.8345e+28,4.97825e+10,0.00572678,2.88159e+36,0.03468,0.0695607,154.137,9.48194e-34,6.75809e+15,7.6402e+16,1.52509e+14,8.33126e+16,1.99294e+22,2.90028e+09
7.22958e+06,199510,2.78864e+07,3.1619e+26,4.93482e+28,5.01284e+10,0.00572698,2.88102e+36,0.03468,0.0695522,154.071,9.47307e-34,6.75759e+15,7.63972e+16,1.52497e+14,8.33073e+16,2.01984e+22,2.90012e+09
7.27958e+06,199501,2.78859e+07,3.22788e+26,5.03648e+28,5.04744e+10,0.0057272,2.88046e+36,0.03468,0.0695437,154.005,9.46415e-34,6.75709e+15,7.63923e+16,1.52485e+14,8.33019e+16,2.0469e+22,2.89996e+09
7.32958e+06,199492,2.78853e+07,3.29476e+26,5.13951e+28,5.08203e+10,0.00572741,2.87989e+36,0.03468,0.0695352,153.938,9.45517e-34,6.75658e+15,7.63874e+16,1.52473e+14,8.32965e+16,2.07413e+22,2.89979e+09
7.37958e+06,199483,2.78848e+07,3.36256e+26,5.2439e+28,5.11662e+10,0.00572762,2.87931e+36,0.03468,0.0695266,153.871,9.44614e-34,6.75608e+15,7.63825e+16,1.52461e+14,8.3291e+16,2.10151e+22,2.89963e+09
7.42958e+06,199474,2.78842e+07,3.43128e+26,5.34966e+28,5.15121e+10,0.00572784,2.87873e+36,0.03468,0.0695179,153.803,9.43705e-34,6.75557e+15,7.63775e+16,1.52449e+14,8.32855e+16,2.12905e+22,2.89946e+09
7.47958e+06,199465,2.78837e+07,3.50092e+26,5.45681e+28,5.1858e+10,0.00572805,2.87815e+36,0.03468,0.0695092,153.735,9.42792e-34,6.75505e+15,7.63725e+16,1.52437e+14,8.328e+16,2.15675e+22,2.8993e+09
7.52958e+06,199456,2.78831e+07,3.5715e+26,5.56534e+28,5.22039e+10,0.00572827,2.87757e+36,0.03468,0.0695004,153.667,9.41873e-34,6.75453e+15,7.63674e+16,1.52425e+14,8.32744e+16,2.18461e+22,2.89913e+09
7.57958e+06,199446,2.78826e+07,3.64303e+26,5.67527e+28,5.25497e+10,0.00572849,2.87698e+36,0.03468,0.0694916,153.598,9.40949e-34,6.75401e+15,7.63623e+16,1.52412e+14,8.32688e+16,2.21262e+22,2.89896e+09
7.62958e+06,199437,2.7882e+07,3.71549e+26,5.78661e+28,5.28955e+10,0.00572871,2.87638e+36,0.03468,0.0694827,153.528,9.4002e-34,6.75349e+15,7.63572e+16,1.524e+14,8.32631e+16,2.2408e+22,2.89879e+09
7.67958e+06,199428,2.78814e+07,3.78892e+26,5.89935e+28,5.32414e+10,0.00572893,2.87578e+36,0.03468,0.0694738,153.459,9.39085e-34,6.75296e+15,7.63521e+16,1.52388e+14,8.32574e+16,2.26913e+22,2.89862e+09
7.72958e+06,199418,2.78808e+07,3.8633e+26,6.01352e+28,5.35872e+10,0.00572916,2.87518e+36,0.03468,0.0694648,153.389,9.38146e-34,6.75243e+15,7.63469e+16,1.52375e+14,8.32517e+16,2.29761e+22,2.89845e+09
7.77958e+06,199409,2.78803e+07,3.93864e+26,6.12912e+28,5.39329e+10,0.00572938,2.87458e+36,0.03468,0.0694557,153.318,9.37201e-34,6.7519e+15,7.63417e+16,1.52362e+14,8.3246e+16,2.32625e+22,2.89828e+09
7.82958e+06,199399,2.78797e+07,4.01496e+26,6.24615e+28,5.42787e+10,0.00572961,2.87397e+36,0.03468,0.0694466,153.247,9.36251e-34,6.75136e+15,7.63365e+16,1.5235e+14,8.32402e+16,2.35505e+22,2.8981e+09
7.87958e+06,199390,2.78791e+07,4.09225e+26,6.36463e+28,5.46245e+10,0.00572984,2.87336e+36,0.03468,0.0694374,153.176,9.35296e-34,6.75082e+15,7.63312e+16,1.52337e+14,8.32343e+16,2.38399e+22,2.89793e+09
7.92958e+06,199380,2.78785e+07,4.17053e+26,6.48455e+28,5.49702e+10,0.00573007,2.87274e+36,0.03468,0.0694282,153.104,9.34336e-34,6.75027e+15,7.63259e+16,1.52324e+14,8.32285e+16,2.4131e+22,2.89775e+09
7.97958e+06,199370,2.78779e+07,4.24979e+26,6.60594e+28,5.53159e+10,0.0057303,2.87212e+36,0.03468,0.0694189,153.032,9.33371e-34,6.74972e+15,7.63205e+16,1.52311e+14,8.32226e+16,2.44235e+22,2.89757e+09
8.02958e+06,199361,2.78773e+07,4.33005e+26,6.72879e+28,5.56616e+10,0.00573053,2.8715e+36,0.03468,0.0694095,152.959,9.32401e-34,6.74917e+15,7.63152e+16,1.52298e+14,8.32166e+16,2.47176e+22,2.8974e+09
8.07958e+06,199351,2.78767e+07,4.41132e+26,6.85312e+28,5.60073e+10,0.00573077,2.87087e+36,0.03468,0.0694001,152.886,9.31426e-34,6.74862e+15,7.63098e+16,1.52285e+14,8.32107e+16,2.50132e+22,2.89722e+09
8.12958e+06,199341,2.78761e+07,4.49359e+26,6.97893e+28,5.6353e+10,0.005731,2.87024e+36,0.03468,0.0693907,152.812,9.30446e-34,6.74806e+15,7.63043e+16,1.52272e+14,8.32046e+16,2.53103e+22,2.89704e+09
8.17958e+06,199331,2.78755e+07,4.57687e+26,7.10622e+28,5.66986e+10,0.00573124,2.8696e+36,0.03468,0.0693812,152.738,9.29461e-34,6.7475e+15,7.62988e+16,1.52258e+14,8.31986e+16,2.56089e+22,2.89685e+09
8.22958e+06,199321,2.78749e+07,4.66118e+26,7.23502e+28,5.70442e+10,0.00573148,2.86897e+36,0.03468,0.0693716,152.664,9.2847e-34,6.74693e+15,7.62933e+16,1.52245e+14,8.31925e+16,2.59091e+22,2.89667e+09
8.27958e+06,199311,2.78743e+07,4.74651e+26,7.36532e+28,5.73899e+10,0.00573172,2.86832e+36,0.03468,0.0693619,152.589,9.27475e-34,6.74636e+15,7.62878e+16,1.52232e+14,8.31864e+16,2.62107e+22,2.89649e+09
8.32958e+06,199301,2.78737e+07,4.83288e+26,7.49713e+28,5.77354e+10,0.00573196,2.86768e+36,0.03468,0.0693523,152.514,9.26475e-34,6.74579e+15,7.62822e+16,1.52218e+14,8.31802e+16,2.65138e+22,2.8963e+09
8.37958e+06,199290,2.7873e+07,4.92028e+26,7.63046e+28,5.8081e+10,0.0057322,2.86703e+36,0.03468,0.0693425,152.438,9.2547e-34,6.74522e+15,7.62766e+16,1.52204e+14,8.3174e+16,2.68184e+22,2.89611e+09
8.42958e+06,199280,2.78724e+07,5.00873e+26,7.76532e+28,5.84266e+10,0.00573245,2.86637e+36,0.03468,0.0693327,152.362,9.2446e-34,6.74464e+15,7.6271e+16,1.52191e+14,8.31678e+16,2.71245e+22,2.89593e+09
8.47958e+06,199270,2.78718e+07,5.09823e+26,7.90171e+28,5.87721e+10,0.00573269,2.86572e+36,0.03468,0.0693228,152.286,9.23446e-34,6.74405e+15,7.62653e+16,1.52177e+14,8.31615e+16,2.7432e+22,2.89574e+09
8.52958e+06,199260,2.78711e+07,5.18878e+26,8.03964e+28,5.91177e+10,0.00573294,2.86506e+36,0.03468,0.0693129,152.209,9.22426e-34,6.74347e+15,7.62596e+16,1.52163e+14,8.31552e+16,2.7741e+22,2.89555e+09
8.57958e+06,199249,2.78705e+07,5.2804e+26,8.17912e+28,5.94632e+10,0.00573319,2.86439e+36,0.03468,0.069303,152.132,9.21401e-34,6.74288e+15,7.62538e+16,1.52149e+14,8.31489e+16,2.80515e+22,2.89536e+09
8.62958e+06,199239,2.78699e+07,5.37309e+26,8.32016e+28,5.98087e+10,0.00573344,2.86372e+36,0.03468,0.0692929,152.054,9.20372e-34,6.74229e+15,7.62481e+16,1.52135e+14,8.31425e+16,2.83635e+22,2.89517e+09
8.67958e+06,199228,2.78692e+07,5.46686e+26,8.46276e+28,6.01541e+10,0.00573369,2.86305e+36,0.03468,0.0692828,151.976,9.19338e-34,6.74169e+15,7.62423e+16,1.52121e+14,8.31361e+16,2.86768e+22,2.89497e+09
8.72958e+06,199217,2.78686e+07,5.5617e+26,8.60693e+28,6.04996e+10,0.00573394,2.86237e+36,0.03468,0.0692727,151.898,9.18299e-34,6.74109e+15,7.62364e+16,1.52107e+14,8.31296e+16,2.89917e+22,2.89478e+09
8.77958e+06,199207,2.78679e+07,5.65763e+26,8.75268e+28,6.0845e+10,0.0057342,2.86169e+36,0.03468,0.0692625,151.819,9.17255e-34,6.74049e+15,7.62305e+16,1.52093e+14,8.31231e+16,2.93079e+22,2.89459e+09
8.82958e+06,199196,2.78673e+07,5.75466e+26,8.90001e+28,6.11904e+10,0.00573445,2.86101e+36,0.03468,0.0692522,151.74,9.16207e-34,6.73989e+15,7.62246e+16,1.52078e+14,8.31166e+16,2.96256e+22,2.89439e+09
8.87958e+06,199185,2.78666e+07,5.85279e+26,9.04894e+28,6.15358e+10,0.00573471,2.86032e+36,0.03468,0.0692419,151.66,9.15153e-34,6.73928e+15,7.62187e+16,1.52064e+14,8.311e+16,2.99447e+22,2.89419e+09
8.92958e+06,199174,2.78659e+07,5.95202e+26,9.19946e+28,6.18812e+10,0.00573497,2.85963e+36,0.03468,0.0692316,151.58,9.14096e-34,6.73866e+15,7.62127e+16,1.5205e+14,8.31034e+16,3.02653e+22,2.89399e+09
8.97958e+06,199163,2.78653e+07,6.05236e+26,9.35159e+28,6.22266e+10,0.00573523,2.85894e+36,0.03468,0.0692211,151.499,9.13033e-34,6.73805e+15,7.62067e+16,1.52035e+14,8.30968e+16,3.05872e+22,2.89379e+09
9.02958e+06,199152,2.78646e+07,6.15383e+26,9.50534e+28,6.25719e+10,0.00573549,2.85824e+36,0.03468,0.0692106,151.418,9.11966e-34,6.73743e+15,7.62007e+16,1.5202e+14,8.30901e+16,3.09106e+22,2.89359e+09
9.07958e+06,199141,2.78639e+07,6.25641e+26,9.6607e+28,6.29172e+10,0.00573575,2.85754e+36,0.03468,0.0692001,151.337,9.10894e-34,6.73681e+15,7.61946e+16,1.52006e+14,8.30834e+16,3.12354e+22,2.89339e+09
9.12958e+06,199130,2.78633e+07,6.36013e+26,9.81769e+28,6.32625e+10,0.00573602,2.85683e+36,0.03468,0.0691895,151.255,9.09817e-34,6.73618e+15,7.61885e+16,1.51991e+14,8.30767e+16,3.15615e+22,2.89319e+09
9.17958e+06,199119,2.78626e+07,6.46498e+26,9.97632e+28,6.36078e+10,0.00573629,2.85612e+36,0.03468,0.0691789,151.173,9.08736e-34,6.73555e+15,7.61824e+16,1.51976e+14,8.30699e+16,3.18891e+22,2.89299e+09
9.22958e+06,199108,2.78619e+07,6.57098e+26,1.01366e+29,6.39531e+10,0.00573655,2.85541e+36,0.03468,0.0691681,151.091,9.0765e-34,6.73492e+15,7.61762e+16,1.51961e+14,8.30631e+16,3.2218e+22,2.89278e+09
9.27958e+06,199097,2.78612e+07,6.67813e+26,1.02985e+29,6.42983e+10,0.00573682,2.85469e+36,0.03468,0.0691574,151.008,9.06559e-34,6.73428e+15,7.617e+16,1.51946e+14,8.30562e+16,3.25483e+22,2.89257e+09
9.32958e+06,199085,2.78605e+07,6.78642e+26,1.04621e+29,6.46435e+10,0.00573709,2.85397e+36,0.03468,0.0691466,150.924,9.05464e-34,6.73364e+15,7.61638e+16,1.51931e+14,8.30493e+16,3.288e+22,2.89237e+09
9.37958e+06,199074,2.78598e+07,6.89588e+26,1.06273e+29,6.49887e+10,0.00573737,2.85325e+36,0.03468,0.0691357,150.841,9.04365e-34,6.733e+15,7.61575e+16,1.51916e+14,8.30424e+16,3.3213e+22,2.89216e+09
9.42958e+06,199062,2.78591e+07,7.00651e+26,1.07942e+29,6.53339e+10,0.00573764,2.85252e+36,0.03468,0.0691247,150.756,9.03261e-34,6.73235e+15,7.61512e+16,1.519e+14,8.30355e+16,3.35474e+22,2.89195e+09
9.47958e+06,199051,2.78584e+07,7.11831e+26,1.09628e+29,6.56791e+10,0.00573791,2.85179e+36,0.03468,0.0691138,150.672,9.02152e-34,6.7317e+15,7.61449e+16,1.51885e+14,8.30285e+16,3.38831e+22,2.89174e+09
9.52958e+06,199039,2.78577e+07,7.23129e+26,1.1133e+29,6.60242e+10,0.00573819,2.85105e+36,0.03468,0.0691027,150.587,9.01039e-34,6.73105e+15,7.61385e+16,1.5187e+14,8.30214e+16,3.42202e+22,2.89153e+09
9.57958e+06,199028,2.7857e+07,7.34546e+26,1.1305e+29,6.63694e+10,0.00573847,2.85032e+36,0.03468,0.0690916,150.502,8.99922e-34,6.73039e+15,7.61321e+16,1.51854e+14,8.30144e+16,3.45586e+22,2.89132e+09
9.62958e+06,199016,2.78563e+07,7.46081e+26,1.14786e+29,6.67145e+10,0.00573875,2.84957e+36,0.03468,0.0690804,150.416,8.988e-34,6.72973e+15,7.61257e+16,1.51838e+14,8.30072e+16,3.48984e+22,2.8911e+09
9.67958e+06,199004,2.78555e+07,7.57736e+26,1.1654e+29,6.70595e+10,0.00573903,2.84883e+36,0.03468,0.0690692,150.33,8.97673e-34,6.72907e+15,7.61192e+16,1.51823e+14,8.30001e+16,3.52395e+22,2.89089e+09
9.72958e+06,198992,2.78548e+07,7.69512e+26,1.1831e+29,6.74046e+10,0.00573931,2.84808e+36,0.03468,0.069058,150.243,8.96543e-34,6.7284e+15,7.61127e+16,1.51807e+14,8.29929e+16,3.55819e+22,2.89067e+09
9.77958e+06,198980,2.78541e+07,7.81409e+26,1.20098e+29,6.77497e+10,0.0057396,2.84732e+36,0.03468,0.0690466,150.156,8.95408e-34,6.72773e+15,7.61062e+16,1.51791e+14,8.29857e+16,3.59256e+22,2.89045e+09
9.82958e+06,198968,2.78534e+07,7.93427e+26,1.21903e+29,6.80947e+10,0.00573988,2.84657e+36,0.03468,0.0690352,150.069,8.94268e-34,6.72706e+15,7.60996e+16,1.51775e+14,8.29784e+16,3.62706e+22,2.89024e+09
9.87958e+06,198956,2.78526e+07,8.05567e+26,1.23725e+29,6.84397e+10,0.00574017,2.84581e+36,0.03468,0.0690238,149.981,8.93124e-34,6.72638e+15,7.6093e+16,1.51759e+14,8.29712e+16,3.66169e+22,2.89002e+09
9.92958e+06,198944,2.78519e+07,8.1783e+26,1.25565e+29,6.87847e+10,0.00574046,2.84504e+36,0.03468,0.0690123,149.893,8.91976e-34,6.7257e+15,7.60864e+16,1.51743e+14,8.29638e+16,3.69645e+22,2.8898e+09
9.97958e+06,198932,2.78512e+07,8.30216e+26,1.27422e+29,6.91296e+10,0.00574075,2.84427e+36,0.03468,0.0690008,149.805,8.90824e-34,6.72502e+15,7.60797e+16,1.51727e+14,8.29565e+16,3.73134e+22,2.88958e+09
1.00296e+07,198920,2.78504e+07,8.42727e+26,1.29296e+29,6.94746e+10,0.00574104,2.8435e+36,0.03468,0.0689892,149.716,8.89667e-34,6.72433e+15,7.6073e+16,1.51711e+14,8.29491e+16,3.76636e+22,2.88935e+09
1.00796e+07,198908,2.78497e+07,8.55362e+26,1.31188e+29,6.98195e+10,0.00574133,2.84273e+36,0.03468,0.0689775,149.627,8.88506e-34,6.72364e+15,7.60663e+16,1.51694e+14,8.29416e+16,3.8015e+22,2.88913e+09
1.01296e+07,198896,2.78489e+07,8.68122e+26,1.33097e+29,7.01644e+10,0.00574162,2.84195e+36,0.03468,0.0689658,149.537,8.87341e-34,6.72295e+15,7.60595e+16,1.51678e+14,8.29342e+16,3.83677e+22,2.88891e+09
1.01796e+07,198883,2.78482e+07,8.81008e+26,1.35025e+29,7.05092e+10,0.00574192,2.84116e+36,0.03468,0.068954,149.447,8.86171e-34,6.72225e+15,7.60527e+16,1.51662e+14,8.29267e+16,3.87217e+22,2.88868e+09
1.02296e+07,198871,2.78474e+07,8.9402e+26,1.3697e+29,7.08541e+10,0.00574222,2.84038e+36,0.03468,0.0689422,149.356,8.84998e-34,6.72155e+15,7.60459e+16,1.51645e+14,8.29191e+16,3.90769e+22,2.88845e+09
1.02796e+07,198858,2.78466e+07,9.0716e+26,1.38932e+29,7.11989e+10,0.00574252,2.83959e+36,0.03468,0.0689303,149.266,8.8382e-34,6.72085e+15,7.60391e+16,1.51628e+14,8.29115e+16,3.94334e+22,2.88822e+09
1.03296e+07,198846,2.78459e+07,9.20427e+26,1.40913e+29,7.15437e+10,0.00574282,2.8388e+36,0.03468,0.0689183,149.174,8.82638e-34,6.72014e+15,7.60322e+16,1.51612e+14,8.29039e+16,3.97911e+22,2.888e+09
1.03796e+07,198833,2.78451e+07,9.33822e+26,1.42912e+29,7.18885e+10,0.00574312,2.838e+36,0.03468,0.0689063,149.083,8.81452e-34,6.71943e+15,7.60252e+16,1.51595e+14,8.28963e+16,4.015e+22,2.88777e+09
1.04296e+07,198820,2.78443e+07,9.47346e+26,1.44928e+29,7.22333e+10,0.00574342,2.8372e+36,0.03468,0.0688943,148.991,8.80261e-34,6.71872e+15,7.60183e+16,1.51578e+14,8.28886e+16,4.05102e+22,2.88753e+09
1.04796e+07,198808,2.78435e+07,9.60999e+26,1.46963e+29,7.2578e+10,0.00574372,2.83639e+36,0.03468,0.0688822,148.898,8.79067e-34,6.718e+15,7.60113e+16,1.51561e+14,8.28809e+16,4.08716e+22,2.8873e+09
1.05296e+07,198795,2.78428e+07,9.74783e+26,1.49015e+29,7.29228e+10,0.00574403,2.83559e+36,0.03468,0.06887,148.806,8.77869e-34,6.71728e+15,7.60043e+16,1.51544e+14,8.28731e+16,4.12342e+22,2.88707e+09
1.05796e+07,198782,2.7842e+07,9.88697e+26,1.51086e+29,7.32675e+10,0.00574434,2.83477e+36,0.03468,0.0688578,148.712,8.76666e-34,6.71656e+15,7.59972e+16,1.51527e+14,8.28653e+16,4.1598e+22,2.88683e+09
1.06296e+07,198769,2.78412e+07,1.00274e+27,1.53175e+29,7.36121e+10,0.00574465,2.83396e+36,0.03468,0.0688455,148.619,8.7546e-34,6.71583e+15,7.59901e+16,1.5151e+14,8.28575e+16,4.1963e+22,2.8866e+09
1.06796e+07,198756,2.78404e+07,1.01692e+27,1.55282e+29,7.39568e+10,0.00574496,2.83314e+36,0.03468,0.0688332,148.525,8.74249e-34,6.7151e+15,7.5983e+16,1.51493e+14,8.28496e+16,4.23292e+22,2.88636e+09
1.07296e+07,198743,2.78396e+07,1.03123e+27,1.57408e+29,7.43014e+10,0.00574527,2.83232e+36,0.03468,0.0688208,148.431,8.73035e-34,6.71437e+15,7.59759e+16,1.51475e+14,8.28417e+16,4.26966e+22,2.88612e+09
1.07796e+07,198730,2.78388e+07,1.04567e+27,1.59552e+29,7.4646e+10,0.00574558,2.83149e+36,0.03468,0.0688083,148.336,8.71817e-34,6.71363e+15,7.59687e+16,1.51458e+14,8.28338e+16,4.30651e+22,2.88589e+09
1.08296e+07,198717,2.7838e+07,1.06025e+27,1.61715e+29,7.49906e+10,0.0057459,2.83066e+36,0.03468,0.0687958,148.241,8.70594e-34,6.71289e+15,7.59614e+16,1.5144e+14,8.28258e+16,4.34348e+22,2.88565e+09
1.08796e+07,198704,2.78372e+07,1.07496e+27,1.63896e+29,7.53352e+10,0.00574621,2.82983e+36,0.03468,0.0687833,148.146,8.69368e-34,6.71215e+15,7.59542e+16,1.51423e+14,8.28178e+16,4.38057e+22,2.88541e+09
1.09296e+07,198690,2.78364e+07,1.0898e+27,1.66095e+29,7.56797e+10,0.00574653,2.82899e+36,0.03468,0.0687707,148.05,8.68138e-34,6.7114e+15,7.59469e+16,1.51405e+14,8.28097e+16,4.41778e+22,2.88516e+09
1.09796e+07,198677,2.78356e+07,1.10478e+27,1.68313e+29,7.60242e+10,0.00574685,2.82815e+36,0.03468,0.068758,147.954,8.66904e-34,6.71065e+15,7.59396e+16,1.51387e+14,8.28016e+16,4.45509e+22,2.88492e+09
1.10296e+07,198664,2.78347e+07,1.1199e+27,1.7055e+29,7.63687e+10,0.00574717,2.82731e+36,0.03468,0.0687453,147.857,8.65666e-34,6.7099e+15,7.59322e+16,1.5137e+14,8.27935e+16,4.49253e+22,2.88468e+09
1.10796e+07,198650,2.78339e+07,1.13515e+27,1.72806e+29,7.67132e+10,0.00574749,2.82646e+36,0.03468,0.0687325,147.76,8.64424e-34,6.70914e+15,7.59249e+16,1.51352e+14,8.27854e+16,4.53007e+22,2.88443e+09
1.11296e+07,198637,2.78331e+07,1.15055e+27,1.7508e+29,7.70577e+10,0.00574782,2.82561e+36,0.03468,0.0687197,147.663,8.63179e-34,6.70838e+15,7.59174e+16,1.51334e+14,8.27772e+16,4.56773e+22,2.88418e+09
1.11796e+07,198623,2.78323e+07,1.16607e+27,1.77374e+29,7.74021e+10,0.00574814,2.82476e+36,0.03468,0.0687068,147.565,8.61929e-34,6.70762e+15,7.591e+16,1.51316e+14,8.27689e+16,4.60551e+22,2.88394e+09
1.12296e+07,198610,2.78314e+07,1.18174e+27,1.79686e+29,7.77465e+10,0.00574847,2.8239e+36,0.03468,0.0686938,147.467,8.60676e-34,6.70685e+15,7.59025e+16,1.51298e+14,8.27607e+16,4.64339e+22,2.88369e+09
1.12796e+07,198596,2.78306e+07,1.19755e+27,1.82017e+29,7.80909e+10,0.0057488,2.82304e+36,0.03468,0.0686808,147.369,8.59419e-34,6.70608e+15,7.5895e+16,1.51279e+14,8.27524e+16,4.68138e+22,2.88344e+09
1.13296e+07,198582,2.78297e+07,1.21349e+27,1.84367e+29,7.84352e+10,0.00574912,2.82217e+36,0.03468,0.0686678,147.27,8.58159e-34,6.70531e+15,7.58875e+16,1.51261e+14,8.2744e+16,4.71949e+22,2.88319e+09
1.13796e+07,198568,2.78289e+07,1.22958e+27,1.86737e+29,7.87795e+10,0.00574946,2.8213e+36,0.03468,0.0686547,147.171,8.56895e-34,6.70453e+15,7.58799e+16,1.51243e+14,8.27357e+16,4.7577e+22,2.88294e+09
1.14296e+07,198554,2.78281e+07,1.24581e+27,1.89125e+29,7.91238e+10,0.00574979,2.82043e+36,0.03468,0.0686415,147.071,8.55627e-34,6.70375e+15,7.58723e+16,1.51224e+14,8.27272e+16,4.79602e+22,2.88268e+09
1.14796e+07,198541,2.78272e+07,1.26217e+27,1.91533e+29,7.94681e+10,0.00575012,2.81955e+36,0.03468,0.0686283,146.972,8.54355e-34,6.70297e+15,7.58646e+16,1.51206e+14,8.27188e+16,4.83445e+22,2.88243e+09
1.15296e+07,198527,2.78263e+07,1.27868e+27,1.9396e+29,7.98124e+10,0.00575046,2.81867e+36,0.03468,0.068615,146.871,8.5308e-34,6.70218e+15,7.5857e+16,1.51187e+14,8.27103e+16,4.87299e+22,2.88217e+09
1.15796e+07,198513,2.78255e+07,1.29534e+27,1.96406e+29,8.01566e+10,0.00575079,2.81779e+36,0.03468,0.0686017,146.771,8.51801e-34,6.70139e+15,7.58492e+16,1.51168e+14,8.27018e+16,4.91163e+22,2.88151e+09
1.16296e+07,198498,2.78246e+07,1.31213e+27,1.98871e+29,8.05008e+10,0.00575113,2.8169e+36,0.03468,0.0685883,146.67,8.50519e-34,6.7006e+15,7.58415e+16,1.5115e+14,8.26933e+16,4.95038e+22,2.88005e+09
1.16796e+07,198484,2.78238e+07,1.32907e+27,2.01356e+29,8.0845e+10,0.00575147,2.81601e+36,0.03468,0.0685749,146.568,8.49233e-34,6.6998e+15,7.58337e+16,1.51131e+14,8.26847e+16,4.98924e+22,2.87725e+09
1.17296e+07,198470,2.78229e+07,1.34616e+27,2.03861e+29,8.11892e+10,0.00575181,2.81512e+36,0.03468,0.0685614,146.467,8.47943e-34,6.699e+15,7.58259e+16,1.51112e+14,8.2676e+16,5.02819e+22,2.87237e+09
1.17796e+07,198456,2.7822e+07,1.36339e+27,2.06384e+29,8.15333e+10,0.00575216,2.81422e+36,0.03468,0.0685478,146.365,8.4665e-34,6.6982e+15,7.58181e+16,1.51093e+14,8.26674e+16,5.06726e+22,2.86437e+09
1.18296e+07,198441,2.78211e+07,1.38076e+27,2.08928e+29,8.18774e+10,0.0057525,2.81332e+36,0.03468,0.0685342,146.262,8.45353e-34,6.69739e+15,7.58102e+16,1.51074e+14,8.26587e+16,5.10642e+22,2.85176e+09
1.18796e+07,198427,2.78203e+07,1.39828e+27,2.11491e+29,8.22215e+10,0.00575285,2.81242e+36,0.03468,0.0685206,146.159,8.44053e-34,6.69658e+15,7.58023e+16,1.51055e+14,8.265e+16,5.14569e+22,2.83238e+09
1.19296e+07,198413,2.78194e+07,1.41595e+27,2.14074e+29,8.25656e+10,0.00575319,2.81151e+36,0.03468,0.0685069,146.056,8.4275e-34,6.69577e+15,7.57944e+16,1.51036e+14,8.26412e+16,5.18506e+22,2.80301e+09
1.19796e+07,198398,2.78185e+07,1.43377e+27,2.16676e+29,8.29096e+10,0.00575354,2.8106e+36,0.03468,0.0684931,145.953,8.41443e-34,6.69495e+15,7.57864e+16,1.51016e+14,8.26324e+16,5.22452e+22,2.75901e+09
1.20296e+07,198383,2.78176e+07,1.45173e+27,2.19298e+29,8.32536e+10,0.00575389,2.80969e+36,0.03468,0.0684793,145.849,8.40133e-34,6.69413e+15,7.57784e+16,1.50997e+14,8.26235e+16,5.26409e+22,2.69821e+09
1.20796e+07,198369,2.78167e+07,1.46984e+27,2.2194e+29,8.35976e+10,0.00575424,2.80877e+36,0.03468,0.0684654,145.745,8.38819e-34,6.69331e+15,7.57704e+16,1.50977e+14,8.26147e+16,5.30376e+22,2.62884e+09
1.21296e+07,198354,2.78158e+07,1.48811e+27,2.24602e+29,8.39416e+10,0.0057546,2.80785e+36,0.03468,0.0684515,145.64,8.37502e-34,6.69248e+15,7.57623e+16,1.50958e+14,8.26058e+16,5.34353e+22,2.55178e+09
1.21796e+07,198339,2.78149e+07,1.50652e+27,2.27284e+29,8.42855e+10,0.00575495,2.80692e+36,0.03468,0.0684375,145.535,8.36181e-34,6.69165e+15,7.57542e+16,1.50938e+14,8.25968e+16,5.38339e+22,2.46792e+09
1.22296e+07,198325,2.7814e+07,1.52508e+27,2.29985e+29,8.46294e+10,0.00575531,2.80599e+36,0.03468,0.0684235,145.43,8.34857e-34,6.69082e+15,7.57461e+16,1.50919e+14,8.25878e+16,5.42335e+22,2.37819e+09
1.22796e+07,198310,2.78131e+07,1.54379e+27,2.32707e+29,8.49733e+10,0.00575566,2.80506e+36,0.03468,0.0684094,145.324,8.3353e-34,6.68998e+15,7.57379e+16,1.50899e+14,8.25788e+16,5.46341e+22,2.28354e+09
1.23296e+07,198295,2.78122e+07,1.56266e+27,2.35449e+29,8.53171e+10,0.00575602,2.80413e+36,0.03468,0.0683952,145.218,8.322e-34,6.68914e+15,7.57297e+16,1.50879e+14,8.25698e+16,5.50356e+22,2.18493e+09
1.23796e+07,198280,2.78112e+07,1.58167e+27,2.38211e+29,8.5661e+10,0.00575638,2.80319e+36,0.03468,0.068381,145.112,8.30866e-34,6.6883e+15,7.57215e+16,1.50859e+14,8.25607e+16,5.5438e+22,2.08333e+09
1.24296e+07,198265,2.78103e+07,1.60084e+27,2.40993e+29,8.60048e+10,0.00575675,2.80224e+36,0.03468,0.0683668,145.005,8.2953e-34,6.68745e+15,7.57133e+16,1.50839e+14,8.25515e+16,5.58415e+22,1.97967e+09
1.24796e+07,198250,2.78094e+07,1.62017e+27,2.43795e+29,8.63486e+10,0.00575711,2.8013e+36,0.03468,0.0683525,144.898,8.28189e-34,6.6866e+15,7.5705e+16,1.50819e+14,8.25424e+16,5.62458e+22,1.87483e+09
1.25296e+07,198234,2.78085e+07,1.63964e+27,2.46617e+29,8.66923e+10,0.00575747,2.80035e+36,0.03468,0.0683381,144.791,8.26846e-34,6.68575e+15,7.56966e+16,1.50799e+14,8.25332e+16,5.6651e+22,1.76967e+09
1.25796e+07,198219,2.78075e+07,1.65927e+27,2.4946e+29,8.7036e+10,0.00575784,2.7994e+36,0.03468,0.0683237,144.683,8.255e-34,6.68489e+15,7.56883e+16,1.50779e+14,8.2524e+16,5.70572e+22,1.66496e+09
1.26296e+07,198204,2.78066e+07,1.67906e+27,2.52323e+29,8.73797e+10,0.00575821,2.79844e+36,0.03468,0.0683092,144.575,8.2415e-34,6.68404e+15,7.56799e+16,1.50758e+14,8.25147e+16,5.74643e+22,1.56143e+09
1.26796e+07,198189,2.78057e+07,1.699e+27,2.55206e+29,8.77234e+10,0.00575858,2.79748e+36,0.03468,0.0682947,144.467,8.22798e-34,6.68317e+15,7.56715e+16,1.50738e+14,8.25054e+16,5.78723e+22,1.45972e+09
1.27296e+07,198173,2.78047e+07,1.7191e+27,2.5811e+29,8.8067e+10,0.00575895,2.79652e+36,0.03468,0.0682801,144.358,8.21442e-34,6.68231e+15,7.5663e+16,1.50717e+14,8.24961e+16,5.82812e+22,1.36041e+09
1.27796e+07,198158,2.78038e+07,1.73936e+27,2.61035e+29,8.84107e+10,0.00575932,2.79555e+36,0.03468,0.0682654,144.249,8.20083e-34,6.68144e+15,7.56545e+16,1.50697e+14,8.24867e+16,5.8691e+22,1.26397e+09
1.28296e+07,198142,2.78028e+07,1.75977e+27,2.63979e+29,8.87543e+10,0.00575969,2.79458e+36,0.03468,0.0682508,144.139,8.18721e-34,6.68056e+15,7.5646e+16,1.50676e+14,8.24773e+16,5.91016e+22,1.17084e+09
1.28796e+07,198127,2.78019e+07,1.78034e+27,2.66945e+29,8.90978e+10,0.00576007,2.79361e+36,0.03468,0.068236,144.029,8.17356e-34,6.67969e+15,7.56375e+16,1.50656e+14,8.24678e+16,5.95131e+22,1.08134e+09
1.30123e+07,198085,2.77993e+07,1.83571e+27,2.74916e+29,9.00096e+10,0.00576107,2.79101e+36,0.03468,0.0681966,143.736,8.13719e-34,6.67735e+15,7.56146e+16,1.506e+14,8.24426e+16,6.06096e+22,9.95752e+08
1.33027e+07,197992,2.77936e+07,1.96082e+27,2.92866e+29,9.20039e+10,0.0057633,2.78523e+36,0.03468,0.0681091,143.087,8.05688e-34,6.67214e+15,7.55638e+16,1.50477e+14,8.23865e+16,6.30291e+22,9.14273e+08
1.38484e+07,197813,2.77826e+07,2.21096e+27,3.28518e+29,9.57492e+10,0.00576762,2.77407e+36,0.03468,0.0679396,141.835,7.90342e-34,6.66206e+15,7.54654e+16,1.50239e+14,8.22777e+16,6.76476e+22,8.37041e+08
1.47597e+07,197497,2.77633e+07,2.67425e+27,3.93751e+29,1.01996e+11,0.00577523,2.75453e+36,0.03468,0.0676424,139.66,7.64048e-34,6.64433e+15,7.52924e+16,1.49821e+14,8.20865e+16,7.55447e+22,7.64136e+08
1.6151e+07,196976,2.77314e+07,3.49855e+27,5.07457e+29,1.11514e+11,0.00578778,2.72262e+36,0.03468,0.0671549,136.145,7.22577e-34,6.61516e+15,7.50077e+16,1.49135e+14,8.1772e+16,8.79499e+22,6.95588e+08
1.81388e+07,196153,2.7681e+07,4.9435e+27,7.00298e+29,1.25066e+11,0.0058077,2.6728e+36,0.03468,0.0663894,130.756,6.61432e-34,6.56915e+15,7.45585e+16,1.48054e+14,8.12757e+16,1.06096e+23,6.31381e+08
2.08463e+07,194884,2.76032e+07,7.47522e+27,1.02118e+30,1.43427e+11,0.00583863,2.5975e+36,0.03468,0.0652216,122.833,5.76845e-34,6.49849e+15,7.38681e+16,1.46396e+14,8.0513e+16,1.30794e+23,5.71459e+08
2.4413e+07,192960,2.74848e+07,1.19355e+28,1.54346e+30,1.67421e+11,0.00588614,2.48653e+36,0.03468,0.0634764,111.646,4.68029e-34,6.39192e+15,7.2825e+16,1.43899e+14,7.93608e+16,1.61439e+23,5.15731e+08
2.90062e+07,190075,2.7306e+07,1.98412e+28,2.36425e+30,1.97942e+11,0.00595892,2.32713e+36,0.03468,0.0609164,96.5854,3.40807e-34,6.2334e+15,7.12694e+16,1.40192e+14,7.7643e+16,1.94223e+23,4.64081e+08
3.40062e+07,186440,2.70788e+07,3.16075e+28,3.40022e+30,2.30603e+11,0.00605344,2.13777e+36,0.03468,0.0577872,80.2229,2.27006e-34,6.03603e+15,6.93249e+16,1.35583e+14,7.54966e+16,2.17509e+23,4.16367e+08
3.90062e+07,182331,2.68186e+07,4.70723e+28,4.51581e+30,2.62594e+11,0.00616456,1.93813e+36,0.03468,0.0543724,64.74,1.41963e-34,5.81591e+15,6.71454e+16,1.30447e+14,7.30917e+16,2.25878e+23,3.72431e+08
4.40062e+07,177786,2.65268e+07,6.65884e+28,5.63679e+30,2.93836e+11,0.00629303,1.73436e+36,0.03468,0.0507472,50.7759,8.34043e-35,5.57634e+15,6.47595e+16,1.24861e+14,7.04607e+16,2.19901e+23,3.32101e+08
4.90062e+07,172850,2.62048e+07,9.04399e+28,6.69727e+30,3.24257e+11,0.00643967,1.53211e+36,0.03468,0.0469859,38.7151,4.60637e-35,5.3207e+15,6.21972e+16,1.18908e+14,6.76368e+16,2.02204e+23,2.95194e+08
5.40062e+07,167567,2.58542e+07,1.18839e+29,7.64774e+30,3.53792e+11,0.00660542,1.33628e+36,0.03468,0.0431604,28.7068,2.39331e-35,5.0524e+15,5.94893e+16,1.12671e+14,6.46543e+16,1.76572e+23,2.61523e+08
5.90062e+07,161982,2.54766e+07,1.51926e+29,8.45861e+30,3.82386e+11,0.00679136,1.1509e+36,0.03468,0.0393376,20.7073,1.17068e-35,4.77487e+15,5.66667e+16,1.06232e+14,6.15478e+16,1.47034e+23,2.30895e+08
6.40062e+07,156142,2.50738e+07,1.89766e+29,9.11948e+30,4.09989e+11,0.00699871,9.78987e+35,0.03468,0.0355779,14.5363,5.39554e-36,4.49145e+15,5.37604e+16,9.9672e+13,5.83515e+16,1.17136e+23,2.03121e+08
6.90062e+07,150096,2.46477e+07,2.32354e+29,9.63553e+30,4.36562e+11,0.00722884,8.22616e+35,0.03468,0.0319337,9.93458,2.34508e-36,4.20533e+15,5.08002e+16,9.30665e+13,5.50986e+16,8.95156e+22,1.7801e+08
7.40062e+07,143889,2.42e+07,2.79615e+29,1.00226e+31,4.62073e+11,0.0074833,6.82933e+35,0.03468,0.0284488,6.6128,9.62038e-37,3.91951e+15,4.78149e+16,8.64868e+13,5.18209e+16,6.57694e+22,1.55377e+08
7.90062e+07,137567,2.37326e+07,3.31411e+29,1.03019e+31,4.86498e+11,0.00776382,5.60276e+35,0.03468,0.025158,4.28887,3.72854e-37,3.63672e+15,4.48313e+16,7.99971e+13,4.85481e+16,4.65511e+22,1.3504e+08
8.40062e+07,131174,2.32476e+07,3.87541e+29,1.04964e+31,5.0982e+11,0.0080723,4.54312e+35,0.03468,0.0220869,2.71149,1.36648e-37,3.35943e+15,4.18742e+16,7.36549e+13,4.53073e+16,3.17989e+22,1.16826e+08
8.90062e+07,124752,2.27467e+07,4.47755e+29,1.06272e+31,5.32031e+11,0.00841091,3.64184e+35,0.03468,0.0192529,1.67174,4.74019e-38,3.08979e+15,3.8966e+16,6.75095e+13,4.21233e+16,2.10009e+22,1.00567e+08
9.40062e+07,118339,2.22319e+07,5.11751e+29,1.07123e+31,5.53128e+11,0.00878202,2.88662e+35,0.03468,0.0166653,1.00558,1.55788e-38,2.82963e+15,3.61264e+16,6.16026e+13,3.90177e+16,1.3434e+22,8.61038e+07
9.90062e+07,111972,2.17051e+07,5.79191e+29,1.07659e+31,5.73117e+11,0.0091883,2.26279e+35,0.03468,0.0143263,0.590387,4.85549e-39,2.58048e+15,3.33728e+16,5.59679e+13,3.60092e+16,8.34052e+21,7.32858e+07
1.04006e+08,105684,2.11681e+07,6.49701e+29,1.07988e+31,5.92008e+11,0.00963268,1.75457e+35,0.03468,0.0122325,0.338469,1.43648e-39,2.34353e+15,3.07194e+16,5.06311e+13,3.31136e+16,5.03821e+21,6.19707e+07
1.09006e+08,99506.1,2.06227e+07,7.22884e+29,1.08185e+31,6.09818e+11,0.0101185,1.34603e+35,0.03468,0.0103754,0.18956,4.03774e-40,2.11967e+15,2.81783e+16,4.56109e+13,3.03436e+16,2.97065e+21,5.20246e+07
1.14006e+08,93463.6,2.00705e+07,7.98323e+29,1.083e+31,6.26568e+11,0.0106493,1.02183e+35,0.03468,0.00874284,0.103752,1.07929e-40,1.90951e+15,2.57586e+16,4.09189e+13,2.7709e+16,1.71728e+21,4.33227e+07
1.19006e+08,87580.3,1.95133e+07,8.75591e+29,1.08366e+31,6.42283e+11,0.0112292,7.67744e+34,0.03468,0.00731995,0.0555193,2.74587e-41,1.71341e+15,2.3467e+16,3.65608e+13,2.5217e+16,9.79459e+20,3.57482e+07
1.24006e+08,81876,1.89527e+07,9.54255e+29,1.08403e+31,6.56992e+11,0.0118628,5.71015e+34,0.03468,0.00608999,0.029057,6.65456e-42,1.53148e+15,2.13083e+16,3.25368e+13,2.28723e+16,5.56085e+20,2.91929e+07
1.29006e+08,76367.4,1.83901e+07,1.03389e+30,1.08425e+31,6.70728e+11,0.012555,4.20476e+34,0.03468,0.00503524,0.0148789,1.53744e-42,1.36364e+15,1.92847e+16,2.88421e+13,2.06772e+16,3.18054e+20,2.35564e+07
1.34006e+08,71068,1.7827e+07,1.11406e+30,1.08437e+31,6.83527e+11,0.0133115,3.06593e+34,0.03468,0.0041377,0.00745679,3.38865e-43,1.2096e+15,1.73969e+16,2.54682e+13,1.8632e+16,1.85945e+20,1.87458e+07
1.39006e+08,65988.4,1.72646e+07,1.19437e+30,1.08444e+31,6.95425e+11,0.0141386,2.21397e+34,0.03468,0.00337963,0.00365864,7.13012e-44,1.06897e+15,1.56439e+16,2.24035e+13,1.67353e+16,1.12775e+20,1.46755e+07
1.44006e+08,61136.2,1.67042e+07,1.27441e+30,1.08449e+31,7.0646e+11,0.0150432,1.58351e+34,0.03468,0.00274399,0.0017579,1.43305e-44,9.41202e+14,1.40232e+16,1.96335e+13,1.4984e+16,7.17242e+19,1.12665e+07
1.49006e+08,56516.7,1.61471e+07,1.35382e+30,1.08452e+31,7.16674e+11,0.0160333,1.12191e+34,0.03468,0.00221476,0.000827323,2.75259e-45,8.25682e+14,1.25311e+16,1.71421e+13,1.3374e+16,4.79696e+19,8.44614e+06
1.54006e+08,52132.6,1.55941e+07,1.43225e+30,1.08454e+31,7.26107e+11,0.0171176,7.87446e+33,0.03468,0.00177715,0.000381457,5.055e-46,7.21717e+14,1.11632e+16,1.49117e+13,1.18998e+16,3.35404e+19,6.14772e+06
1.59006e+08,47984.5,1.50463e+07,1.50936e+30,1.08455e+31,7.34799e+11,0.0183061,5.47567e+33,0.03468,0.00141772,0.000172333,8.87849e-47,6.28569e+14,9.91402e+15,1.29242e+13,1.05555e+16,2.4241e+19,4.30971e+06
1.64006e+08,44071.3,1.45045e+07,1.58487e+30,1.08456e+31,7.42791e+11,0.01961,3.77249e+33,0.03468,0.00112445,7.6294e-05,1.49173e-47,5.45478e+14,8.77765e+15,1.11609e+13,9.33429e+15,1.7887e+19,2.87544e+06
1.69006e+08,40390,1.39695e+07,1.65851e+30,1.08457e+31,7.50124e+11,0.0210417,2.57514e+33,0.03468,0.000886698,3.31e-05,2.39783e-48,4.71673e+14,7.74775e+15,9.60322e+12,8.22903e+15,1.33346e+19,1.79247e+06
1.74006e+08,36936.3,1.34421e+07,1.73004e+30,1.08457e+31,7.56837e+11,0.0226157,1.74163e+33,0.03468,0.000695176,1.40727e-05,3.68736e-49,4.06387e+14,6.81773e+15,8.23297e+12,7.23235e+15,9.96761e+18,1.01196e+06
1.79006e+08,33704.6,1.29228e+07,1.79926e+30,1.08458e+31,7.62971e+11,0.024348,1.16701e+33,0.03468,0.000541861,5.86283e-06,5.42386e-50,3.48873e+14,5.98088e+15,7.03255e+12,6.33679e+15,7.43356e+18,487830
1.84006e+08,30688.4,1.24121e+07,1.86597e+30,1.08458e+31,7.68562e+11,0.0262571,7.74699e+32,0.03468,0.00041989,2.39307e-06,7.62893e-51,2.98407e+14,5.23048e+15,5.98515e+12,5.53487e+15,5.51382e+18,189274
1.89006e+08,27880.3,1.19106e+07,1.93005e+30,1.08458e+31,7.73647e+11,0.0283638,5.09431e+32,0.03468,0.000323452,9.56813e-07,1.0256e-51,2.54301e+14,4.55987e+15,5.07489e+12,4.81925e+15,4.06025e+18,72718.8
1.94006e+08,25272.3,1.14186e+07,1.99136e+30,1.08459e+31,7.78262e+11,0.0306923,3.31798e+32,0.03468,0.00024767,3.74623e-07,1.31694e-52,2.15903e+14,3.96258e+15,4.28691e+12,4.18277e+15,2.96494e+18,27012.8
1.99006e+08,22855.7,1.09365e+07,2.04981e+30,1.08459e+31,7.82441e+11,0.0332699,2.14004e+32,0.03468,0.000188486,1.43579e-07,1.61385e-53,1.82603e+14,3.43235e+15,3.60744e+12,3.61856e+15,2.14559e+18,9347.36
2.04006e+08,20621.7,1.04644e+07,2.10533e+30,1.08459e+31,7.86259e+11,0.0361284,1.36657e+32,0.03468,0.000142549,5.38401e-08,1.88546e-54,1.53837e+14,2.9632e+15,3.0238e+12,3.12006e+15,1.53798e+18,3861.62
2.09006e+08,18561.3,1.00027e+07,2.15789e+30,1.08459e+31,7.8996e+11,0.0393044,8.63756e+31,0.03468,0.000107116,1.97418e-08,2.09732e-55,1.29082e+14,2.54945e+15,2.52441e+12,2.68106e+15,1.09162e+18,1317.51
2.14006e+08,16665.2,9.55144e+06,2.20746e+30,1.08459e+31,7.93583e+11,0.0428403,5.40202e+31,0.03468,7.99582e-05,7.07334e-09,2.21788e-56,1.07863e+14,2.18575e+15,2.09878e+12,2.29571e+15,7.66965e+17,493.338
2.19006e+08,14924.3,9.11075e+06,2.25403e+30,1.08459e+31,7.97128e+11,0.0467856,3.34167e+31,0.03468,5.92769e-05,2.47434e-09,2.2256e-57,8.97444e+13,1.8671e+15,1.73743e+12,1.95858e+15,5.33237e+17,206.509
2.24006e+08,13329.3,8.68068e+06,2.29764e+30,1.08459e+31,8.00594e+11,0.0511981,2.0437e+31,0.03468,4.36314e-05,8.44244e-10,2.11476e-58,7.4336e+13,1.58885e+15,1.43187e+12,1.66462e+15,3.6673e+17,196.266
2.29006e+08,11871.4,8.26125e+06,2.33831e+30,1.08459e+31,8.03981e+11,0.0561459,1.23508e+31,0.03468,3.18759e-05,2.80643e-10,1.89802e-59,6.12854e+13,1.3467e+15,1.17455e+12,1.40916e+15,2.49387e+17,186.116
2.34006e+08,10541.8,7.85244e+06,2.37609e+30,1.08459e+31,8.07288e+11,0.0617094,7.37104e+30,0.03468,2.31052e-05,9.07709e-11,1.6044e-60,5.0278e+13,1.13669e+15,9.58756e+11,1.18792e+15,1.67607e+17,176.491
2.39006e+08,9331.99,7.45419e+06,2.41106e+30,1.08459e+31,8.10515e+11,0.0679839,4.34131e+30,0.03468,1.66093e-05,2.85222e-11,1.27306e-61,4.10338e+13,9.55202e+14,7.7856e+11,9.97014e+14,1.11264e+17,166.994
2.44006e+08,8233.73,7.06642e+06,2.44329e+30,1.08459e+31,8.13661e+11,0.0750837,2.52128e+30,0.03468,1.1835e-05,8.69166e-12,9.44587e-63,3.33052e+13,7.98944e+14,6.28763e+11,8.32878e+14,7.29084e+16,158.008
2.49006e+08,7239.16,6.68901e+06,2.47287e+30,1.08459e+31,8.16726e+11,0.083146,1.44255e+30,0.03468,8.35432e-06,2.56347e-12,6.52492e-64,2.6874e+13,6.64921e+14,5.04821e+11,6.923e+14,4.71226e+16,149.175
2.54006e+08,6340.74,6.32183e+06,2.49989e+30,1.08459e+31,8.1971e+11,0.0923368,8.12239e+29,0.03468,5.83831e-06,7.30045e-13,4.17483e-65,2.15486e+13,5.50432e+14,4.02773e+11,5.72383e+14,3.00141e+16,140.525
2.59006e+08,5531.31,5.96472e+06,2.52447e+30,1.08459e+31,8.22611e+11,0.102859,4.49523e+29,0.03468,4.03611e-06,2.00219e-13,2.45973e-66,1.71619e+13,4.53042e+14,3.1919e+11,4.70523e+14,1.882e+16,132.376
2.64006e+08,4804.03,5.6175e+06,2.5467e+30,1.08459e+31,8.25428e+11,0.114961,2.44185e+29,0.03468,2.75774e-06,5.27171e-14,1.32551e-67,1.35684e+13,3.70569e+14,2.51109e+11,3.84389e+14,1.16037e+16,124.425
2.69006e+08,4152.48,5.27998e+06,2.56671e+30,1.08459e+31,8.28163e+11,0.128952,1.2998e+29,0.03468,1.86043e-06,1.32781e-14,6.48226e-69,1.06422e+13,3.01066e+14,1.95984e+11,3.11904e+14,7.02516e+15,116.692
2.74006e+08,3570.59,4.95196e+06,2.58463e+30,1.08459e+31,8.30813e+11,0.145219,6.76701e+28,0.03468,1.23773e-06,3.18605e-15,2.85082e-70,8.27467e+12,2.42794e+14,1.51635e+11,2.5122e+14,4.16961e+15,109.198
2.79006e+08,3052.63,4.63323e+06,2.60056e+30,1.08459e+31,8.33378e+11,0.16425,3.4381e+28,0.03468,8.10931e-07,7.24764e-16,0,6.37247e+12,1.94213e+14,1.16205e+11,2.00702e+14,2.42156e+15,102.186
2.84006e+08,2593.26,4.32354e+06,2.61464e+30,1.08459e+31,8.35857e+11,0.186671,1.70025e+28,0.03468,5.22374e-07,1.55418e-16,0,4.8558e+12,1.53959e+14,8.8115e+10,1.58903e+14,1.37307e+15,95.4123
2.89006e+08,2187.46,4.02269e+06,2.62698e+30,1.08459e+31,8.38249e+11,0.213294,8.15915e+27,0.03468,3.30203e-07,3.12069e-17,0,3.65668e+12,1.20831e+14,6.6032e+10,1.24554e+14,7.58135e+14,88.8909
2.94006e+08,1830.57,3.73041e+06,2.63773e+30,1.08459e+31,8.40553e+11,0.245182,3.78558e+27,0.03468,2.04357e-07,5.8208e-18,0,2.71747e+12,9.37701e+13,4.88333e+10,9.65364e+13,4.0635e+14,82.6323
2.99006e+08,1518.23,3.44647e+06,2.64699e+30,1.08459e+31,8.42767e+11,0.283759,1.69073e+27,0.03468,1.23485e-07,9.98945e-19,0,1.98952e+12,7.18511e+13,3.55787e+10,7.38762e+13,2.10631e+14,76.6445
3.04006e+08,1246.38,3.17063e+06,2.6549e+30,1.08459e+31,8.44891e+11,0.330955,7.23051e+26,0.03468,7.26122e-08,1.55918e-19,0,1.43197e+12,5.42645e+13,2.54844e+10,5.5722e+13,1.05107e+14,70.9336
3.09006e+08,1011.25,2.90264e+06,2.66157e+30,1.08459e+31,8.46923e+11,0.38945,2.94168e+26,0.03468,4.13815e-08,2.18212e-20,0,1.01068e+12,4.03062e+13,1.79004e+10,4.13348e+13,5.02121e+13,65.5031
3.14006e+08,809.354,2.64224e+06,2.66713e+30,1.08459e+31,8.48861e+11,0.463041,1.12941e+26,0.03468,2.27407e-08,2.69048e-21,0,6.97294e+11,2.93651e+13,1.22908e+10,3.00747e+13,2.28049e+13,60.2214
3.19006e+08,637.452,2.38919e+06,2.67169e+30,1.08459e+31,8.50703e+11,0.557264,4.05053e+25,0.03468,1.19737e-08,2.85812e-22,0,4.6838e+11,2.09131e+13,8.21663e+09,2.13897e+13,9.76074e+12,55.2432
3.24006e+08,492.543,2.14324e+06,2.67536e+30,1.08459e+31,8.52446e+11,0.680438,1.33934e+25,0.03468,5.99105e-09,2.54211e-23,0,3.04737e+11,1.44956e+13,5.32076e+09,1.48056e+13,3.89281e+12,50.5645
3.29006e+08,371.844,1.90414e+06,2.67826e+30,1.08459e+31,8.54087e+11,0.845533,4.01334e+24,0.03468,2.81796e-09,1.82314e-24,0,1.90745e+11,9.72257e+12,3.31503e+09,9.91663e+12,1.42533e+12,46.0778
3.34006e+08,272.779,1.67165e+06,2.68049e+30,1.08459e+31,8.55624e+11,1.0737,1.06475e+24,0.03468,1.22792e-09,1.00197e-25,0,1.13816e+11,6.26149e+12,1.96913e+09,6.37728e+12,4.69571e+11,41.8038
3.39006e+08,192.954,1.44553e+06,2.68215e+30,1.08459e+31,8.57051e+11,1.40137,2.42098e+23,0.03468,4.85663e-10,3.93019e-27,0,6.3916e+10,3.83002e+12,1.10102e+09,3.89504e+12,1.35336e+11,37.8424
3.44006e+08,130.142,1.22552e+06,2.68333e+30,1.08459e+31,8.58363e+11,1.89579,4.49922e+22,0.03468,1.69231e-10,9.91897e-29,0,3.31548e+10,2.19008e+12,5.68825e+08,2.2238e+12,3.27522e+10,34.1052
3.49006e+08,82.2587,1.01141e+06,2.68413e+30,1.08459e+31,8.59555e+11,2.69284,6.35273e+21,0.03468,4.96208e-11,1.37297e-30,0,1.54343e+10,1.14243e+12,2.63874e+08,1.15813e+12,6.24773e+09,30.6014
3.54006e+08,47.3434,802940,2.68463e+30,1.08459e+31,8.60617e+11,4.10314,6.03684e+20,0.03468,1.13441e-11,7.99646e-33,0,6.14635e+09,5.21991e+11,1.04815e+08,5.28243e+11,8.45785e+08,27.2759
3.59006e+08,23.5246,599882,2.68491e+30,1.08459e+31,8.61537e+11,6.97688,3.08592e+19,0.03468,1.75615e-12,1.20081e-35,0,1.91597e+09,1.9378e+11,3.26553e+07,1.95729e+11,6.69112e+07,24.2045
3.64006e+08,8.97212,401990,2.68504e+30,1.08459e+31,8.62302e+11,14.4244,5.19298e+17,0.03468,1.35062e-13,1.58936e-39,0,3.84306e+08,4.95257e+10,6.58494e+06,4.99166e+10,2.01769e+06,21.3369
3.67258e+08,3.62452,275952,2.68507e+30,1.08459e+31,8.62694e+11,28.5354,1.11727e+16,0.03468,1.21161e-14,3.59985e-43,0,8.48405e+07,1.37343e+10,1.46226e+06,1.38206e+10,74432.8,18.6846
3.70294e+08,1.20904,160002,2.68508e+30,1.08459e+31,8.62948e+11,89.1454,4.77938e+13,0.03468,4.56789e-16,2.33863e-48,0,1.3612e+07,2.65636e+09,165268,2.67014e+09,951.614,16.2179
3.7189e+08,0.436041,99765.4,2.68509e+30,1.08459e+31,8.63091e+11,228.069,4.08895e+11,0.03468,2.49013e-17,6.97697e-53,0,2.48731e+06,5.97348e+08,24981,5.99861e+08,18.8708,13.9528
3.7303e+08,0.144088,57013,2.68509e+30,1.08459e+31,8.63182e+11,744.658,1.52795e+09,0.03468,8.77608e-19,3.36474e-58,0,392856,1.12804e+08,2664.32,1.13199e+08,0.22112,11.8983
3.73646e+08,0.0493263,34034.8,2.68509e+30,1.08459e+31,8.63236e+11,2139.18,8.60761e+06,0.03468,3.81548e-20,4.00683e-63,0,65813.5,2.30527e+07,338.365,2.31189e+07,0.00330185,10.0347
3.73947e+08,0.0187589,22825,2.68509e+30,1.08459e+31,8.63265e+11,4401.83,145657,0.03468,2.93513e-21,5.37065e-67,0,13138.1,5.87949e+06,68.4438,5.8927e+06,9.67532e-05,8.35143
3.73957e+08,0.018026,22448.9,2.68509e+30,1.08459e+31,8.63266e+11,4537.02,122954,0.03468,2.63913e-21,3.70801e-67,0,12293.8,5.5567e+06,64.0433,5.56906e+06,8.36013e-05,6.84372
3.73967e+08,0.017284,22059,2.68509e+30,1.08459e+31,8.63267e+11,4684.11,102831,0.03468,2.35919e-21,2.50866e-67,0,11462,5.23541e+06,59.7081,5.24693e+06,7.16613e-05,5.50982
3.73977e+08,0.0165725,21675.8,2.68509e+30,1.08459e+31,8.63268e+11,4835.96,86001.4,0.03468,2.10895e-21,1.69725e-67,0,10686.4,4.9327e+06,55.6664,4.94344e+06,6.14266e-05,4.33886
3.73988e+08,0.0158903,21299.3,2.68509e+30,1.08459e+31,8.63268e+11,4992.73,71926.3,0.03468,1.88526e-21,1.14829e-67,0,9963.35,4.64749e+06,51.8983,4.65751e+06,5.26536e-05,3.32725
3.73998e+08,0.0152025,20910.1,2.68509e+30,1.08459e+31,8.63269e+11,5163.24,59591.8,0.03468,1.67538e-21,7.61078e-68,0,9255.02,4.36507e+06,48.2072,4.37438e+06,4.4769e-05,2.46823
3.74008e+08,0.0145445,20527.9,2.68509e+30,1.08459e+31,8.6327e+11,5339.58,49372.6,0.03468,1.48887e-21,5.0444e-68,0,8597.05,4.09982e+06,44.7787,4.10846e+06,3.80651e-05,1.75562
3.74018e+08,0.013915,20152.8,2.68509e+30,1.08459e+31,8.63271e+11,5521.92,40906,0.03468,1.32312e-21,3.34343e-68,0,7985.86,3.85068e+06,41.594,3.85871e+06,3.2365e-05,1.18291
3.74029e+08,0.0132833,19766.3,2.68509e+30,1.08459e+31,8.63271e+11,5720.09,33574.1,0.03468,1.1689e-21,2.17093e-68,0,7390.81,3.60537e+06,38.4936,3.6128e+06,2.72963e-05,0.763874
3.74039e+08,0.0126802,19387.2,2.68509e+30,1.08459e+31,8.63272e+11,5925.35,27556.4,0.03468,1.03267e-21,1.40963e-68,0,6840.11,3.37568e+06,35.6244,3.38256e+06,2.30213e-05,0.484593
3.74049e+08,0.0120778,18997.8,2.68509e+30,1.08459e+31,8.63273e+11,6148.3,22405.7,0.03468,9.06942e-22,8.96673e-69,0,6307.14,3.15074e+06,32.8477,3.15708e+06,1.92591e-05,0.305231
3.7406e+08,0.011504,18616.3,2.68509e+30,1.08459e+31,8.63273e+11,6379.62,18217.7,0.03468,7.96525e-22,5.70383e-69,0,5815.7,2.94079e+06,30.2875,2.94664e+06,1.61117e-05,0.191593
3.7407e+08,0.0109575,18242.4,2.68509e+30,1.08459e+31,8.63274e+11,6619.64,14812.6,0.03468,6.99551e-22,3.6283e-69,0,5362.55,2.74483e+06,27.9268,2.75022e+06,1.34787e-05,0.119915
3.7408e+08,0.0104139,17859.6,2.68509e+30,1.08459e+31,8.63274e+11,6880.22,11931.3,0.03468,6.1077e-22,2.26106e-69,0,4926.52,2.55391e+06,25.6554,2.55886e+06,1.11848e-05,0.0750353
3.7409e+08,0.00989724,17484.8,2.68509e+30,1.08459e+31,8.63275e+11,7151.05,9610.43,0.03468,5.33258e-22,1.40904e-69,0,4525.94,2.37627e+06,23.5688,2.38082e+06,9.28139e-06,0.0469479
3.741e+08,0.00938543,17102.2,2.68509e+30,1.08459e+31,8.63275e+11,7445.01,7668.6,0.03468,4.62843e-22,8.60219e-70,0,4142.62,2.20407e+06,21.5722,2.20824e+06,7.63967e-06,0.0293735
3.7411e+08,0.00890009,16727.9,2.68509e+30,1.08459e+31,8.63275e+11,7751.06,6119.14,0.03468,4.01728e-22,5.25168e-70,0,3791.78,2.04435e+06,19.7447,2.04816e+06,6.28834e-06,0.0183783
3.74121e+08,0.0084212,16346.7,2.68509e+30,1.08459e+31,8.63276e+11,8083.23,4837.07,0.03468,3.46631e-22,3.14095e-70,0,3457.87,1.89027e+06,18.0056,1.89375e+06,5.13423e-06,0.0114998
3.74131e+08,0.00796808,15974.2,2.68509e+30,1.08459e+31,8.63276e+11,8429.62,3823.63,0.03468,2.99092e-22,1.87857e-70,0,3153.37,1.74781e+06,16.4197,1.75097e+06,4.19194e-06,0.00719663
3.74141e+08,0.00752268,15595.8,2.68509e+30,1.08459e+31,8.63276e+11,8805.61,2994.24,0.03468,2.56554e-22,1.1007e-70,0,2865.1,1.61102e+06,14.9184,1.6139e+06,3.39494e-06,0.00450468
3.74151e+08,0.00708648,15212.4,2.68509e+30,1.08459e+31,8.63276e+11,9213.81,2322.81,0.03468,2.18773e-22,0,0,2593.6,1.48029e+06,13.5044,1.4829e+06,2.72727e-06,0.00282067
3.74161e+08,0.00667558,14838.3,2.68509e+30,1.08459e+31,8.63276e+11,9640.92,1801.96,0.03468,1.86555e-22,0,0,2347.83,1.36018e+06,12.2245,1.36254e+06,2.1909e-06,0.0017672
3.74171e+08,0.0062746,14460.2,2.68509e+30,1.08459e+31,8.63276e+11,10104.8,1384.82,0.03468,1.58147e-22,0,0,2117.52,1.24589e+06,11.0252,1.24802e+06,1.74581e-06,0.00110819
3.74182e+08,0.00588468,14078.7,2.68509e+30,1.08459e+31,8.63276e+11,10608.7,1054.29,0.03468,1.33276e-22,0,0,1902.78,1.13764e+06,9.907,1.13956e+06,1.3799e-06,0.000695925
3.74192e+08,0.00550679,13694.7,2.68509e+30,1.08459e+31,8.63276e+11,11156.4,795.139,0.03468,1.11656e-22,0,0,1703.53,1.03555e+06,8.86944,1.03726e+06,1.08188e-06,0.000438027
3.74202e+08,0.00515317,13321.1,2.68509e+30,1.08459e+31,8.63276e+11,11732.4,599.693,0.03468,9.3543e-23,0,0,1525.14,942617,7.94056,944150,8.48218e-07,0.000276694
3.74212e+08,0.0048116,12945.8,2.68509e+30,1.08459e+31,8.63277e+11,12358.8,448.058,0.03468,7.79077e-23,0,0,1360.4,855340,7.0828,856708,6.59653e-07,0.000175769
3.74222e+08,0.00448275,12569.5,2.68509e+30,1.08459e+31,8.63277e+11,13040.6,331.632,0.03468,6.45043e-23,0,0,1209,773716,6.29447,774932,5.08864e-07,0.000112633
3.74232e+08,0.00416714,12192.9,2.68509e+30,1.08459e+31,8.63277e+11,13783,243.164,0.03468,5.30928e-23,0,0,1070.49,697692,5.5733,698768,3.89373e-07,7.31374e-05
3.74242e+08,0.00386519,11816.6,2.68509e+30,1.08459e+31,8.63277e+11,14592.1,176.628,0.03468,4.34432e-23,0,0,944.357,627170,4.91661,628119,2.95535e-07,4.84301e-05
3.74252e+08,0.0035772,11441.5,2.68509e+30,1.08459e+31,8.63277e+11,15474.6,127.098,0.03468,3.53384e-23,0,0,830.023,562012,4.32134,562846,2.225e-07,3.2974e-05
3.74262e+08,0.00330335,11068,2.68509e+30,1.08459e+31,8.63277e+11,16438,90.6022,0.03468,2.85766e-23,0,0,726.847,502048,3.78417,502779,1.66161e-07,2.33051e-05
3.74273e+08,0.003037,10687.1,2.68509e+30,1.08459e+31,8.63277e+11,17520,63.3831,0.03468,2.28377e-23,0,0,631.819,445680,3.28944,446315,1.22091e-07,1.72566e-05
3.74283e+08,0.00278596,10309.7,2.68509e+30,1.08459e+31,8.63277e+11,18704.6,43.9267,0.03468,1.8144e-23,0,0,547.195,394403,2.84887,394953,8.8985e-08,1.34728e-05
3.74293e+08,0.00255002,9936.5,2.68509e+30,1.08459e+31,8.63277e+11,20002.7,30.1581,0.03468,1.43302e-23,0,0,472.161,347934,2.45824,348409,6.43323e-08,1.11058e-05
3.74303e+08,0.00232375,9559.19,2.68509e+30,1.08459e+31,8.63277e+11,21462.7,20.3196,0.03468,1.11854e-23,0,0,404.422,305022,2.1056,305429,4.57612e-08,9.62505e-06
3.74313e+08,0.00210822,9179.28,2.68509e+30,1.08459e+31,8.63277e+11,23106.7,13.4358,0.03468,8.62832e-24,0,0,343.857,265733,1.79029,266078,3.20274e-08,8.69875e-06
3.74323e+08,0.00190845,8806.35,2.68509e+30,1.08459e+31,8.63277e+11,24918.2,8.80106,0.03468,6.6167e-24,0,0,291.286,230780,1.51661,231073,2.22344e-08,8.11928e-06
3.74333e+08,0.00171999,8433.03,2.68509e+30,1.08459e+31,8.63277e+11,26961.9,5.65774,0.03468,5.01458e-24,0,0,244.94,199172,1.27533,199418,1.51875e-08,7.75678e-06
3.74343e+08,0.00154329,8060.66,2.68509e+30,1.08459e+31,8.63277e+11,29271.2,3.56936,0.03468,3.75583e-24,0,0,204.454,170820,1.06457,171025,1.02071e-08,7.53002e-06
3.74353e+08,0.00137558,7683.48,2.68509e+30,1.08459e+31,8.63277e+11,31938.5,2.18924,0.03468,2.76372e-24,0,0,168.784,145133,0.878863,145302,6.69506e-09,7.38816e-06
3.74363e+08,0.00122069,7310.46,2.68509e+30,1.08459e+31,8.63277e+11,34965.8,1.31776,0.03468,2.00983e-24,0,0,138.312,122538,0.720226,122677,4.32079e-09,7.29942e-06
3.74374e+08,0.00107607,6936.36,2.68509e+30,1.08459e+31,8.63277e+11,38472.9,0.771143,0.03468,1.43597e-24,0,0,112.096,102493,0.583736,102606,2.72149e-09,7.2439e-06
3.74384e+08,0.000942316,6563.24,2.68509e+30,1.08459e+31,8.63277e+11,42545.1,0.438725,0.03468,1.00797e-24,0,0,89.8489,84925,0.467911,85015.3,1.67296e-09,7.20917e-06
3.74394e+08,0.000817915,6187.35,2.68509e+30,1.08459e+31,8.63277e+11,47364.7,0.240396,0.03468,6.9104e-25,0,0,70.963,69491.8,0.369581,69563.1,9.95585e-10,7.18745e-06
3.74404e+08,0.000703683,5811.54,2.68509e+30,1.08459e+31,8.63277e+11,53084.9,0.126864,0.03468,4.62719e-25,0,0,55.2264,56155,0.287644,56210.5,5.73568e-10,7.17386e-06
3.74414e+08,0.000600071,5438.48,2.68509e+30,1.08459e+31,8.63277e+11,59895.9,0.0644805,0.03468,3.02614e-25,0,0,42.3503,44812.7,0.220597,44855.3,3.19893e-10,7.16536e-06
