X = 0.734
Y = 0.25
Z = 0.016
mu = 0.601142
Radius,Density,Temp,Mass,Lum,OptD,Kff,KH,Kes,PP,CNO,3a,Deg,Gas,Rad,TotPres, dLdr, dPdT
0,0,0,0,0,0,-nan,0,0.03468,0,0,0,0,0,0,0,0,0
100,250150,5.10505e+06,1.04783e+06,102.628,639391,2.55603,7.44955e+29,0.03468,9.79437e-05,4.09111e-13,5.34173e-66,9.85188e+15,1.75356e+16,1.71273e+11,2.73877e+16,3.07884e+06,3.43503e+09
50258.5,250150,5.10505e+06,1.3302e+20,1.30285e+16,3.20715e+10,2.55603,7.44953e+29,0.03468,9.79435e-05,4.09108e-13,5.34165e-66,9.85187e+15,1.75356e+16,1.71273e+11,2.73876e+16,7.77687e+11,3.43502e+09
100431,250149,5.10504e+06,1.06144e+21,1.03961e+17,6.41516e+10,2.55604,7.44946e+29,0.03468,9.79429e-05,4.09099e-13,5.3414e-66,9.85184e+15,1.75356e+16,1.71273e+11,2.73876e+16,3.10542e+12,3.43502e+09
151090,250149,5.10504e+06,3.61407e+21,3.53972e+17,9.65425e+10,2.55605,7.44934e+29,0.03468,9.7942e-05,4.09085e-13,5.34098e-66,9.85179e+15,1.75355e+16,1.71272e+11,2.73874e+16,7.02829e+12,3.43501e+09
201693,250147,5.10502e+06,8.5973e+21,8.42035e+17,1.28898e+11,2.55606,7.44917e+29,0.03468,9.79406e-05,4.09064e-13,5.3404e-66,9.85171e+15,1.75353e+16,1.7127e+11,2.73872e+16,1.25243e+13,3.43499e+09
252364,250146,5.10501e+06,1.6841e+22,1.64943e+18,1.61296e+11,2.55608,7.44895e+29,0.03468,9.79389e-05,4.09038e-13,5.33965e-66,9.85162e+15,1.75352e+16,1.71268e+11,2.7387e+16,1.96072e+13,3.43497e+09
303431,250144,5.10499e+06,2.92728e+22,2.86696e+18,1.93948e+11,2.5561,7.44868e+29,0.03468,9.79368e-05,4.09006e-13,5.33872e-66,9.8515e+15,1.7535e+16,1.71265e+11,2.73867e+16,2.83444e+13,3.43494e+09
354091,250142,5.10497e+06,4.65183e+22,4.55592e+18,2.26339e+11,2.55612,7.44836e+29,0.03468,9.79343e-05,4.08968e-13,5.33763e-66,9.85136e+15,1.75348e+16,1.71263e+11,2.73863e+16,3.85976e+13,3.43491e+09
405057,250140,5.10494e+06,6.96351e+22,6.81981e+18,2.58927e+11,2.55615,7.448e+29,0.03468,9.79314e-05,4.08924e-13,5.33637e-66,9.8512e+15,1.75345e+16,1.71259e+11,2.73859e+16,5.05066e+13,3.43487e+09
456489,250137,5.10491e+06,9.96702e+22,9.76114e+18,2.91812e+11,2.55618,7.44757e+29,0.03468,9.79281e-05,4.08873e-13,5.33492e-66,9.85102e+15,1.75342e+16,1.71255e+11,2.73854e+16,6.41438e+13,3.43483e+09
506821,250134,5.10488e+06,1.36407e+23,1.33586e+19,3.23994e+11,2.55621,7.44711e+29,0.03468,9.79245e-05,4.08818e-13,5.33333e-66,9.85082e+15,1.75339e+16,1.71251e+11,2.73849e+16,7.90646e+13,3.43478e+09
557125,250131,5.10485e+06,1.81187e+23,1.77436e+19,3.56158e+11,2.55625,7.44661e+29,0.03468,9.79205e-05,4.08756e-13,5.33159e-66,9.8506e+15,1.75336e+16,1.71246e+11,2.73843e+16,9.55335e+13,3.43473e+09
609380,250127,5.10481e+06,2.37099e+23,2.32184e+19,3.8957e+11,2.55629,7.44603e+29,0.03468,9.7916e-05,4.08687e-13,5.3296e-66,9.85035e+15,1.75332e+16,1.71241e+11,2.73837e+16,1.14288e+14,3.43467e+09
662120,250122,5.10476e+06,3.04138e+23,2.97825e+19,4.23292e+11,2.55634,7.44539e+29,0.03468,9.7911e-05,4.0861e-13,5.32741e-66,9.85007e+15,1.75327e+16,1.71235e+11,2.73829e+16,1.34917e+14,3.43455e+09
742670,250115,5.10469e+06,4.29181e+23,4.2025e+19,4.74795e+11,2.55641,7.44432e+29,0.03468,9.79025e-05,4.08481e-13,5.32372e-66,9.84961e+15,1.7532e+16,1.71225e+11,2.73817e+16,1.69721e+14,3.43445e+09
817528,250108,5.10461e+06,5.72471e+23,5.60528e+19,5.2266e+11,2.55649,7.44321e+29,0.03468,9.78938e-05,4.08348e-13,5.31991e-66,9.84912e+15,1.75312e+16,1.71215e+11,2.73805e+16,2.05635e+14,3.4343e+09
923040,250096,5.10449e+06,8.23939e+23,8.06682e+19,5.90124e+11,2.55662,7.44146e+29,0.03468,9.78801e-05,4.08138e-13,5.31393e-66,9.84836e+15,1.753e+16,1.71199e+11,2.73785e+16,2.62091e+14,3.43405e+09
1.0653e+06,250079,5.10431e+06,1.26659e+24,1.2399e+20,6.81088e+11,2.55682,7.43878e+29,0.03468,9.7859e-05,4.07816e-13,5.30474e-66,9.84719e+15,1.75281e+16,1.71174e+11,2.73754e+16,3.49007e+14,3.43368e+09
1.25125e+06,250051,5.10403e+06,2.05219e+24,2.00855e+20,7.99982e+11,2.55712,7.43469e+29,0.03468,9.78268e-05,4.07325e-13,5.29076e-66,9.84541e+15,1.75252e+16,1.71137e+11,2.73708e+16,4.81264e+14,3.43312e+09
1.48915e+06,250010,5.1036e+06,3.45904e+24,3.38448e+20,9.52098e+11,2.55757,7.42851e+29,0.03468,9.77781e-05,4.06584e-13,5.26967e-66,9.84271e+15,1.75209e+16,1.7108e+11,2.73637e+16,6.81214e+14,3.43227e+09
1.78915e+06,249948,5.10296e+06,5.99816e+24,5.86623e+20,1.14393e+12,2.55825,7.4192e+29,0.03468,9.77047e-05,4.05468e-13,5.23803e-66,9.83863e+15,1.75143e+16,1.70994e+11,2.73531e+16,9.82352e+14,3.431e+09
2.16383e+06,249855,5.102e+06,1.06084e+25,1.0368e+21,1.38351e+12,2.55927,7.40519e+29,0.03468,9.75943e-05,4.03794e-13,5.19072e-66,9.8325e+15,1.75044e+16,1.70864e+11,2.73371e+16,1.43472e+15,3.42908e+09
2.62879e+06,249714,5.10055e+06,1.90153e+25,1.85655e+21,1.68084e+12,2.56081,7.38417e+29,0.03468,9.74283e-05,4.01287e-13,5.12035e-66,9.82327e+15,1.74896e+16,1.7067e+11,2.7313e+16,2.11275e+15,3.42645e+09
3.12879e+06,249532,5.09867e+06,3.20461e+25,3.1247e+21,2.00058e+12,2.5628,7.35709e+29,0.03468,9.72144e-05,3.98072e-13,5.03086e-66,9.81137e+15,1.74705e+16,1.70419e+11,2.7282e+16,2.98414e+15,3.42334e+09
3.62879e+06,249320,5.09647e+06,4.99701e+25,4.86489e+21,2.32035e+12,2.56514,7.32545e+29,0.03468,9.6964e-05,3.94332e-13,4.92782e-66,9.79743e+15,1.7448e+16,1.70125e+11,2.72456e+16,4.00037e+15,3.41976e+09
4.12879e+06,249076,5.09395e+06,7.35595e+25,7.14878e+21,2.64014e+12,2.56784,7.2893e+29,0.03468,9.66774e-05,3.90082e-13,4.81215e-66,9.78146e+15,1.74223e+16,1.69788e+11,2.7204e+16,5.15835e+15,3.41571e+09
4.62879e+06,248801,5.0911e+06,1.03582e+26,1.00464e+22,2.95995e+12,2.57088,7.2487e+29,0.03468,9.63549e-05,3.85339e-13,4.68483e-66,9.76347e+15,1.73934e+16,1.69409e+11,2.7157e+16,6.45461e+15,3.41119e+09
5.12879e+06,248495,5.08793e+06,1.40802e+26,1.3626e+22,3.27979e+12,2.57427,7.20374e+29,0.03468,9.5997e-05,3.80123e-13,4.54696e-66,9.74348e+15,1.73612e+16,1.68987e+11,2.71048e+16,7.88523e+15,3.4062e+09
5.62879e+06,248158,5.08444e+06,1.85976e+26,1.79536e+22,3.59966e+12,2.57802,7.1545e+29,0.03468,9.56039e-05,3.74455e-13,4.39966e-66,9.7215e+15,1.73258e+16,1.68524e+11,2.70474e+16,9.44592e+15,3.40074e+09
6.12879e+06,247791,5.08062e+06,2.39856e+26,2.30931e+22,3.91957e+12,2.58213,7.10106e+29,0.03468,9.51763e-05,3.68357e-13,4.24413e-66,9.69754e+15,1.72871e+16,1.68018e+11,2.69848e+16,1.1132e+16,3.39482e+09
6.62879e+06,247394,5.07648e+06,3.03187e+26,2.91061e+22,4.23951e+12,2.58659,7.04354e+29,0.03468,9.47144e-05,3.61853e-13,4.08159e-66,9.67161e+15,1.72453e+16,1.67472e+11,2.69171e+16,1.29385e+16,3.38844e+09
7.12879e+06,246965,5.07203e+06,3.76708e+26,3.60513e+22,4.5595e+12,2.59141,6.98204e+29,0.03468,9.4219e-05,3.54969e-13,3.9133e-66,9.64374e+15,1.72004e+16,1.66885e+11,2.68443e+16,1.48599e+16,3.3816e+09
7.62879e+06,246507,5.06725e+06,4.61149e+26,4.39848e+22,4.87952e+12,2.59659,6.91667e+29,0.03468,9.36905e-05,3.4773e-13,3.74049e-66,9.61393e+15,1.71523e+16,1.66257e+11,2.67664e+16,1.68906e+16,3.3743e+09
8.12879e+06,246019,5.06216e+06,5.57233e+26,5.29599e+22,5.1996e+12,2.60213,6.84755e+29,0.03468,9.31295e-05,3.40164e-13,3.56441e-66,9.58222e+15,1.71011e+16,1.6559e+11,2.66835e+16,1.90247e+16,3.36655e+09
8.62879e+06,245501,5.05675e+06,6.65673e+26,6.30267e+22,5.51973e+12,2.60804,6.77481e+29,0.03468,9.25366e-05,3.323e-13,3.38624e-66,9.54861e+15,1.70469e+16,1.64883e+11,2.65956e+16,2.12557e+16,3.35835e+09
9.12879e+06,244953,5.05102e+06,7.87173e+26,7.42319e+22,5.83991e+12,2.61431,6.69857e+29,0.03468,9.19126e-05,3.24165e-13,3.20717e-66,9.51313e+15,1.69896e+16,1.64137e+11,2.65029e+16,2.35773e+16,3.3497e+09
9.62879e+06,244376,5.04498e+06,9.22429e+26,8.66193e+22,6.16015e+12,2.62096,6.61899e+29,0.03468,9.1258e-05,3.15788e-13,3.02831e-66,9.4758e+15,1.69293e+16,1.63353e+11,2.64052e+16,2.59826e+16,3.34062e+09
1.01288e+07,243770,5.03862e+06,1.07212e+27,1.00229e+23,6.48044e+12,2.62797,6.53618e+29,0.03468,9.05737e-05,3.072e-13,2.85069e-66,9.43665e+15,1.6866e+16,1.62531e+11,2.63028e+16,2.84647e+16,3.33109e+09
1.06288e+07,243134,5.03195e+06,1.23693e+27,1.15097e+23,6.8008e+12,2.63537,6.45031e+29,0.03468,8.98603e-05,2.98429e-13,2.67532e-66,9.39569e+15,1.67998e+16,1.61672e+11,2.61956e+16,3.10164e+16,3.32112e+09
1.11288e+07,242470,5.02497e+06,1.41752e+27,1.31258e+23,7.12123e+12,2.64313,6.36153e+29,0.03468,8.91186e-05,2.89506e-13,2.50308e-66,9.35296e+15,1.67306e+16,1.60777e+11,2.60838e+16,3.36304e+16,3.31073e+09
1.16288e+07,241778,5.01768e+06,1.61453e+27,1.4874e+23,7.44172e+12,2.65128,6.26997e+29,0.03468,8.83495e-05,2.80458e-13,2.33479e-66,9.30847e+15,1.66586e+16,1.59846e+11,2.59673e+16,3.62994e+16,3.29991e+09
1.21288e+07,241057,5.01008e+06,1.82861e+27,1.67568e+23,7.76229e+12,2.65982,6.17581e+29,0.03468,8.75538e-05,2.71315e-13,2.17119e-66,9.26227e+15,1.65838e+16,1.5888e+11,2.58463e+16,3.90157e+16,3.28866e+09
1.26288e+07,240308,5.00218e+06,2.06037e+27,1.87765e+23,8.08294e+12,2.66874,6.0792e+29,0.03468,8.67323e-05,2.62106e-13,2.01289e-66,9.21436e+15,1.65062e+16,1.5788e+11,2.57208e+16,4.17717e+16,3.277e+09
1.31288e+07,239532,4.99397e+06,2.31044e+27,2.09348e+23,8.40366e+12,2.67806,5.98031e+29,0.03468,8.58859e-05,2.52857e-13,1.86046e-66,9.1648e+15,1.64259e+16,1.56846e+11,2.55908e+16,4.45598e+16,3.26492e+09
1.36288e+07,238728,4.98545e+06,2.57942e+27,2.32333e+23,8.72446e+12,2.68776,5.87928e+29,0.03468,8.50154e-05,2.43595e-13,1.71434e-66,9.11359e+15,1.63429e+16,1.55779e+11,2.54566e+16,4.73723e+16,3.25244e+09
1.41288e+07,237897,4.97664e+06,2.86788e+27,2.56728e+23,9.04535e+12,2.69787,5.7763e+29,0.03468,8.41218e-05,2.34346e-13,1.57488e-66,9.06078e+15,1.62572e+16,1.5468e+11,2.53181e+16,5.02015e+16,3.23955e+09
1.46288e+07,237039,4.96752e+06,3.17641e+27,2.8254e+23,9.36633e+12,2.70838,5.67152e+29,0.03468,8.32061e-05,2.25136e-13,1.44237e-66,9.00639e+15,1.61689e+16,1.5355e+11,2.51754e+16,5.30397e+16,3.22627e+09
1.51288e+07,236155,4.95811e+06,3.50555e+27,3.09773e+23,9.6874e+12,2.7193,5.5651e+29,0.03468,8.22691e-05,2.15987e-13,1.31699e-66,8.95046e+15,1.6078e+16,1.52389e+11,2.50286e+16,5.58793e+16,3.21259e+09
1.56288e+07,235244,4.9484e+06,3.85584e+27,3.38424e+23,1.00086e+13,2.73063,5.45723e+29,0.03468,8.13118e-05,2.06922e-13,1.19886e-66,8.89302e+15,1.59847e+16,1.51199e+11,2.48779e+16,5.87128e+16,3.19852e+09
1.61288e+07,234308,4.93839e+06,4.22783e+27,3.6849e+23,1.03298e+13,2.74237,5.34805e+29,0.03468,8.03352e-05,1.97963e-13,1.088e-66,8.83411e+15,1.58889e+16,1.4998e+11,2.47231e+16,6.15327e+16,3.18407e+09
1.66288e+07,233346,4.9281e+06,4.622e+27,3.9996e+23,1.06512e+13,2.75454,5.23773e+29,0.03468,7.93402e-05,1.89129e-13,9.84393e-67,8.77376e+15,1.57907e+16,1.48733e+11,2.45646e+16,6.43317e+16,3.16925e+09
1.71288e+07,232359,4.91751e+06,5.03887e+27,4.32824e+23,1.09726e+13,2.76713,5.12645e+29,0.03468,7.83279e-05,1.80439e-13,8.87949e-67,8.712e+15,1.56901e+16,1.47459e+11,2.44022e+16,6.71026e+16,3.15406e+09
1.76288e+07,231347,4.90663e+06,5.4789e+27,4.67065e+23,1.12942e+13,2.78015,5.01435e+29,0.03468,7.72992e-05,1.71909e-13,7.98521e-67,8.64887e+15,1.55872e+16,1.46159e+11,2.42362e+16,6.98384e+16,3.1385e+09
1.81288e+07,230311,4.89547e+06,5.94255e+27,5.02663e+23,1.16159e+13,2.79361,4.90159e+29,0.03468,7.62551e-05,1.63555e-13,7.15921e-67,8.58441e+15,1.54821e+16,1.44833e+11,2.40667e+16,7.25323e+16,3.12258e+09
1.86288e+07,229251,4.88402e+06,6.43028e+27,5.39598e+23,1.19377e+13,2.80751,4.78834e+29,0.03468,7.51966e-05,1.55392e-13,6.39917e-67,8.51865e+15,1.53748e+16,1.43483e+11,2.38936e+16,7.51776e+16,3.10631e+09
1.91288e+07,228167,4.87229e+06,6.9425e+27,5.77841e+23,1.22596e+13,2.82186,4.67475e+29,0.03468,7.41248e-05,1.47432e-13,5.70247e-67,8.45163e+15,1.52654e+16,1.4211e+11,2.37171e+16,7.77681e+16,3.0897e+09
1.96288e+07,227060,4.86029e+06,7.47963e+27,6.17366e+23,1.25816e+13,2.83666,4.56097e+29,0.03468,7.30406e-05,1.39686e-13,5.06622e-67,8.38339e+15,1.51539e+16,1.40714e+11,2.35374e+16,8.02975e+16,3.07274e+09
2.01288e+07,225930,4.848e+06,8.04206e+27,6.58138e+23,1.29038e+13,2.85193,4.44714e+29,0.03468,7.1945e-05,1.32164e-13,4.48731e-67,8.31397e+15,1.50403e+16,1.39297e+11,2.33544e+16,8.27599e+16,3.05545e+09
2.06288e+07,224778,4.83544e+06,8.63015e+27,7.00125e+23,1.3226e+13,2.86766,4.33342e+29,0.03468,7.08391e-05,1.24873e-13,3.96252e-67,8.24341e+15,1.49248e+16,1.37859e+11,2.31684e+16,8.51497e+16,3.03784e+09
2.11288e+07,223603,4.82261e+06,9.24427e+27,7.43287e+23,1.35484e+13,2.88386,4.21993e+29,0.03468,6.97238e-05,1.17822e-13,3.4885e-67,8.17174e+15,1.48074e+16,1.36401e+11,2.29793e+16,8.74616e+16,3.01991e+09
2.16288e+07,222407,4.8095e+06,9.88475e+27,7.87585e+23,1.38709e+13,2.90054,4.10683e+29,0.03468,6.86001e-05,1.11016e-13,3.06189e-67,8.099e+15,1.46882e+16,1.34925e+11,2.27873e+16,8.96906e+16,3.00166e+09
2.21288e+07,221189,4.79613e+06,1.05519e+28,8.32976e+23,1.41936e+13,2.9177,3.99423e+29,0.03468,6.74691e-05,1.04458e-13,2.67931e-67,8.02524e+15,1.45672e+16,1.33431e+11,2.25926e+16,9.18319e+16,2.98311e+09
2.26288e+07,219951,4.7825e+06,1.1246e+28,8.79416e+23,1.45164e+13,2.93536,3.88227e+29,0.03468,6.63316e-05,9.81513e-14,2.33744e-67,7.9505e+15,1.44444e+16,1.3192e+11,2.23951e+16,9.38812e+16,2.96426e+09
2.31288e+07,218692,4.7686e+06,1.19674e+28,9.26856e+23,1.48393e+13,2.95353,3.77107e+29,0.03468,6.51887e-05,9.20983e-14,2.03303e-67,7.87481e+15,1.432e+16,1.30393e+11,2.2195e+16,9.58343e+16,2.94512e+09
2.36288e+07,217413,4.75444e+06,1.27164e+28,9.75248e+23,1.51624e+13,2.9722,3.66074e+29,0.03468,6.40413e-05,8.62993e-14,1.76292e-67,7.79821e+15,1.4194e+16,1.28851e+11,2.19924e+16,9.76875e+16,2.92569e+09
2.41288e+07,216115,4.74003e+06,1.3493e+28,1.02454e+24,1.54856e+13,2.99139,3.5514e+29,0.03468,6.28903e-05,8.07538e-14,1.52407e-67,7.72075e+15,1.40665e+16,1.27296e+11,2.17874e+16,9.94374e+16,2.90599e+09
2.46288e+07,214798,4.72536e+06,1.42977e+28,1.07468e+24,1.5809e+13,3.0111,3.44316e+29,0.03468,6.17368e-05,7.54605e-14,1.3136e-67,7.64247e+15,1.39375e+16,1.25727e+11,2.15801e+16,1.01081e+17,2.88601e+09
2.51288e+07,213462,4.71044e+06,1.51305e+28,1.12562e+24,1.61325e+13,3.03135,3.33611e+29,0.03468,6.05815e-05,7.04169e-14,1.12878e-67,7.56341e+15,1.38071e+16,1.24147e+11,2.13706e+16,1.02615e+17,2.86577e+09
2.56288e+07,212107,4.69527e+06,1.59917e+28,1.1773e+24,1.64561e+13,3.05214,3.23035e+29,0.03468,5.94255e-05,6.56199e-14,9.67037e-68,7.48361e+15,1.36753e+16,1.22555e+11,2.1159e+16,1.04038e+17,2.84528e+09
2.61288e+07,210735,4.67985e+06,1.68815e+28,1.22966e+24,1.678e+13,3.07348,3.12598e+29,0.03468,5.82695e-05,6.10653e-14,8.25968e-68,7.4031e+15,1.35422e+16,1.20953e+11,2.09454e+16,1.05348e+17,2.82454e+09
2.66288e+07,209346,4.66419e+06,1.77999e+28,1.28265e+24,1.71039e+13,3.09538,3.02308e+29,0.03468,5.71145e-05,5.67486e-14,7.0335e-68,7.32194e+15,1.34079e+16,1.19343e+11,2.073e+16,1.06543e+17,2.80355e+09
2.71288e+07,207940,4.64829e+06,1.87471e+28,1.3362e+24,1.74281e+13,3.11785,2.92173e+29,0.03468,5.59613e-05,5.26645e-14,5.97128e-68,7.24016e+15,1.32725e+16,1.17724e+11,2.05127e+16,1.07621e+17,2.78234e+09
2.76288e+07,206517,4.63216e+06,1.97232e+28,1.39027e+24,1.77524e+13,3.1409,2.822e+29,0.03468,5.48107e-05,4.8807e-14,5.0542e-68,7.1578e+15,1.31359e+16,1.16097e+11,2.02938e+16,1.08581e+17,2.7609e+09
2.81288e+07,205079,4.61578e+06,2.07283e+28,1.44478e+24,1.80768e+13,3.16455,2.72396e+29,0.03468,5.36635e-05,4.51698e-14,4.26507e-68,7.0749e+15,1.29983e+16,1.14465e+11,2.00733e+16,1.09424e+17,2.73924e+09
2.86288e+07,203625,4.59918e+06,2.17625e+28,1.49969e+24,1.84014e+13,3.18879,2.62767e+29,0.03468,5.25206e-05,4.17461e-14,3.58831e-68,6.99151e+15,1.28598e+16,1.12827e+11,1.98514e+16,1.10148e+17,2.71737e+09
2.91288e+07,202156,4.58235e+06,2.28258e+28,1.55494e+24,1.87262e+13,3.21365,2.5332e+29,0.03468,5.13827e-05,3.85289e-14,3.00984e-68,6.90766e+15,1.27203e+16,1.11184e+11,1.9628e+16,1.10754e+17,2.69529e+09
2.96288e+07,200673,4.56529e+06,2.39182e+28,1.61045e+24,1.90512e+13,3.23912,2.44058e+29,0.03468,5.02505e-05,3.55107e-14,2.51702e-68,6.82339e+15,1.25799e+16,1.09538e+11,1.94034e+16,1.11242e+17,2.67302e+09
3.01288e+07,199176,4.54802e+06,2.50398e+28,1.66618e+24,1.93764e+13,3.26524,2.34988e+29,0.03468,4.91248e-05,3.26839e-14,2.09856e-68,6.73875e+15,1.24388e+16,1.07889e+11,1.91777e+16,1.11612e+17,2.65056e+09
3.06288e+07,197665,4.53052e+06,2.61904e+28,1.72207e+24,1.97017e+13,3.292,2.26113e+29,0.03468,4.80062e-05,3.00409e-14,1.7444e-68,6.65377e+15,1.2297e+16,1.06238e+11,1.89508e+16,1.11866e+17,2.62793e+09
3.11288e+07,196141,4.5128e+06,2.73702e+28,1.77805e+24,2.00272e+13,3.31941,2.17436e+29,0.03468,4.68954e-05,2.75736e-14,1.44565e-68,6.5685e+15,1.21545e+16,1.04587e+11,1.87231e+16,1.12004e+17,2.60511e+09
3.16288e+07,194605,4.49488e+06,2.85791e+28,1.83407e+24,2.03529e+13,3.3475,2.08962e+29,0.03468,4.57931e-05,2.52742e-14,1.19446e-68,6.48296e+15,1.20113e+16,1.02935e+11,1.84944e+16,1.12028e+17,2.58214e+09
3.21288e+07,193056,4.47674e+06,2.98169e+28,1.89008e+24,2.06788e+13,3.37627,2.00691e+29,0.03468,4.46999e-05,2.31348e-14,9.83944e-69,6.39721e+15,1.18677e+16,1.01283e+11,1.8265e+16,1.11941e+17,2.55901e+09
3.26288e+07,191496,4.4584e+06,3.10836e+28,1.94602e+24,2.10048e+13,3.40574,1.92627e+29,0.03468,4.36164e-05,2.11474e-14,8.08095e-69,6.31127e+15,1.17235e+16,9.96334e+10,1.80349e+16,1.11743e+17,2.53572e+09
3.31288e+07,189924,4.43985e+06,3.23791e+28,2.00183e+24,2.13311e+13,3.43592,1.84771e+29,0.03468,4.25432e-05,1.93041e-14,6.61678e-69,6.22519e+15,1.1579e+16,9.79858e+10,1.78042e+16,1.11437e+17,2.5123e+09
3.36288e+07,188342,4.4211e+06,3.37032e+28,2.05747e+24,2.16575e+13,3.46683,1.77125e+29,0.03468,4.14807e-05,1.75974e-14,5.40162e-69,6.139e+15,1.1434e+16,9.63413e+10,1.75731e+16,1.11026e+17,2.48874e+09
3.41288e+07,186750,4.40216e+06,3.50559e+28,2.11287e+24,2.19841e+13,3.49847,1.69688e+29,0.03468,4.04296e-05,1.60195e-14,4.39637e-69,6.05274e+15,1.12888e+16,9.47007e+10,1.73416e+16,1.10512e+17,2.46505e+09
3.46288e+07,185148,4.38302e+06,3.6437e+28,2.16799e+24,2.2311e+13,3.53087,1.62462e+29,0.03468,3.93903e-05,1.45631e-14,3.56744e-69,5.96645e+15,1.11433e+16,9.30646e+10,1.71098e+16,1.09899e+17,2.44125e+09
3.51288e+07,183537,4.36369e+06,3.78462e+28,2.22278e+24,2.2638e+13,3.56403,1.55446e+29,0.03468,3.83633e-05,1.3221e-14,2.88611e-69,5.88017e+15,1.09976e+16,9.14339e+10,1.68778e+16,1.09188e+17,2.41733e+09
3.56288e+07,181917,4.34418e+06,3.92834e+28,2.27719e+24,2.29653e+13,3.59799,1.4864e+29,0.03468,3.7349e-05,1.1986e-14,2.32789e-69,5.79391e+15,1.08518e+16,8.98092e+10,1.66458e+16,1.08383e+17,2.39331e+09
3.61288e+07,180288,4.32448e+06,4.07484e+28,2.33117e+24,2.32927e+13,3.63274,1.42043e+29,0.03468,3.63478e-05,1.08516e-14,1.872e-69,5.70774e+15,1.07059e+16,8.81913e+10,1.64137e+16,1.07489e+17,2.36919e+09
3.66288e+07,178652,4.3046e+06,4.22409e+28,2.38469e+24,2.36203e+13,3.66831,1.35653e+29,0.03468,3.53602e-05,9.81098e-15,1.50087e-69,5.62166e+15,1.05599e+16,8.65808e+10,1.61817e+16,1.06507e+17,2.34498e+09
3.71288e+07,177008,4.28454e+06,4.37607e+28,2.4377e+24,2.39482e+13,3.70472,1.2947e+29,0.03468,3.43865e-05,8.85802e-15,1.1997e-69,5.53573e+15,1.0414e+16,8.49784e+10,1.59499e+16,1.05442e+17,2.32069e+09
3.76288e+07,175358,4.26431e+06,4.53076e+28,2.49015e+24,2.42762e+13,3.74198,1.23491e+29,0.03468,3.34271e-05,7.98665e-15,9.56082e-70,5.44997e+15,1.02682e+16,8.33848e+10,1.57183e+16,1.04298e+17,2.29632e+09
3.81288e+07,173701,4.24391e+06,4.68812e+28,2.54201e+24,2.46045e+13,3.78011,1.17714e+29,0.03468,3.24821e-05,7.19112e-15,7.59647e-70,5.36442e+15,1.01225e+16,8.18005e+10,1.5487e+16,1.03077e+17,2.27189e+09
3.86288e+07,172038,4.22335e+06,4.84813e+28,2.59324e+24,2.4933e+13,3.81914,1.12138e+29,0.03468,3.1552e-05,6.46595e-15,6.01757e-70,5.2791e+15,9.97705e+15,8.02263e+10,1.52562e+16,1.01785e+17,2.24739e+09
3.91288e+07,170370,4.20261e+06,5.01075e+28,2.64381e+24,2.52617e+13,3.85907,1.06758e+29,0.03468,3.0637e-05,5.80593e-15,4.75252e-70,5.19405e+15,9.8318e+15,7.86626e+10,1.50259e+16,1.00425e+17,2.22285e+09
3.96288e+07,168696,4.18172e+06,5.17595e+28,2.69368e+24,2.55906e+13,3.89993,1.01573e+29,0.03468,2.97374e-05,5.20612e-15,3.74214e-70,5.1093e+15,9.68683e+15,7.711e+10,1.47962e+16,9.90011e+16,2.19825e+09
4.01288e+07,167018,4.16067e+06,5.3437e+28,2.74283e+24,2.59198e+13,3.94174,9.65795e+28,0.03468,2.88533e-05,4.66188e-15,2.93771e-70,5.02488e+15,9.5422e+15,7.55692e+10,1.45672e+16,9.75172e+16,2.17362e+09
4.06288e+07,165336,4.13947e+06,5.51396e+28,2.79122e+24,2.62491e+13,3.98453,9.17736e+28,0.03468,2.79849e-05,4.1688e-15,2.29927e-70,4.94082e+15,9.39796e+15,7.40405e+10,1.43389e+16,9.59775e+16,2.14896e+09
4.11288e+07,163651,4.11812e+06,5.6867e+28,2.83882e+24,2.65787e+13,4.0283,8.71521e+28,0.03468,2.71324e-05,3.72276e-15,1.79417e-70,4.85714e+15,9.25415e+15,7.25246e+10,1.41114e+16,9.4386e+16,2.12427e+09
4.16288e+07,161961,4.09662e+06,5.86187e+28,2.88562e+24,2.69085e+13,4.07309,8.27115e+28,0.03468,2.6296e-05,3.31987e-15,1.39582e-70,4.77387e+15,9.11083e+15,7.10219e+10,1.38848e+16,9.27468e+16,2.09956e+09
4.21288e+07,160270,4.07498e+06,6.03944e+28,2.93159e+24,2.72386e+13,4.11892,7.84479e+28,0.03468,2.54758e-05,2.95652e-15,1.08264e-70,4.69105e+15,8.96802e+15,6.95329e+10,1.36591e+16,9.10638e+16,2.07484e+09
4.26288e+07,158575,4.05319e+06,6.21936e+28,2.97671e+24,2.75688e+13,4.16582,7.43573e+28,0.03468,2.46718e-05,2.62931e-15,0,4.60869e+15,8.82578e+15,6.8058e+10,1.34345e+16,8.93412e+16,2.05012e+09
4.31288e+07,156879,4.03127e+06,6.4016e+28,3.02095e+24,2.78993e+13,4.21379,7.04357e+28,0.03468,2.38842e-05,2.33511e-15,0,4.52682e+15,8.68416e+15,6.65977e+10,1.3211e+16,8.75829e+16,2.02539e+09
4.36288e+07,155181,4.00922e+06,6.5861e+28,3.06431e+24,2.82301e+13,4.26288,6.66791e+28,0.03468,2.31129e-05,2.07097e-15,0,4.44547e+15,8.54319e+15,6.51524e+10,1.29887e+16,8.57928e+16,2.00068e+09
4.41288e+07,153483,3.98704e+06,6.77283e+28,3.10677e+24,2.8561e+13,4.31311,6.30831e+28,0.03468,2.23582e-05,1.83418e-15,0,4.36465e+15,8.40291e+15,6.37223e+10,1.27676e+16,8.39749e+16,1.97598e+09
4.46288e+07,151783,3.96473e+06,6.96174e+28,3.14831e+24,2.88922e+13,4.3645,5.96435e+28,0.03468,2.16199e-05,1.62223e-15,0,4.2844e+15,8.26337e+15,6.23081e+10,1.25478e+16,8.21328e+16,1.9513e+09
4.51288e+07,150083,3.9423e+06,7.15277e+28,3.18892e+24,2.92237e+13,4.41709,5.6356e+28,0.03468,2.0898e-05,1.4328e-15,0,4.20474e+15,8.12461e+15,6.09098e+10,1.23294e+16,8.02704e+16,1.92665e+09
4.56288e+07,148384,3.91974e+06,7.34589e+28,3.2286e+24,2.95553e+13,4.47089,5.32161e+28,0.03468,2.01927e-05,1.26374e-15,0,4.12568e+15,7.98665e+15,5.9528e+10,1.21124e+16,7.83912e+16,1.90203e+09
4.61288e+07,146685,3.89708e+06,7.54103e+28,3.26734e+24,2.98873e+13,4.52594,5.02195e+28,0.03468,1.95037e-05,1.11309e-15,0,4.04725e+15,7.84954e+15,5.81629e+10,1.18969e+16,7.64989e+16,1.87745e+09
4.66288e+07,144987,3.87429e+06,7.73816e+28,3.30513e+24,3.02194e+13,4.58228,4.73618e+28,0.03468,1.88311e-05,9.79046e-16,0,3.96947e+15,7.71332e+15,5.68147e+10,1.16828e+16,7.4597e+16,1.85291e+09
4.71288e+07,143290,3.8514e+06,7.93722e+28,3.34196e+24,3.05518e+13,4.63992,4.46385e+28,0.03468,1.81747e-05,8.59954e-16,0,3.89235e+15,7.57802e+15,5.54838e+10,1.14704e+16,7.26886e+16,1.82843e+09
4.76288e+07,141595,3.82841e+06,8.13816e+28,3.37784e+24,3.08845e+13,4.6989,4.20452e+28,0.03468,1.75346e-05,7.54305e-16,0,3.81591e+15,7.44366e+15,5.41704e+10,1.12596e+16,7.07772e+16,1.80401e+09
4.81288e+07,139902,3.80531e+06,8.34091e+28,3.41276e+24,3.12174e+13,4.75926,3.95775e+28,0.03468,1.69106e-05,6.60719e-16,0,3.74018e+15,7.31029e+15,5.28747e+10,1.10505e+16,6.88658e+16,1.77964e+09
4.86288e+07,138212,3.78211e+06,8.54544e+28,3.44673e+24,3.15505e+13,4.82103,3.72311e+28,0.03468,1.63026e-05,5.77943e-16,0,3.66517e+15,7.17794e+15,5.1597e+10,1.08432e+16,6.69574e+16,1.75535e+09
4.91288e+07,136525,3.75881e+06,8.75168e+28,3.47974e+24,3.18839e+13,4.88425,3.50015e+28,0.03468,1.57104e-05,5.04836e-16,0,3.5909e+15,7.04663e+15,5.03374e+10,1.06376e+16,6.50549e+16,1.73113e+09
4.96288e+07,134840,3.73542e+06,8.95958e+28,3.51181e+24,3.22175e+13,4.94894,3.28847e+28,0.03468,1.5134e-05,4.40365e-16,0,3.51737e+15,6.91639e+15,4.90961e+10,1.04338e+16,6.31612e+16,1.70699e+09
5.01288e+07,133160,3.71194e+06,9.16909e+28,3.54293e+24,3.25514e+13,5.01515,3.08762e+28,0.03468,1.45731e-05,3.83593e-16,0,3.44461e+15,6.78726e+15,4.78733e+10,1.02319e+16,6.12787e+16,1.68293e+09
5.06288e+07,131483,3.68837e+06,9.38013e+28,3.57311e+24,3.28855e+13,5.08292,2.8972e+28,0.03468,1.40277e-05,3.33675e-16,0,3.37263e+15,6.65925e+15,4.66691e+10,1.00319e+16,5.94101e+16,1.65896e+09
5.11288e+07,129811,3.66472e+06,9.59266e+28,3.60236e+24,3.32199e+13,5.15228,2.71679e+28,0.03468,1.34974e-05,2.89848e-16,0,3.30144e+15,6.5324e+15,4.54836e+10,9.83389e+15,5.75577e+16,1.63509e+09
5.16288e+07,128143,3.64099e+06,9.80663e+28,3.63069e+24,3.35546e+13,5.22328,2.54599e+28,0.03468,1.29823e-05,2.51427e-16,0,3.23106e+15,6.40673e+15,4.43169e+10,9.63783e+15,5.57238e+16,1.61132e+09
5.21288e+07,126481,3.61719e+06,1.0022e+29,3.65811e+24,3.38895e+13,5.29596,2.38441e+28,0.03468,1.2482e-05,2.17794e-16,0,3.16149e+15,6.28225e+15,4.31692e+10,9.44378e+15,5.39104e+16,1.58765e+09
5.26288e+07,124823,3.59331e+06,1.02386e+29,3.68463e+24,3.42246e+13,5.37035,2.23165e+28,0.03468,1.19963e-05,1.88396e-16,0,3.09274e+15,6.159e+15,4.20404e+10,9.25179e+15,5.21195e+16,1.56409e+09
5.31288e+07,123172,3.56936e+06,1.04565e+29,3.71025e+24,3.456e+13,5.44652,2.08734e+28,0.03468,1.15251e-05,1.62738e-16,0,3.02484e+15,6.03699e+15,4.09307e+10,9.06187e+15,5.0353e+16,1.54064e+09
5.36288e+07,121526,3.54534e+06,1.06756e+29,3.735e+24,3.48957e+13,5.52449,1.95111e+28,0.03468,1.10681e-05,1.40377e-16,0,2.95778e+15,5.91625e+15,3.98401e+10,8.87407e+15,4.86126e+16,1.51731e+09
5.41288e+07,119886,3.52125e+06,1.08958e+29,3.75889e+24,3.52316e+13,5.60433,1.8226e+28,0.03468,1.06252e-05,1.20918e-16,0,2.89158e+15,5.79679e+15,3.87686e+10,8.68841e+15,4.68999e+16,1.49411e+09
5.46288e+07,118253,3.49711e+06,1.1117e+29,3.78193e+24,3.55678e+13,5.68607,1.70146e+28,0.03468,1.01959e-05,1.04009e-16,0,2.82623e+15,5.67863e+15,3.77162e+10,8.5049e+15,4.52162e+16,1.47103e+09
5.51288e+07,116627,3.47291e+06,1.13393e+29,3.80413e+24,3.59042e+13,5.76978,1.58735e+28,0.03468,9.78027e-06,8.93392e-17,0,2.76176e+15,5.56179e+15,3.66829e+10,8.32359e+15,4.3563e+16,1.44808e+09
5.56288e+07,115009,3.44865e+06,1.15625e+29,3.82551e+24,3.62409e+13,5.85549,1.47993e+28,0.03468,9.37787e-06,7.66296e-17,0,2.69817e+15,5.44628e+15,3.56688e+10,8.14448e+15,4.19415e+16,1.42527e+09
5.61288e+07,113397,3.42435e+06,1.17866e+29,3.84609e+24,3.65779e+13,5.94328,1.37889e+28,0.03468,8.98852e-06,6.5635e-17,0,2.63545e+15,5.33212e+15,3.46737e+10,7.96761e+15,4.03526e+16,1.4026e+09
5.66288e+07,111793,3.39999e+06,1.20115e+29,3.86589e+24,3.69151e+13,6.03318,1.28391e+28,0.03468,8.61195e-06,5.6138e-17,0,2.57363e+15,5.21932e+15,3.36977e+10,7.79298e+15,3.87974e+16,1.38007e+09
5.71288e+07,110198,3.37558e+06,1.22372e+29,3.88491e+24,3.72526e+13,6.12527,1.1947e+28,0.03468,8.24793e-06,4.79467e-17,0,2.51269e+15,5.1079e+15,3.27406e+10,7.62063e+15,3.72767e+16,1.35769e+09
5.76288e+07,108610,3.35114e+06,1.24635e+29,3.90319e+24,3.75904e+13,6.21959,1.11096e+28,0.03468,7.89617e-06,4.08923e-17,0,2.45266e+15,4.99786e+15,3.18024e+10,7.45055e+15,3.57912e+16,1.33545e+09
5.81288e+07,107031,3.32665e+06,1.26905e+29,3.92073e+24,3.79284e+13,6.31622,1.03241e+28,0.03468,7.55644e-06,3.48258e-17,0,2.39352e+15,4.88922e+15,3.08831e+10,7.28277e+15,3.43416e+16,1.31337e+09
5.86288e+07,105461,3.30213e+06,1.29181e+29,3.93755e+24,3.82666e+13,6.41521,9.58792e+27,0.03468,7.22846e-06,2.96168e-17,0,2.33528e+15,4.78198e+15,2.99824e+10,7.11729e+15,3.29284e+16,1.29145e+09
5.91288e+07,103900,3.27757e+06,1.31461e+29,3.95368e+24,3.86052e+13,6.51664,8.89836e+27,0.03468,6.91197e-06,2.51507e-17,0,2.27795e+15,4.67615e+15,2.91005e+10,6.95414e+15,3.15519e+16,1.26969e+09
5.96288e+07,102348,3.25299e+06,1.33746e+29,3.96912e+24,3.8944e+13,6.62056,8.25295e+27,0.03468,6.6067e-06,2.13273e-17,0,2.22153e+15,4.57175e+15,2.8237e+10,6.79331e+15,3.02125e+16,1.24809e+09
6.01288e+07,100806,3.22837e+06,1.36035e+29,3.98391e+24,3.9283e+13,6.72705,7.64929e+27,0.03468,6.31239e-06,1.80589e-17,0,2.16601e+15,4.46878e+15,2.73919e+10,6.63482e+15,2.89104e+16,1.22666e+09
6.06288e+07,99273,3.20373e+06,1.38327e+29,3.99805e+24,3.96224e+13,6.83618,7.08509e+27,0.03468,6.02878e-06,1.52692e-17,0,2.1114e+15,4.36724e+15,2.65652e+10,6.47867e+15,2.76457e+16,1.2054e+09
6.11288e+07,97750.2,3.17906e+06,1.40622e+29,4.01157e+24,3.99619e+13,6.94803,6.55814e+27,0.03468,5.75559e-06,1.28917e-17,0,2.0577e+15,4.26715e+15,2.57565e+10,6.32487e+15,2.64186e+16,1.18431e+09
6.16288e+07,96237.5,3.15438e+06,1.42918e+29,4.02449e+24,4.03018e+13,7.06267,6.06633e+27,0.03468,5.49257e-06,1.08685e-17,0,2.0049e+15,4.16849e+15,2.49658e+10,6.17341e+15,2.52288e+16,1.16339e+09
6.21288e+07,94735.2,3.12968e+06,1.45216e+29,4.03682e+24,4.06419e+13,7.18019,5.60765e+27,0.03468,5.23944e-06,9.14938e-18,0,1.95301e+15,4.07128e+15,2.41929e+10,6.02432e+15,2.40764e+16,1.14265e+09
6.26288e+07,93243.4,3.10496e+06,1.47514e+29,4.04858e+24,4.09823e+13,7.30066,5.18017e+27,0.03468,4.99595e-06,7.69086e-18,0,1.90202e+15,3.97553e+15,2.34377e+10,5.87757e+15,2.29612e+16,1.1221e+09
6.31288e+07,91762.3,3.08023e+06,1.49813e+29,4.0598e+24,4.13229e+13,7.42418,4.78205e+27,0.03468,4.76183e-06,6.45531e-18,0,1.85193e+15,3.88122e+15,2.26999e+10,5.73317e+15,2.18828e+16,1.10172e+09
6.36288e+07,90292.1,3.0555e+06,1.52111e+29,4.07048e+24,4.16638e+13,7.55083,4.41154e+27,0.03468,4.53683e-06,5.41022e-18,0,1.80274e+15,3.78836e+15,2.19795e+10,5.59113e+15,2.0841e+16,1.08153e+09
6.41288e+07,88832.9,3.03075e+06,1.54407e+29,4.08065e+24,4.2005e+13,7.68071,4.06697e+27,0.03468,4.32067e-06,4.5276e-18,0,1.75445e+15,3.69696e+15,2.12761e+10,5.45144e+15,1.98354e+16,1.06153e+09
6.46288e+07,87385,3.006e+06,1.56702e+29,4.09033e+24,4.23464e+13,7.8139,3.74675e+27,0.03468,4.11312e-06,3.78331e-18,0,1.70705e+15,3.60701e+15,2.05896e+10,5.31408e+15,1.88656e+16,1.04171e+09
6.51288e+07,85948.6,2.98126e+06,1.58995e+29,4.09953e+24,4.26881e+13,7.95052,3.44939e+27,0.03468,3.91392e-06,3.15663e-18,0,1.66054e+15,3.51851e+15,1.99199e+10,5.17907e+15,1.79311e+16,1.02209e+09
6.56288e+07,84523.7,2.95651e+06,1.61285e+29,4.10828e+24,4.303e+13,8.09066,3.17344e+27,0.03468,3.72281e-06,2.6298e-18,0,1.61491e+15,3.43145e+15,1.92667e+10,5.04638e+15,1.70313e+16,1.00266e+09
6.61288e+07,83110.5,2.93176e+06,1.63571e+29,4.11658e+24,4.33722e+13,8.23443,2.91755e+27,0.03468,3.53955e-06,2.18758e-18,0,1.57016e+15,3.34584e+15,1.86297e+10,4.91602e+15,1.61657e+16,9.83421e+08
6.66288e+07,81709.1,2.90703e+06,1.65853e+29,4.12446e+24,4.37147e+13,8.38193,2.68044e+27,0.03468,3.36389e-06,1.81696e-18,0,1.52629e+15,3.26167e+15,1.80088e+10,4.78798e+15,1.53337e+16,9.6438e+08
6.71288e+07,80319.8,2.8823e+06,1.6813e+29,4.13193e+24,4.40574e+13,8.53329,2.46088e+27,0.03468,3.19561e-06,1.50683e-18,0,1.48328e+15,3.17894e+15,1.74038e+10,4.66223e+15,1.45346e+16,9.45536e+08
6.76288e+07,78942.6,2.85758e+06,1.70402e+29,4.139e+24,4.44004e+13,8.68861,2.25772e+27,0.03468,3.03445e-06,1.24772e-18,0,1.44113e+15,3.09763e+15,1.68145e+10,4.53879e+15,1.37678e+16,9.26892e+08
6.81288e+07,77577.7,2.83287e+06,1.72668e+29,4.14571e+24,4.47436e+13,8.84803,2.06987e+27,0.03468,2.88019e-06,1.03157e-18,0,1.39984e+15,3.01776e+15,1.62405e+10,4.41762e+15,1.30325e+16,9.08448e+08
6.86288e+07,76225.1,2.80818e+06,1.74928e+29,4.15205e+24,4.50871e+13,9.01166,1.89631e+27,0.03468,2.7326e-06,8.51545e-19,0,1.3594e+15,2.9393e+15,1.56817e+10,4.29872e+15,1.23281e+16,8.90206e+08
6.91288e+07,74885,2.78351e+06,1.77181e+29,4.15805e+24,4.54308e+13,9.17965,1.73607e+27,0.03468,2.59146e-06,7.01844e-19,0,1.31981e+15,2.86226e+15,1.51378e+10,4.18208e+15,1.16538e+16,8.72167e+08
6.96288e+07,73557.5,2.75886e+06,1.79426e+29,4.16371e+24,4.57748e+13,9.35212,1.58823e+27,0.03468,2.45653e-06,5.77555e-19,0,1.28104e+15,2.78662e+15,1.46086e+10,4.06768e+15,1.10087e+16,8.54331e+08
7.01288e+07,72242.7,2.73423e+06,1.81663e+29,4.16907e+24,4.6119e+13,9.52922,1.45193e+27,0.03468,2.32762e-06,4.74528e-19,0,1.24311e+15,2.71238e+15,1.40939e+10,3.9555e+15,1.03922e+16,8.36701e+08
7.06288e+07,70940.7,2.70963e+06,1.83892e+29,4.17412e+24,4.64635e+13,9.7111,1.32638e+27,0.03468,2.2045e-06,3.89262e-19,0,1.20599e+15,2.63953e+15,1.35934e+10,3.84553e+15,9.80348e+15,8.19276e+08
7.11288e+07,69651.6,2.68505e+06,1.86111e+29,4.17888e+24,4.68083e+13,9.89791,1.21079e+27,0.03468,2.08698e-06,3.18809e-19,0,1.16969e+15,2.56806e+15,1.31069e+10,3.73776e+15,9.24166e+15,8.02057e+08
7.16288e+07,68375.5,2.6605e+06,1.88321e+29,4.18337e+24,4.71533e+13,10.0898,1.10447e+27,0.03468,1.97484e-06,2.60689e-19,0,1.13419e+15,2.49796e+15,1.26341e+10,3.63216e+15,8.70597e+15,7.85046e+08
7.21288e+07,67112.3,2.63599e+06,1.90521e+29,4.18759e+24,4.74985e+13,10.2869,1.00675e+27,0.03468,1.86789e-06,2.1282e-19,0,1.09948e+15,2.42922e+15,1.21748e+10,3.52871e+15,8.1956e+15,7.68243e+08
7.26288e+07,65862.3,2.6115e+06,1.9271e+29,4.19157e+24,4.7844e+13,10.4895,9.16987e+26,0.03468,1.76594e-06,1.7346e-19,0,1.06557e+15,2.36183e+15,1.17288e+10,3.4274e+15,7.70974e+15,7.51648e+08
7.31288e+07,64625.5,2.58705e+06,1.94887e+29,4.19531e+24,4.81897e+13,10.6977,8.34606e+26,0.03468,1.66879e-06,1.41148e-19,0,1.03242e+15,2.29578e+15,1.12957e+10,3.32821e+15,7.24757e+15,7.35262e+08
7.36288e+07,63401.9,2.56264e+06,1.97054e+29,4.19883e+24,4.85356e+13,10.9116,7.59056e+26,0.03468,1.57627e-06,1.14666e-19,0,1.00005e+15,2.23106e+15,1.08753e+10,3.23112e+15,6.80829e+15,7.19085e+08
7.41288e+07,62191.6,2.53827e+06,1.99208e+29,4.20213e+24,4.88818e+13,11.1315,6.89821e+26,0.03468,1.48819e-06,9.29985e-20,0,9.68436e+14,2.16765e+15,1.04675e+10,3.1361e+15,6.39108e+15,7.03117e+08
7.46288e+07,60994.6,2.51394e+06,2.01349e+29,4.20523e+24,4.92283e+13,11.3576,6.26424e+26,0.03468,1.40439e-06,7.52994e-20,0,9.37571e+14,2.10556e+15,1.00718e+10,3.04314e+15,5.99516e+15,6.87359e+08
7.51288e+07,59811.1,2.48965e+06,2.03478e+29,4.20813e+24,4.95749e+13,11.5901,5.68416e+26,0.03468,1.32468e-06,6.08663e-20,0,9.07446e+14,2.04475e+15,9.68822e+09,2.95221e+15,5.61973e+15,6.71811e+08
7.56288e+07,58640.9,2.46541e+06,2.05593e+29,4.21085e+24,4.99218e+13,11.8292,5.15381e+26,0.03468,1.24891e-06,4.91163e-20,0,8.78051e+14,1.98523e+15,9.31633e+09,2.86329e+15,5.264e+15,6.56473e+08
7.61288e+07,57484.2,2.44121e+06,2.07694e+29,4.2134e+24,5.0269e+13,12.0751,4.66929e+26,0.03468,1.17692e-06,3.9567e-20,0,8.49375e+14,1.92697e+15,8.95594e+09,2.77635e+15,4.92722e+15,6.41344e+08
7.66288e+07,56341.1,2.41706e+06,2.0978e+29,4.21579e+24,5.06163e+13,12.3281,4.227e+26,0.03468,1.10854e-06,3.18194e-20,0,8.2141e+14,1.86996e+15,8.60679e+09,2.69138e+15,4.60862e+15,6.26426e+08
7.71288e+07,55211.4,2.39296e+06,2.11852e+29,4.21802e+24,5.09639e+13,12.5884,3.82357e+26,0.03468,1.04364e-06,2.55445e-20,0,7.94144e+14,1.8142e+15,8.26865e+09,2.60835e+15,4.30745e+15,6.11717e+08
7.76288e+07,54095.2,2.36892e+06,2.13909e+29,4.2201e+24,5.13117e+13,12.8562,3.45588e+26,0.03468,9.82052e-07,2.04712e-20,0,7.67568e+14,1.75966e+15,7.94127e+09,2.52724e+15,4.02299e+15,5.97217e+08
7.81288e+07,52992.7,2.34492e+06,2.1595e+29,4.22204e+24,5.16597e+13,13.1318,3.12103e+26,0.03468,9.23649e-07,1.63765e-20,0,7.41671e+14,1.70634e+15,7.6244e+09,2.44802e+15,3.75452e+15,5.82926e+08
7.86288e+07,51903.6,2.32099e+06,2.17975e+29,4.22386e+24,5.2008e+13,13.4156,2.81633e+26,0.03468,8.6829e-07,1.30775e-20,0,7.16443e+14,1.65421e+15,7.31781e+09,2.37066e+15,3.50135e+15,5.68844e+08
7.91288e+07,50828.2,2.29711e+06,2.19984e+29,4.22555e+24,5.23564e+13,13.7077,2.53929e+26,0.03468,8.1584e-07,1.04244e-20,0,6.91873e+14,1.60327e+15,7.02125e+09,2.29515e+15,3.26279e+15,5.54971e+08
7.96288e+07,49766.3,2.27328e+06,2.21975e+29,4.22713e+24,5.27051e+13,14.0085,2.28761e+26,0.03468,7.66172e-07,8.2944e-21,0,6.6795e+14,1.55349e+15,6.73449e+09,2.22145e+15,3.03817e+15,5.41305e+08
8.01288e+07,48718,2.24952e+06,2.2395e+29,4.22859e+24,5.3054e+13,14.3183,2.05914e+26,0.03468,7.19161e-07,6.58757e-21,0,6.44665e+14,1.50487e+15,6.4573e+09,2.14955e+15,2.82685e+15,5.27846e+08
8.06288e+07,47683.3,2.22582e+06,2.25907e+29,4.22996e+24,5.3403e+13,14.6375,1.85193e+26,0.03468,6.74688e-07,5.22231e-21,0,6.22007e+14,1.45739e+15,6.18944e+09,2.07941e+15,2.6282e+15,5.14594e+08
8.11288e+07,46662.1,2.20218e+06,2.27847e+29,4.23122e+24,5.37523e+13,14.9663,1.66415e+26,0.03468,6.32636e-07,4.13226e-21,0,5.99964e+14,1.41104e+15,5.93067e+09,2.01101e+15,2.44162e+15,5.01548e+08
8.16288e+07,45654.4,2.17861e+06,2.29768e+29,4.2324e+24,5.41018e+13,15.3051,1.49412e+26,0.03468,5.92893e-07,3.26358e-21,0,5.78526e+14,1.36579e+15,5.68078e+09,1.94432e+15,2.2665e+15,4.88707e+08
8.21288e+07,44660.3,2.1551e+06,2.31671e+29,4.23349e+24,5.44515e+13,15.6543,1.3403e+26,0.03468,5.55352e-07,2.5726e-21,0,5.57682e+14,1.32163e+15,5.43953e+09,1.87932e+15,2.10228e+15,4.76071e+08
8.26288e+07,43679.6,2.13166e+06,2.33555e+29,4.23451e+24,5.48013e+13,16.0143,1.20125e+26,0.03468,5.19909e-07,2.02401e-21,0,5.37423e+14,1.27855e+15,5.20671e+09,1.81598e+15,1.9484e+15,4.63638e+08
8.31288e+07,42712.4,2.10829e+06,2.35419e+29,4.23545e+24,5.51514e+13,16.3854,1.07567e+26,0.03468,4.86465e-07,1.58931e-21,0,5.17736e+14,1.23653e+15,4.98209e+09,1.75427e+15,1.80434e+15,4.51408e+08
8.36288e+07,41758.7,2.08499e+06,2.37265e+29,4.23631e+24,5.55016e+13,16.7682,9.62354e+25,0.03468,4.54922e-07,1.24551e-21,0,4.98612e+14,1.19556e+15,4.76545e+09,1.69417e+15,1.66957e+15,4.3938e+08
8.41288e+07,40818.3,2.06176e+06,2.39091e+29,4.23712e+24,5.5852e+13,17.163,8.6019e+25,0.03468,4.25188e-07,9.74138e-22,0,4.80039e+14,1.15561e+15,4.55659e+09,1.63566e+15,1.5436e+15,4.27553e+08
8.46288e+07,39891.3,2.0386e+06,2.40897e+29,4.23786e+24,5.62026e+13,17.5703,7.68164e+25,0.03468,3.97174e-07,7.60359e-22,0,4.62008e+14,1.11668e+15,4.35529e+09,1.5787e+15,1.42595e+15,4.15925e+08
8.51288e+07,38977.7,2.01551e+06,2.42682e+29,4.23855e+24,5.65533e+13,17.9907,6.85344e+25,0.03468,3.70795e-07,5.92284e-22,0,4.44506e+14,1.07875e+15,4.16133e+09,1.52326e+15,1.31617e+15,4.04497e+08
8.56288e+07,38077.3,1.9925e+06,2.44447e+29,4.23918e+24,5.69042e+13,18.4245,6.10876e+25,0.03468,3.45969e-07,4.6041e-22,0,4.27525e+14,1.0418e+15,3.97453e+09,1.46933e+15,1.21382e+15,3.93266e+08
8.61288e+07,37190.1,1.96957e+06,2.46192e+29,4.23976e+24,5.72553e+13,18.8724,5.4398e+25,0.03468,3.22617e-07,3.5715e-22,0,4.11053e+14,1.00582e+15,3.79467e+09,1.41687e+15,1.11846e+15,3.82231e+08
8.66288e+07,36316.2,1.94671e+06,2.47915e+29,4.2403e+24,5.76065e+13,19.3349,4.83941e+25,0.03468,3.00664e-07,2.76463e-22,0,3.9508e+14,9.70782e+14,3.62156e+09,1.36587e+15,1.02971e+15,3.71392e+08
8.71288e+07,35455.3,1.92393e+06,2.49618e+29,4.24079e+24,5.79579e+13,19.8125,4.30106e+25,0.03468,2.80037e-07,2.13546e-22,0,3.79595e+14,9.3668e+14,3.455e+09,1.31628e+15,9.47174e+14,3.60747e+08
8.76288e+07,34607.5,1.90123e+06,2.51299e+29,4.24125e+24,5.83094e+13,20.306,3.81881e+25,0.03468,2.60667e-07,1.6459e-22,0,3.64588e+14,9.03496e+14,3.2948e+09,1.26809e+15,8.70482e+14,3.50295e+08
8.81288e+07,33772.8,1.87861e+06,2.52958e+29,4.24166e+24,5.86611e+13,20.8159,3.38722e+25,0.03468,2.42487e-07,1.26577e-22,0,3.5005e+14,8.71212e+14,3.14077e+09,1.22127e+15,7.99285e+14,3.40035e+08
8.86288e+07,32951,1.85607e+06,2.54596e+29,4.24205e+24,5.90129e+13,21.3429,3.00133e+25,0.03468,2.25435e-07,9.71266e-23,0,3.35969e+14,8.39814e+14,2.99273e+09,1.17579e+15,7.33246e+14,3.29964e+08
8.91288e+07,32142,1.83361e+06,2.56212e+29,4.2424e+24,5.93648e+13,21.8877,2.65666e+25,0.03468,2.0945e-07,7.43595e-23,0,3.22335e+14,8.09285e+14,2.8505e+09,1.13162e+15,6.72047e+14,3.20083e+08
8.96288e+07,31345.9,1.81124e+06,2.57806e+29,4.24272e+24,5.97169e+13,22.4511,2.3491e+25,0.03468,1.94473e-07,5.67984e-23,0,3.09139e+14,7.7961e+14,2.71389e+09,1.08875e+15,6.15383e+14,3.10389e+08
9.01288e+07,30562.6,1.78895e+06,2.59378e+29,4.24302e+24,6.0069e+13,23.0339,2.07493e+25,0.03468,1.8045e-07,4.32835e-23,0,2.9637e+14,7.50772e+14,2.58274e+09,1.04714e+15,5.62967e+14,3.00881e+08
9.06288e+07,29791.9,1.76674e+06,2.60927e+29,4.24329e+24,6.04213e+13,23.6368,1.83078e+25,0.03468,1.67327e-07,3.29063e-23,0,2.8402e+14,7.22756e+14,2.45687e+09,1.00678e+15,5.14524e+14,2.91558e+08
9.11288e+07,29033.8,1.74462e+06,2.62454e+29,4.24353e+24,6.07737e+13,24.2608,1.61358e+25,0.03468,1.55054e-07,2.4957e-23,0,2.72077e+14,6.95545e+14,2.33611e+09,9.67624e+14,4.69795e+14,2.82418e+08
9.16288e+07,28288.2,1.72259e+06,2.63958e+29,4.24376e+24,6.11262e+13,24.9068,1.42056e+25,0.03468,1.43584e-07,1.88818e-23,0,2.60532e+14,6.69125e+14,2.22031e+09,9.29659e+14,4.28533e+14,2.7346e+08
9.21288e+07,27555.1,1.70064e+06,2.6544e+29,4.24396e+24,6.14788e+13,25.5756,1.24922e+25,0.03468,1.3287e-07,1.42501e-23,0,2.49376e+14,6.43479e+14,2.1093e+09,8.92858e+14,3.90507e+14,2.64681e+08
9.26288e+07,26834.4,1.67878e+06,2.66898e+29,4.24415e+24,6.18314e+13,26.2684,1.09727e+25,0.03468,1.22868e-07,1.07274e-23,0,2.386e+14,6.18593e+14,2.00292e+09,8.57195e+14,3.55495e+14,2.56082e+08
9.31288e+07,26125.9,1.65701e+06,2.68334e+29,4.24432e+24,6.21842e+13,26.9862,9.6268e+24,0.03468,1.13539e-07,8.0549e-24,0,2.28194e+14,5.94451e+14,1.90102e+09,8.22646e+14,3.2329e+14,2.47659e+08
9.36288e+07,25429.6,1.63532e+06,2.69747e+29,4.24447e+24,6.2537e+13,27.7301,8.43591e+24,0.03468,1.04841e-07,6.03242e-24,0,2.18148e+14,5.71037e+14,1.80345e+09,7.89186e+14,2.93696e+14,2.39412e+08
9.41288e+07,24745.4,1.61373e+06,2.71137e+29,4.24461e+24,6.28898e+13,28.5013,7.38338e+24,0.03468,9.67374e-08,4.50578e-24,0,2.08454e+14,5.48336e+14,1.71007e+09,7.56792e+14,2.66529e+14,2.31339e+08
9.46288e+07,24073.3,1.59223e+06,2.72503e+29,4.24474e+24,6.32428e+13,29.3011,6.4542e+24,0.03468,8.91931e-08,3.35641e-24,0,1.99103e+14,5.26334e+14,1.62073e+09,7.25438e+14,2.41615e+14,2.23437e+08
9.51288e+07,23413.1,1.57081e+06,2.73847e+29,4.24485e+24,6.35957e+13,30.1307,5.63487e+24,0.03468,8.2174e-08,2.49337e-24,0,1.90086e+14,5.05015e+14,1.53529e+09,6.95102e+14,2.1879e+14,2.15707e+08
9.56288e+07,22764.7,1.54949e+06,2.75167e+29,4.24496e+24,6.39488e+13,30.9916,4.91326e+24,0.03468,7.5648e-08,1.84706e-24,0,1.81393e+14,4.84364e+14,1.45362e+09,6.65759e+14,1.979e+14,2.08145e+08
9.61288e+07,22128.1,1.52827e+06,2.76464e+29,4.24505e+24,6.43018e+13,31.8853,4.27848e+24,0.03468,6.95847e-08,1.36439e-24,0,1.73018e+14,4.64368e+14,1.37558e+09,6.37387e+14,1.78803e+14,2.00751e+08
9.66288e+07,21503.1,1.50713e+06,2.77738e+29,4.24514e+24,6.46549e+13,32.8133,3.72077e+24,0.03468,6.39554e-08,1.00492e-24,0,1.6495e+14,4.45012e+14,1.30104e+09,6.09963e+14,1.61362e+14,1.93523e+08
9.71288e+07,20889.6,1.48608e+06,2.78988e+29,4.24521e+24,6.50079e+13,33.7773,3.23137e+24,0.03468,5.87328e-08,7.37967e-25,0,1.57182e+14,4.2628e+14,1.22988e+09,5.83463e+14,1.45451e+14,1.86458e+08
9.76288e+07,20287.7,1.46513e+06,2.80215e+29,4.24528e+24,6.5361e+13,34.7791,2.80247e+24,0.03468,5.38911e-08,5.40294e-25,0,1.49706e+14,4.0816e+14,1.16198e+09,5.57866e+14,1.30953e+14,1.79555e+08
9.81288e+07,19697.1,1.44428e+06,2.81419e+29,4.24535e+24,6.57141e+13,35.8204,2.42708e+24,0.03468,4.94059e-08,3.94352e-25,0,1.42513e+14,3.90636e+14,1.09721e+09,5.3315e+14,1.17756e+14,1.72814e+08
9.86288e+07,19117.7,1.42351e+06,2.826e+29,4.2454e+24,6.60671e+13,36.9033,2.09895e+24,0.03468,4.52541e-08,2.86926e-25,0,1.35595e+14,3.73695e+14,1.03547e+09,5.09292e+14,1.05757e+14,1.66231e+08
9.91288e+07,18549.5,1.40284e+06,2.83757e+29,4.24545e+24,6.64202e+13,38.0299,1.81251e+24,0.03468,4.14139e-08,2.08095e-25,0,1.28945e+14,3.57324e+14,9.76625e+08,4.8627e+14,9.4861e+13,1.59805e+08
9.96288e+07,17992.4,1.38227e+06,2.84892e+29,4.2455e+24,6.67731e+13,39.2024,1.56282e+24,0.03468,3.78648e-08,1.50427e-25,0,1.22555e+14,3.41508e+14,9.2058e+08,4.64065e+14,8.49773e+13,1.53534e+08
1.00129e+08,17446.2,1.36179e+06,2.86003e+29,4.24554e+24,6.71261e+13,40.4232,1.34546e+24,0.03468,3.45873e-08,1.08376e-25,0,1.16418e+14,3.26235e+14,8.67224e+08,4.42654e+14,7.6023e+13,1.47417e+08
1.00629e+08,16910.8,1.34141e+06,2.87091e+29,4.24557e+24,6.7479e+13,41.6947,1.15652e+24,0.03468,3.15633e-08,7.78132e-26,0,1.10525e+14,3.11491e+14,8.16452e+08,4.22017e+14,6.79206e+13,1.41453e+08
1.01129e+08,16386.2,1.32112e+06,2.88156e+29,4.2456e+24,6.78318e+13,43.0197,9.92523e+23,0.03468,2.87753e-08,5.56737e-26,0,1.0487e+14,2.97263e+14,7.68166e+08,4.02134e+14,6.05981e+13,1.35638e+08
1.01629e+08,15872.3,1.30092e+06,2.89198e+29,4.24563e+24,6.81845e+13,44.401,8.50383e+23,0.03468,2.62073e-08,3.96906e-26,0,9.94454e+13,2.83539e+14,7.22265e+08,3.82985e+14,5.3989e+13,1.29972e+08
1.02129e+08,15368.9,1.28083e+06,2.90217e+29,4.24566e+24,6.85372e+13,45.8417,7.27378e+23,0.03468,2.38439e-08,2.81924e-26,0,9.42445e+13,2.70304e+14,6.78656e+08,3.64549e+14,4.80316e+13,1.24453e+08
1.02629e+08,14875.9,1.26082e+06,2.91213e+29,4.24568e+24,6.88897e+13,47.3451,6.21097e+23,0.03468,2.16709e-08,1.995e-26,0,8.92601e+13,2.57548e+14,6.37246e+08,3.46809e+14,4.26686e+13,1.19079e+08
1.03129e+08,14393.3,1.24092e+06,2.92187e+29,4.2457e+24,6.92421e+13,48.9145,5.29413e+23,0.03468,1.96746e-08,1.40631e-26,0,8.44857e+13,2.45257e+14,5.97945e+08,3.29744e+14,3.78473e+13,1.13848e+08
1.03629e+08,13920.8,1.22111e+06,2.93138e+29,4.24572e+24,6.95944e+13,50.5537,4.50449e+23,0.03468,1.78425e-08,9.87425e-27,0,7.99145e+13,2.3342e+14,5.60667e+08,3.13335e+14,3.3519e+13,1.08759e+08
1.04129e+08,13458.5,1.20139e+06,2.94067e+29,4.24574e+24,6.99465e+13,52.2667,3.82555e+23,0.03468,1.61626e-08,6.90511e-27,0,7.55402e+13,2.22025e+14,5.25328e+08,2.97566e+14,2.96387e+13,1.03809e+08
1.04629e+08,13006.1,1.18178e+06,2.94973e+29,4.24575e+24,7.02985e+13,54.0577,3.24279e+23,0.03468,1.46239e-08,4.80877e-27,0,7.13563e+13,2.11059e+14,4.91847e+08,2.82416e+14,2.61652e+13,9.89983e+07
1.05129e+08,12563.7,1.16225e+06,2.95857e+29,4.24576e+24,7.06502e+13,55.9313,2.74345e+23,0.03468,1.32159e-08,3.33462e-27,0,6.73567e+13,2.00511e+14,4.60144e+08,2.67869e+14,2.30605e+13,9.43238e+07
1.05629e+08,12131,1.14283e+06,2.96719e+29,4.24577e+24,7.10018e+13,57.8923,2.31637e+23,0.03468,1.19288e-08,2.30229e-27,0,6.35353e+13,1.9037e+14,4.30144e+08,2.53906e+14,2.02894e+13,8.9784e+07
1.06129e+08,11708.1,1.1235e+06,2.97559e+29,4.24578e+24,7.13532e+13,59.9461,1.95176e+23,0.03468,1.07535e-08,1.58242e-27,0,5.98861e+13,1.80625e+14,4.01773e+08,2.40512e+14,1.78202e+13,8.53773e+07
1.06629e+08,11294.6,1.10427e+06,2.98377e+29,4.24579e+24,7.17044e+13,62.0982,1.64107e+23,0.03468,9.68149e-09,1.08262e-27,0,5.64034e+13,1.71264e+14,3.74959e+08,2.27668e+14,1.56233e+13,8.1102e+07
1.07129e+08,10890.7,1.08513e+06,2.99174e+29,4.2458e+24,7.20553e+13,64.3547,1.37685e+23,0.03468,8.70472e-09,7.37171e-28,0,5.30814e+13,1.62277e+14,3.49635e+08,2.15358e+14,1.3672e+13,7.69565e+07
1.07629e+08,10496.1,1.06609e+06,2.99949e+29,4.2458e+24,7.2406e+13,66.7222,1.15259e+23,0.03468,7.81577e-09,4.99503e-28,0,4.99147e+13,1.53652e+14,3.25732e+08,2.03567e+14,1.19417e+13,7.2939e+07
1.08129e+08,10110.7,1.04714e+06,3.00702e+29,4.24581e+24,7.27563e+13,69.2076,9.62645e+22,0.03468,7.00772e-09,3.36762e-28,0,4.68977e+13,1.4538e+14,3.03187e+08,1.92278e+14,1.041e+13,6.9048e+07
1.08629e+08,9734.42,1.02829e+06,3.01435e+29,4.24581e+24,7.31064e+13,71.8187,8.02099e+22,0.03468,6.27407e-09,2.25869e-28,0,4.40253e+13,1.37451e+14,2.81938e+08,1.81476e+14,9.05648e+12,6.52817e+07
1.09129e+08,9367.19,1.00954e+06,3.02147e+29,4.24582e+24,7.34562e+13,74.5636,6.66699e+22,0.03468,5.60883e-09,1.50685e-28,0,4.12921e+13,1.29853e+14,2.61925e+08,1.71145e+14,7.86267e+12,6.16386e+07
1.09629e+08,9008.87,990876,3.02838e+29,4.24582e+24,7.38056e+13,77.4512,5.52762e+22,0.03468,5.00638e-09,9.99756e-29,0,3.86933e+13,1.22577e+14,2.4309e+08,1.61271e+14,6.81166e+12,5.81169e+07
1.10129e+08,8659.36,972311,3.03508e+29,4.24583e+24,7.41547e+13,80.4911,4.57109e+22,0.03468,4.46151e-09,6.59552e-29,0,3.62238e+13,1.15614e+14,2.25378e+08,1.51838e+14,5.88816e+12,5.47152e+07
1.10629e+08,8318.53,953841,3.04159e+29,4.24583e+24,7.45034e+13,83.6938,3.76995e+22,0.03468,3.96941e-09,4.3257e-29,0,3.38789e+13,1.08954e+14,2.08734e+08,1.42833e+14,5.07831e+12,5.14319e+07
1.11129e+08,7986.3,935465,3.04789e+29,4.24583e+24,7.48517e+13,87.0707,3.10062e+22,0.03468,3.52558e-09,2.81988e-29,0,3.16539e+13,1.02587e+14,1.93108e+08,1.34241e+14,4.36958e+12,4.82652e+07
1.11629e+08,7662.54,917183,3.05399e+29,4.24583e+24,7.51996e+13,90.634,2.54284e+22,0.03468,3.12588e-09,1.82677e-29,0,2.95442e+13,9.65048e+13,1.78449e+08,1.26049e+14,3.75065e+12,4.52138e+07
1.12129e+08,7347.14,898994,3.0599e+29,4.24583e+24,7.5547e+13,94.3973,2.07923e+22,0.03468,2.76645e-09,1.17577e-29,0,2.75454e+13,9.06977e+13,1.64709e+08,1.18243e+14,3.21133e+12,4.22759e+07
1.12629e+08,7040.02,880899,3.06561e+29,4.24584e+24,7.5894e+13,98.3751,1.69494e+22,0.03468,2.44374e-09,7.51706e-30,0,2.56532e+13,8.5157e+13,1.51843e+08,1.1081e+14,2.74244e+12,3.94502e+07
1.13129e+08,6741.04,862897,3.07113e+29,4.24584e+24,7.62404e+13,102.584,1.37729e+22,0.03468,2.15447e-09,4.7726e-30,0,2.38633e+13,7.98743e+13,1.39806e+08,1.03738e+14,2.33573e+12,3.6735e+07
1.13629e+08,6450.12,844988,3.07646e+29,4.24584e+24,7.65864e+13,107.04,1.1155e+22,0.03468,1.89559e-09,3.00838e-30,0,2.21716e+13,7.48409e+13,1.28556e+08,9.70126e+13,1.98381e+12,3.4129e+07
1.14129e+08,6167.14,827170,3.0816e+29,4.24584e+24,7.69317e+13,111.764,9.00381e+21,0.03468,1.66433e-09,1.88219e-30,0,2.05743e+13,7.00486e+13,1.18051e+08,9.0623e+13,1.68006e+12,3.16306e+07
1.14629e+08,5892,809444,3.08656e+29,4.24584e+24,7.72765e+13,116.776,7.24177e+21,0.03468,1.4581e-09,1.16849e-30,0,1.90673e+13,6.54893e+13,1.08253e+08,8.45567e+13,1.41856e+12,2.92383e+07
1.15129e+08,5624.59,791810,3.09134e+29,4.24584e+24,7.76207e+13,122.1,5.80313e+21,0.03468,1.27453e-09,7.19588e-31,0,1.7647e+13,6.1155e+13,9.91227e+07,7.88021e+13,1.19404e+12,2.69508e+07
1.15629e+08,5364.81,774265,3.09594e+29,4.24584e+24,7.79642e+13,127.761,4.6325e+21,0.03468,1.11145e-09,4.39442e-31,0,1.63096e+13,5.7038e+13,9.06253e+07,7.33477e+13,1.00181e+12,2.47666e+07
1.16129e+08,5112.55,756811,3.10036e+29,4.24584e+24,7.8307e+13,133.788,3.68329e+21,0.03468,9.6686e-10,2.66029e-31,0,1.50516e+13,5.31307e+13,8.27256e+07,6.81824e+13,8.37705e+11,2.26842e+07
1.16629e+08,4867.72,739446,3.10461e+29,4.24584e+24,7.86491e+13,140.21,2.91644e+21,0.03468,8.38934e-10,1.59591e-31,0,1.38695e+13,4.94257e+13,7.53905e+07,6.32953e+13,6.98031e+11,2.07025e+07
1.17129e+08,4630.2,722170,3.10869e+29,4.24584e+24,7.89905e+13,147.064,2.29926e+21,0.03468,7.25997e-10,9.48354e-32,0,1.276e+13,4.59156e+13,6.85881e+07,5.86757e+13,5.79525e+11,1.88199e+07
1.17629e+08,4399.91,704983,3.1126e+29,4.24584e+24,7.93311e+13,154.387,1.8045e+21,0.03468,6.26518e-10,5.58002e-32,0,1.17199e+13,4.25934e+13,6.22879e+07,5.43134e+13,4.79307e+11,1.70352e+07
1.18129e+08,4176.73,687883,3.11635e+29,4.24584e+24,7.96708e+13,162.222,1.40954e+21,0.03468,5.391e-10,3.24946e-32,0,1.0746e+13,3.94522e+13,5.64609e+07,5.01982e+13,3.94845e+11,1.53471e+07
1.18629e+08,3960.56,670869,3.11993e+29,4.24584e+24,8.00097e+13,170.617,1.09559e+21,0.03468,4.62471e-10,1.87194e-32,0,9.83512e+12,3.64851e+13,5.10789e+07,4.63202e+13,3.23915e+11,1.37542e+07
1.19129e+08,3751.31,653942,3.12336e+29,4.24584e+24,8.03476e+13,179.625,8.47181e+20,0.03468,3.95473e-10,1.06625e-32,0,8.98443e+12,3.36855e+13,4.61156e+07,4.267e+13,2.64572e+11,1.22554e+07
1.19629e+08,3548.88,637101,3.12663e+29,4.24584e+24,8.06846e+13,189.305,6.5155e+20,0.03468,3.37054e-10,6.00166e-33,0,8.19101e+12,3.1047e+13,4.15453e+07,3.92381e+13,2.15116e+11,1.08493e+07
1.20129e+08,3353.17,620344,3.12975e+29,4.24584e+24,8.10205e+13,199.725,4.98251e+20,0.03468,2.8626e-10,3.3364e-33,0,7.45208e+12,2.85633e+13,3.73439e+07,3.60154e+13,1.74068e+11,9.53483e+06
1.20629e+08,3164.08,603670,3.13272e+29,4.24584e+24,8.13554e+13,210.96,3.78749e+20,0.03468,2.42227e-10,1.83065e-33,0,6.76494e+12,2.62281e+13,3.3488e+07,3.29931e+13,1.40146e+11,8.31075e+06
1.21129e+08,2981.51,587080,3.13554e+29,4.24584e+24,8.16892e+13,223.096,2.86104e+20,0.03468,2.04175e-10,9.90728e-34,0,6.12698e+12,2.40356e+13,2.99557e+07,3.01626e+13,1.12239e+11,7.17591e+06
1.21629e+08,2805.38,570572,3.13822e+29,4.24584e+24,8.20217e+13,236.229,2.14694e+20,0.03468,1.71399e-10,5.28456e-34,0,5.53567e+12,2.19797e+13,2.67259e+07,2.75154e+13,8.93887e+10,6.12916e+06
1.22129e+08,2635.58,554145,3.14076e+29,4.24584e+24,8.23531e+13,250.471,1.59985e+20,0.03468,1.43267e-10,2.77602e-34,0,4.98859e+12,2.00549e+13,2.37785e+07,2.50435e+13,7.07728e+10,5.16939e+06
1.22629e+08,2472.02,537798,3.14317e+29,4.24584e+24,8.26831e+13,265.946,1.1834e+20,0.03468,1.19208e-10,1.43489e-34,0,4.48336e+12,1.82554e+13,2.10944e+07,2.27388e+13,5.56866e+10,4.2955e+06
1.23129e+08,2314.6,521531,3.14544e+29,4.24584e+24,8.30117e+13,282.8,8.68536e+19,0.03468,9.87125e-11,7.29101e-35,0,4.01772e+12,1.65759e+13,1.86556e+07,2.05936e+13,4.35289e+10,3.50639e+06
1.23629e+08,2163.25,505341,3.14758e+29,4.24584e+24,8.33389e+13,301.198,6.3219e+19,0.03468,8.13245e-11,3.6382e-35,0,3.58945e+12,1.50111e+13,1.64449e+07,1.86005e+13,3.37891e+10,2.80099e+06
1.24129e+08,2017.85,489229,3.1496e+29,4.24584e+24,8.36646e+13,321.333,4.56128e+19,0.03468,6.6637e-11,1.78085e-35,0,3.19645e+12,1.35557e+13,1.44457e+07,1.67522e+13,2.60351e+10,2.17822e+06
1.24629e+08,1878.33,473193,3.1515e+29,4.24584e+24,8.39887e+13,343.425,3.26033e+19,0.03468,5.42878e-11,8.54039e-36,0,2.83665e+12,1.22048e+13,1.26428e+07,1.50415e+13,1.99031e+10,1.63697e+06
1.25129e+08,1744.6,457232,3.15327e+29,4.24584e+24,8.43111e+13,367.735,2.3073e+19,0.03468,4.39558e-11,4.00728e-36,0,2.50809e+12,1.09535e+13,1.10214e+07,1.34616e+13,1.50881e+10,1.1761e+06
1.25629e+08,1616.55,441344,3.15494e+29,4.24584e+24,8.46317e+13,394.565,1.61555e+19,0.03468,3.5357e-11,1.83695e-36,0,2.20886e+12,9.79688e+12,9.56751e+06,1.20058e+13,1.13358e+10,794362
1.26129e+08,1494.12,425529,3.15649e+29,4.24584e+24,8.49504e+13,424.273,1.11836e+19,0.03468,2.82407e-11,8.21309e-37,0,1.93714e+12,8.73041e+12,8.26808e+06,1.06676e+13,8.43528e+09,490364
1.26629e+08,1377.2,409784,3.15793e+29,4.24584e+24,8.52671e+13,457.28,7.64759e+18,0.03468,2.23869e-11,3.57506e-37,0,1.69115e+12,7.7495e+12,7.11067e+06,9.44066e+12,6.21252e+09,262382
1.27129e+08,1265.72,394109,3.15927e+29,4.24584e+24,8.55817e+13,494.089,5.16116e+18,0.03468,1.76027e-11,1.51198e-37,0,1.46921e+12,6.84977e+12,6.08353e+06,8.31898e+12,4.52498e+09,108010
1.27629e+08,1159.59,378502,3.1605e+29,4.24584e+24,8.58941e+13,535.303,3.43398e+18,0.03468,1.372e-11,6.19876e-38,0,1.26968e+12,6.02689e+12,5.17563e+06,7.29657e+12,3.25661e+09,32907.4
1.28129e+08,1058.72,362962,3.16164e+29,4.24584e+24,8.62041e+13,581.648,2.24993e+18,0.03468,1.05926e-11,2.45727e-38,0,1.09099e+12,5.27671e+12,4.37657e+06,6.3677e+12,2.31359e+09,11423.9
1.28629e+08,963.033,347486,3.16269e+29,4.24584e+24,8.65116e+13,634.006,1.44973e+18,0.03468,8.09407e-12,9.39158e-39,0,9.31651e+11,4.59514e+12,3.67655e+06,5.5268e+12,1.62067e+09,3541.38
1.29129e+08,872.441,332074,3.16365e+29,4.24584e+24,8.68164e+13,693.458,9.17295e+17,0.03468,6.11575e-12,3.4494e-39,0,7.90214e+11,3.97824e+12,3.0664e+06,4.76846e+12,1.118e+09,1284.1
1.29629e+08,786.864,316723,3.16453e+29,4.24584e+24,8.71184e+13,761.341,5.68972e+17,0.03468,4.56448e-12,1.21298e-39,0,6.653e+11,3.42215e+12,2.5375e+06,4.08745e+12,7.5841e+08,157.737
1.30129e+08,706.22,301431,3.16532e+29,4.24584e+24,8.74174e+13,839.32,3.45293e+17,0.03468,3.36098e-12,4.06642e-40,0,5.55587e+11,2.92313e+12,2.08181e+06,3.47872e+12,5.05083e+08,22.7667
1.30629e+08,630.428,286196,3.16603e+29,4.24584e+24,8.77132e+13,929.497,2.0456e+17,0.03468,2.43818e-12,1.29326e-40,0,4.59809e+11,2.47754e+12,1.69178e+06,2.93735e+12,3.29602e+08,3.21914
1.31129e+08,559.408,271016,3.16667e+29,4.24584e+24,8.80055e+13,1034.55,1.17993e+17,0.03468,1.73975e-12,3.87957e-41,0,3.76762e+11,2.08183e+12,1.36042e+06,2.45859e+12,2.10292e+08,0.448392
1.31629e+08,493.08,255889,3.16725e+29,4.24584e+24,8.8294e+13,1157.94,6.60632e+16,0.03468,1.21872e-12,1.09043e-41,0,3.05291e+11,1.73257e+12,1.08118e+06,2.03786e+12,1.30837e+08,0.0624672
1.32129e+08,431.363,240812,3.16775e+29,4.24584e+24,8.85787e+13,1304.19,3.57735e+16,0.03468,8.36246e-13,2.849e-42,0,2.443e+11,1.4264e+12,848019,1.6707e+12,7.91374e+07,0.00870853
1.32629e+08,374.178,225783,3.1682e+29,4.24584e+24,8.8859e+13,1479.33,1.86545e+16,0.03468,5.60552e-13,6.85421e-43,0,1.92745e+11,1.16008e+12,655317,1.35283e+12,4.63639e+07,0.000762529
1.33129e+08,321.446,210797,3.16858e+29,4.24584e+24,8.91346e+13,1691.52,9.31881e+15,0.03468,3.65881e-13,1.50122e-43,0,1.49634e+11,9.30448e+11,497905,1.08008e+12,2.6194e+07,0
1.33629e+08,273.085,195852,3.16892e+29,4.24584e+24,8.94053e+13,1952.04,4.43127e+15,0.03468,2.31625e-13,2.95189e-44,0,1.14029e+11,7.34424e+11,371023,8.48453e+11,1.41936e+07,0
1.34129e+08,229.016,180944,3.1692e+29,4.24584e+24,8.96704e+13,2276.82,1.99003e+15,0.03468,1.4152e-13,5.12193e-45,0,8.50411e+10,5.69025e+11,270313,6.54066e+11,7.32721e+06,0
1.34629e+08,189.157,166069,3.16944e+29,4.24584e+24,8.99296e+13,2689.01,8.35672e+14,0.03468,8.29376e-14,7.67363e-46,0,6.18333e+10,4.31351e+11,191798,4.93185e+11,3.57322e+06,0
1.35129e+08,153.424,151222,3.16963e+29,4.24584e+24,9.01822e+13,3223.28,3.23976e+14,0.03468,4.62519e-14,9.65327e-47,0,4.36187e+10,3.18587e+11,131871,3.62206e+11,1.62827e+06,0
1.35629e+08,121.731,136398,3.16979e+29,4.24584e+24,9.04274e+13,3933.5,1.14026e+14,0.03468,2.4289e-14,9.82931e-48,0,2.96611e+10,2.27998e+11,87281.6,2.57659e+11,683479,0
1.36129e+08,93.9899,121591,3.16992e+29,4.24584e+24,9.06645e+13,4907.18,3.56181e+13,0.03468,1.18429e-14,7.70963e-49,0,1.92747e+10,1.56928e+11,55117.6,1.76203e+11,259208,0
1.36629e+08,70.1061,106793,3.17001e+29,4.24584e+24,9.08924e+13,6294.5,9.56702e+12,0.03468,5.25649e-15,4.34672e-50,0,1.18244e+10,1.02806e+11,32798.5,1.1463e+11,86446.1,0
1.37129e+08,49.9791,91995,3.17008e+29,4.24584e+24,9.11098e+13,8371.49,2.1101e+12,0.03468,2.06358e-15,1.59271e-51,0,6.72716e+09,6.31354e+10,18061.2,6.98626e+10,24371.2,0
1.37629e+08,33.4982,77187.1,3.17013e+29,4.24584e+24,9.13152e+13,11693.2,3.55993e+11,0.03468,6.85449e-16,3.24787e-53,0,3.45319e+09,3.55047e+10,8950.94,3.89579e+10,5465.44,0
1.38129e+08,20.5377,62354.8,3.17016e+29,4.24584e+24,9.15064e+13,17521.4,4.08447e+10,0.03468,1.78982e-16,2.85039e-55,0,1.52794e+09,1.7585e+10,3812.15,1.9113e+10,881.331,0
1.38629e+08,10.9486,47479.2,3.17018e+29,4.24584e+24,9.16804e+13,29282.9,2.56591e+09,0.03468,3.20737e-17,6.70222e-58,0,5.35529e+08,7.1381e+09,1281.46,7.67363e+09,84.8055,0
1.39129e+08,4.53992,32532.6,3.17019e+29,4.24584e+24,9.18329e+13,59380.2,5.50082e+07,0.03468,2.93157e-18,1.5019e-61,0,1.2348e+08,2.02809e+09,282.467,2.15157e+09,3.23737,0
1.39629e+08,1.42157,17380.6,3.1702e+29,4.24584e+24,9.19378e+13,236339,109145,0.03468,7.47838e-20,1.79686e-67,0,1.78293e+07,3.39278e+08,23.0119,3.57107e+08,0.0260457,0
1.39818e+08,0.558891,11694.9,3.1702e+29,4.24584e+24,9.19433e+13,492003,1934.91,0.03468,6.02682e-21,0,0,3.76181e+06,8.97519e+07,4.7171,9.35138e+07,0.000827462,0
1.39992e+08,0.177841,6382.63,3.1702e+29,4.24584e+24,9.19433e+13,1.83802e+06,4.68859,0.03468,1.7014e-22,0,0,557919,1.55866e+07,0.418493,1.61445e+07,7.45165e-06,0
1.4009e+08,0.0563958,3366.22,3.1702e+29,4.24584e+24,9.19433e+13,7.72145e+06,0.00833564,0.03468,4.1744e-24,0,0,82274.2,2.60682e+06,0.0323789,2.68909e+06,5.80587e-08,0
