X = 0.734
Y = 0.25
Z = 0.016
mu = 0.601142
Radius,Density,Temp,Mass,Lum,OptD,Kff,KH,Kes,PP,CNO,3a,Deg,Gas,Rad,TotPres, dLdr, dPdT
0,0,0,0,0,0,-nan,0,0.03468,0,0,0,0,0,0,0,0,0
100,250150,6.0256e+06,1.04783e+06,199.189,357904,1.43076,3.3123e+30,0.03468,0.000190098,1.10826e-11,7.86469e-63,9.85188e+15,2.06977e+16,3.32422e+11,3.05499e+16,5.97567e+06,3.43503e+09
50258.5,250150,6.02559e+06,1.3302e+20,2.52868e+16,1.79523e+10,1.43076,3.31229e+30,0.03468,0.000190097,1.10825e-11,7.86458e-63,9.85187e+15,2.06976e+16,3.32422e+11,3.05498e+16,1.5094e+12,3.43502e+09
100431,250149,6.02559e+06,1.06144e+21,2.01776e+17,3.59093e+10,1.43076,3.31227e+30,0.03468,0.000190096,1.10823e-11,7.86426e-63,9.85184e+15,2.06976e+16,3.32421e+11,3.05498e+16,6.02727e+12,3.43502e+09
151090,250149,6.02558e+06,3.61407e+21,6.8702e+17,5.40404e+10,1.43077,3.31222e+30,0.03468,0.000190095,1.1082e-11,7.86371e-63,9.8518e+15,2.06975e+16,3.32419e+11,3.05496e+16,1.36411e+13,3.43501e+09
201693,250148,6.02557e+06,8.5973e+21,1.6343e+18,7.21515e+10,1.43077,3.31215e+30,0.03468,0.000190092,1.10815e-11,7.86293e-63,9.85173e+15,2.06974e+16,3.32416e+11,3.05494e+16,2.43083e+13,3.43499e+09
252364,250146,6.02555e+06,1.6841e+22,3.20136e+18,9.02868e+10,1.43078,3.31206e+30,0.03468,0.000190089,1.10808e-11,7.86194e-63,9.85164e+15,2.06972e+16,3.32413e+11,3.05492e+16,3.80555e+13,3.43497e+09
303431,250145,6.02553e+06,2.92728e+22,5.56447e+18,1.08564e+11,1.43079,3.31196e+30,0.03468,0.000190085,1.108e-11,7.86071e-63,9.85153e+15,2.0697e+16,3.32408e+11,3.05489e+16,5.50136e+13,3.43494e+09
354090,250143,6.02551e+06,4.65183e+22,8.84256e+18,1.26695e+11,1.4308,3.31183e+30,0.03468,0.000190081,1.10791e-11,7.85927e-63,9.85141e+15,2.06968e+16,3.32403e+11,3.05485e+16,7.49144e+13,3.43491e+09
405057,250141,6.02548e+06,6.96351e+22,1.32366e+19,1.44936e+11,1.43081,3.31168e+30,0.03468,0.000190076,1.1078e-11,7.8576e-63,9.85126e+15,2.06965e+16,3.32397e+11,3.05481e+16,9.80289e+13,3.43487e+09
456488,250138,6.02545e+06,9.96702e+22,1.89454e+19,1.63344e+11,1.43083,3.31151e+30,0.03468,0.00019007,1.10768e-11,7.85569e-63,9.8511e+15,2.06962e+16,3.32391e+11,3.05476e+16,1.24498e+14,3.43483e+09
506820,250135,6.02542e+06,1.36407e+23,2.59278e+19,1.81358e+11,1.43085,3.31133e+30,0.03468,0.000190064,1.10754e-11,7.8536e-63,9.85091e+15,2.06958e+16,3.32383e+11,3.05471e+16,1.53459e+14,3.43478e+09
557124,250132,6.02538e+06,1.81187e+23,3.44388e+19,1.99362e+11,1.43086,3.31113e+30,0.03468,0.000190057,1.1074e-11,7.85129e-63,9.85071e+15,2.06954e+16,3.32375e+11,3.05465e+16,1.85425e+14,3.43473e+09
609379,250129,6.02534e+06,2.37099e+23,4.5065e+19,2.18064e+11,1.43089,3.3109e+30,0.03468,0.000190049,1.10723e-11,7.84866e-63,9.85048e+15,2.0695e+16,3.32366e+11,3.05458e+16,2.21827e+14,3.43467e+09
659929,250125,6.0253e+06,3.0113e+23,5.72338e+19,2.36156e+11,1.43091,3.31065e+30,0.03468,0.000190041,1.10705e-11,7.84589e-63,9.85024e+15,2.06946e+16,3.32356e+11,3.05451e+16,2.6014e+14,3.43455e+09
724500,250120,6.02523e+06,3.9845e+23,7.57279e+19,2.59267e+11,1.43094,3.31031e+30,0.03468,0.000190029,1.1068e-11,7.84203e-63,9.8499e+15,2.06939e+16,3.32342e+11,3.05442e+16,3.13513e+14,3.43445e+09
776717,250115,6.02518e+06,4.90955e+23,9.33061e+19,2.77955e+11,1.43097,3.31002e+30,0.03468,0.000190019,1.10658e-11,7.83865e-63,9.84961e+15,2.06934e+16,3.3233e+11,3.05433e+16,3.60307e+14,3.4343e+09
855007,250108,6.02509e+06,6.5487e+23,1.24452e+20,3.05976e+11,1.43101,3.30953e+30,0.03468,0.000190002,1.10623e-11,7.83315e-63,9.84913e+15,2.06924e+16,3.32311e+11,3.05419e+16,4.36551e+14,3.43405e+09
965356,250096,6.02495e+06,9.42533e+23,1.79104e+20,3.45471e+11,1.43108,3.30877e+30,0.03468,0.000189976,1.10567e-11,7.8245e-63,9.84837e+15,2.0691e+16,3.3228e+11,3.05397e+16,5.56405e+14,3.43368e+09
1.11414e+06,250079,6.02474e+06,1.44889e+24,2.7529e+20,3.98723e+11,1.43118,3.3076e+30,0.03468,0.000189935,1.10481e-11,7.8112e-63,9.8472e+15,2.06888e+16,3.32233e+11,3.05363e+16,7.40923e+14,3.43312e+09
1.30861e+06,250051,6.02441e+06,2.34757e+24,4.45952e+20,4.68325e+11,1.43135,3.30581e+30,0.03468,0.000189874,1.10351e-11,7.79099e-63,9.84541e+15,2.06854e+16,3.32162e+11,3.05312e+16,1.0217e+15,3.43227e+09
1.55742e+06,250010,6.02392e+06,3.95692e+24,7.51449e+20,5.57375e+11,1.43159,3.30311e+30,0.03468,0.00018978,1.10153e-11,7.76049e-63,9.84271e+15,2.06803e+16,3.32053e+11,3.05234e+16,1.4462e+15,3.431e+09
1.87117e+06,249948,6.02318e+06,6.86151e+24,1.30247e+21,6.69673e+11,1.43196,3.29904e+30,0.03468,0.00018964,1.09857e-11,7.71471e-63,9.83864e+15,2.06727e+16,3.3189e+11,3.05116e+16,2.08553e+15,3.42908e+09
2.26303e+06,249855,6.02206e+06,1.21353e+25,2.30203e+21,8.09926e+11,1.43251,3.29292e+30,0.03468,0.000189428,1.09411e-11,7.64628e-63,9.83251e+15,2.06611e+16,3.31643e+11,3.04939e+16,3.04594e+15,3.42645e+09
2.7493e+06,249714,6.02038e+06,2.17523e+25,4.12219e+21,9.83978e+11,1.43335,3.28374e+30,0.03468,0.00018911,1.08744e-11,7.54447e-63,9.82329e+15,2.06437e+16,3.31273e+11,3.04673e+16,4.48553e+15,3.42334e+09
3.2493e+06,249541,6.01832e+06,3.58945e+25,6.79381e+21,1.16295e+12,1.43438,3.27247e+30,0.03468,0.00018872,1.07928e-11,7.42104e-63,9.81196e+15,2.06223e+16,3.30819e+11,3.04346e+16,6.24815e+15,3.41976e+09
3.7493e+06,249340,6.01591e+06,5.51187e+25,1.04174e+22,1.34192e+12,1.43558,3.25938e+30,0.03468,0.000188266,1.06985e-11,7.27961e-63,9.79877e+15,2.05974e+16,3.30289e+11,3.03965e+16,8.29229e+15,3.41571e+09
4.2493e+06,249110,6.01315e+06,8.01975e+25,1.51323e+22,1.5209e+12,1.43695,3.24448e+30,0.03468,0.000187748,1.05917e-11,7.12128e-63,9.78372e+15,2.0569e+16,3.29685e+11,3.03531e+16,1.06124e+16,3.41119e+09
4.7493e+06,248852,6.01005e+06,1.11899e+26,2.10749e+22,1.69989e+12,1.4385,3.2278e+30,0.03468,0.000187168,1.04728e-11,6.94728e-63,9.76683e+15,2.05372e+16,3.29006e+11,3.03043e+16,1.32021e+16,3.4062e+09
5.2493e+06,248566,6.00662e+06,1.50988e+26,2.83785e+22,1.87888e+12,1.44022,3.20937e+30,0.03468,0.000186525,1.03423e-11,6.75894e-63,9.74811e+15,2.05018e+16,3.28254e+11,3.02502e+16,1.60543e+16,3.40074e+09
5.7493e+06,248251,6.00284e+06,1.98223e+26,3.71722e+22,2.05789e+12,1.44212,3.18922e+30,0.03468,0.00018582,1.02006e-11,6.55768e-63,9.72757e+15,2.0463e+16,3.27428e+11,3.01909e+16,1.91613e+16,3.39482e+09
6.2493e+06,247909,5.99872e+06,2.54358e+26,4.75815e+22,2.2369e+12,1.4442,3.16738e+30,0.03468,0.000185055,1.00483e-11,6.34497e-63,9.70522e+15,2.04207e+16,3.2653e+11,3.01263e+16,2.25147e+16,3.38844e+09
6.7493e+06,247539,5.99426e+06,3.20138e+26,5.97273e+22,2.41593e+12,1.44645,3.1439e+30,0.03468,0.00018423,9.88586e-12,6.12232e-63,9.68107e+15,2.03751e+16,3.2556e+11,3.00564e+16,2.61054e+16,3.3816e+09
7.2493e+06,247140,5.98946e+06,3.96306e+26,7.37259e+22,2.59497e+12,1.44888,3.1188e+30,0.03468,0.000183345,9.71387e-12,5.8913e-63,9.65513e+15,2.0326e+16,3.24519e+11,2.99814e+16,2.99237e+16,3.3743e+09
7.7493e+06,246715,5.98432e+06,4.83595e+26,8.96886e+22,2.77402e+12,1.45148,3.09214e+30,0.03468,0.000182402,9.53294e-12,5.65346e-63,9.62743e+15,2.02736e+16,3.23406e+11,2.99013e+16,3.39594e+16,3.36655e+09
8.2493e+06,246262,5.97884e+06,5.8273e+26,1.07721e+23,2.95308e+12,1.45427,3.06395e+30,0.03468,0.000181402,9.34367e-12,5.41036e-63,9.59797e+15,2.02178e+16,3.22224e+11,2.98161e+16,3.82016e+16,3.35835e+09
8.7493e+06,245781,5.97303e+06,6.9443e+26,1.27925e+23,3.13216e+12,1.45723,3.03429e+30,0.03468,0.000180345,9.14671e-12,5.16353e-63,9.56678e+15,2.01588e+16,3.20974e+11,2.97259e+16,4.26392e+16,3.3497e+09
9.2493e+06,245273,5.96688e+06,8.19403e+26,1.50393e+23,3.31126e+12,1.46038,3.0032e+30,0.03468,0.000179233,8.9427e-12,4.91447e-63,9.53387e+15,2.00964e+16,3.19654e+11,2.96306e+16,4.72602e+16,3.34062e+09
9.7493e+06,244739,5.9604e+06,9.5835e+26,1.75216e+23,3.49037e+12,1.4637,2.97073e+30,0.03468,0.000178066,8.73232e-12,4.66462e-63,9.49925e+15,2.00308e+16,3.18268e+11,2.95304e+16,5.20524e+16,3.33109e+09
1.02493e+07,244177,5.95359e+06,1.11196e+27,2.02475e+23,3.6695e+12,1.46721,2.93693e+30,0.03468,0.000176847,8.51623e-12,4.41535e-63,9.46296e+15,1.9962e+16,3.16815e+11,2.94253e+16,5.70034e+16,3.32112e+09
1.07493e+07,243589,5.94645e+06,1.28092e+27,2.32248e+23,3.84865e+12,1.47091,2.90186e+30,0.03468,0.000175575,8.29511e-12,4.16797e-63,9.42501e+15,1.98901e+16,3.15297e+11,2.93154e+16,6.21001e+16,3.31073e+09
1.12493e+07,242975,5.93897e+06,1.46589e+27,2.64602e+23,4.02782e+12,1.47479,2.86557e+30,0.03468,0.000174254,8.06964e-12,3.92369e-63,9.38543e+15,1.9815e+16,3.13715e+11,2.92007e+16,6.73294e+16,3.29991e+09
1.17493e+07,242334,5.93117e+06,1.66754e+27,2.99602e+23,4.20701e+12,1.47886,2.82812e+30,0.03468,0.000172883,7.8405e-12,3.68363e-63,9.34422e+15,1.97367e+16,3.12069e+11,2.90813e+16,7.26776e+16,3.28866e+09
1.22493e+07,241668,5.92304e+06,1.88651e+27,3.37302e+23,4.38622e+12,1.48311,2.78958e+30,0.03468,0.000171464,7.60837e-12,3.4488e-63,9.30143e+15,1.96555e+16,3.10361e+11,2.89572e+16,7.8131e+16,3.277e+09
1.27493e+07,240976,5.91458e+06,2.12344e+27,3.77754e+23,4.56546e+12,1.48756,2.74999e+30,0.03468,0.000169998,7.37389e-12,3.22013e-63,9.25706e+15,1.95712e+16,3.08592e+11,2.88286e+16,8.36758e+16,3.26492e+09
1.32493e+07,240258,5.9058e+06,2.37895e+27,4.20998e+23,4.74471e+12,1.49219,2.70941e+30,0.03468,0.000168487,7.13773e-12,2.9984e-63,9.21115e+15,1.94839e+16,3.06764e+11,2.86954e+16,8.92978e+16,3.25244e+09
1.37493e+07,239515,5.89669e+06,2.65366e+27,4.6707e+23,4.92399e+12,1.49702,2.66792e+30,0.03468,0.000166933,6.90052e-12,2.78431e-63,9.16373e+15,1.93937e+16,3.04877e+11,2.85578e+16,9.4983e+16,3.23955e+09
1.42493e+07,238747,5.88727e+06,2.94816e+27,5.15997e+23,5.1033e+12,1.50205,2.62556e+30,0.03468,0.000165336,6.66287e-12,2.57846e-63,9.11481e+15,1.93006e+16,3.02932e+11,2.84158e+16,1.00717e+17,3.22627e+09
1.47493e+07,237954,5.87752e+06,3.26304e+27,5.67802e+23,5.28263e+12,1.50727,2.58241e+30,0.03468,0.000163699,6.4254e-12,2.38131e-63,9.06443e+15,1.92047e+16,3.00931e+11,2.82694e+16,1.06486e+17,3.21259e+09
1.52493e+07,237137,5.86746e+06,3.59888e+27,6.22497e+23,5.46199e+12,1.51269,2.53852e+30,0.03468,0.000162023,6.18868e-12,2.19324e-63,9.01261e+15,1.9106e+16,2.98876e+11,2.81189e+16,1.12275e+17,3.19852e+09
1.57493e+07,236296,5.85708e+06,3.95622e+27,6.80089e+23,5.64138e+12,1.51831,2.49396e+30,0.03468,0.000160309,5.95326e-12,2.01452e-63,8.95938e+15,1.90045e+16,2.96767e+11,2.79642e+16,1.18072e+17,3.18407e+09
1.62493e+07,235430,5.84639e+06,4.33562e+27,7.40579e+23,5.82079e+12,1.52413,2.44879e+30,0.03468,0.000158559,5.71967e-12,1.84532e-63,8.90477e+15,1.89004e+16,2.94606e+11,2.78055e+16,1.2386e+17,3.16925e+09
1.67493e+07,234542,5.83539e+06,4.7376e+27,8.03959e+23,6.00024e+12,1.53016,2.40307e+30,0.03468,0.000156774,5.48842e-12,1.68572e-63,8.84881e+15,1.87936e+16,2.92394e+11,2.76427e+16,1.29628e+17,3.15406e+09
1.72493e+07,233629,5.82407e+06,5.16268e+27,8.70215e+23,6.17971e+12,1.53639,2.35687e+30,0.03468,0.000154957,5.25996e-12,1.53574e-63,8.79152e+15,1.86842e+16,2.90133e+11,2.7476e+16,1.3536e+17,3.1385e+09
1.77493e+07,232694,5.81245e+06,5.61135e+27,9.39327e+23,6.35922e+12,1.54283,2.31024e+30,0.03468,0.000153108,5.03476e-12,1.3953e-63,8.73295e+15,1.85723e+16,2.87825e+11,2.73055e+16,1.41045e+17,3.12258e+09
1.82493e+07,231736,5.80053e+06,6.0841e+27,1.01127e+24,6.53875e+12,1.54948,2.26325e+30,0.03468,0.000151231,4.81321e-12,1.26425e-63,8.67313e+15,1.84579e+16,2.85469e+11,2.71313e+16,1.46668e+17,3.10631e+09
1.87493e+07,230756,5.78829e+06,6.58139e+27,1.086e+24,6.71832e+12,1.55635,2.21596e+30,0.03468,0.000149325,4.5957e-12,1.14239e-63,8.61207e+15,1.83411e+16,2.83069e+11,2.69534e+16,1.52218e+17,3.0897e+09
1.92493e+07,229754,5.77576e+06,7.10368e+27,1.16349e+24,6.89793e+12,1.56343,2.16843e+30,0.03468,0.000147393,4.38258e-12,1.02948e-63,8.54982e+15,1.82219e+16,2.80626e+11,2.6772e+16,1.57681e+17,3.07274e+09
1.97493e+07,228730,5.76293e+06,7.6514e+27,1.24368e+24,7.07757e+12,1.57073,2.12072e+30,0.03468,0.000145436,4.17415e-12,9.25206e-64,8.48641e+15,1.81004e+16,2.7814e+11,2.65871e+16,1.63046e+17,3.05545e+09
2.02493e+07,227685,5.7498e+06,8.22497e+27,1.32654e+24,7.25724e+12,1.57824,2.07288e+30,0.03468,0.000143457,3.97071e-12,8.29238e-64,8.42187e+15,1.79766e+16,2.75614e+11,2.63987e+16,1.68301e+17,3.03784e+09
2.07493e+07,226618,5.73638e+06,8.82479e+27,1.41199e+24,7.43695e+12,1.58599,2.02497e+30,0.03468,0.000141457,3.77251e-12,7.41208e-64,8.35623e+15,1.78506e+16,2.7305e+11,2.62071e+16,1.73434e+17,3.01991e+09
2.12493e+07,225531,5.72267e+06,9.45124e+27,1.49997e+24,7.6167e+12,1.59396,1.97705e+30,0.03468,0.000139436,3.57977e-12,6.60727e-64,8.28953e+15,1.77225e+16,2.70448e+11,2.60123e+16,1.78436e+17,3.00166e+09
2.17493e+07,224424,5.70866e+06,1.01047e+28,1.59042e+24,7.79648e+12,1.60216,1.92918e+30,0.03468,0.000137399,3.39267e-12,5.87388e-64,8.22181e+15,1.75924e+16,2.6781e+11,2.58144e+16,1.83296e+17,2.98311e+09
2.22493e+07,223297,5.69437e+06,1.07855e+28,1.68327e+24,7.9763e+12,1.61059,1.8814e+30,0.03468,0.000135344,3.21137e-12,5.20776e-64,8.15309e+15,1.74602e+16,2.65138e+11,2.56135e+16,1.88003e+17,2.96426e+09
2.27493e+07,222150,5.67979e+06,1.1494e+28,1.77843e+24,8.15616e+12,1.61925,1.83377e+30,0.03468,0.000133276,3.036e-12,4.60468e-64,8.08342e+15,1.7326e+16,2.62434e+11,2.54097e+16,1.9255e+17,2.94512e+09
2.32493e+07,220984,5.66493e+06,1.22305e+28,1.87582e+24,8.33607e+12,1.62816,1.78634e+30,0.03468,0.000131194,2.86666e-12,4.06042e-64,8.01282e+15,1.719e+16,2.59698e+11,2.52031e+16,1.96927e+17,2.92569e+09
2.37493e+07,219799,5.64979e+06,1.29952e+28,1.97536e+24,8.51601e+12,1.6373,1.73915e+30,0.03468,0.000129102,2.70343e-12,3.57081e-64,7.94133e+15,1.70521e+16,2.56933e+11,2.49937e+16,2.01126e+17,2.90599e+09
2.42493e+07,218595,5.63438e+06,1.37886e+28,2.07695e+24,8.69599e+12,1.64669,1.69225e+30,0.03468,0.000126999,2.54634e-12,3.13175e-64,7.86899e+15,1.69125e+16,2.54141e+11,2.47817e+16,2.05139e+17,2.88601e+09
2.47493e+07,217373,5.61869e+06,1.46107e+28,2.1805e+24,8.87602e+12,1.65633,1.64569e+30,0.03468,0.000124888,2.39543e-12,2.73926e-64,7.79583e+15,1.67711e+16,2.51322e+11,2.45672e+16,2.08961e+17,2.86577e+09
2.52493e+07,216134,5.60273e+06,1.54619e+28,2.28591e+24,9.05608e+12,1.66623,1.59951e+30,0.03468,0.000122771,2.25068e-12,2.38949e-64,7.72189e+15,1.66281e+16,2.48478e+11,2.43503e+16,2.12583e+17,2.84528e+09
2.57493e+07,214877,5.5865e+06,1.63425e+28,2.39308e+24,9.2362e+12,1.67637,1.55375e+30,0.03468,0.000120649,2.11207e-12,2.07875e-64,7.6472e+15,1.64835e+16,2.45611e+11,2.4131e+16,2.16001e+17,2.82454e+09
2.62493e+07,213604,5.57e+06,1.72525e+28,2.50191e+24,9.41635e+12,1.68678,1.50845e+30,0.03468,0.000118524,1.97956e-12,1.80355e-64,7.5718e+15,1.63375e+16,2.42723e+11,2.39095e+16,2.1921e+17,2.80355e+09
2.67493e+07,212313,5.55324e+06,1.81922e+28,2.61229e+24,9.59655e+12,1.69745,1.46365e+30,0.03468,0.000116396,1.85308e-12,1.56057e-64,7.49573e+15,1.61899e+16,2.39815e+11,2.36859e+16,2.22204e+17,2.78234e+09
2.72493e+07,211007,5.53622e+06,1.91617e+28,2.72412e+24,9.7768e+12,1.70839,1.41938e+30,0.03468,0.000114268,1.73254e-12,1.34668e-64,7.41902e+15,1.6041e+16,2.36888e+11,2.34602e+16,2.2498e+17,2.7609e+09
2.77493e+07,209685,5.51894e+06,2.01613e+28,2.83728e+24,9.95709e+12,1.7196,1.37568e+30,0.03468,0.000112142,1.61786e-12,1.15898e-64,7.34171e+15,1.58907e+16,2.33945e+11,2.32327e+16,2.27535e+17,2.73924e+09
2.82493e+07,208347,5.50141e+06,2.1191e+28,2.95166e+24,1.01374e+13,1.73108,1.33257e+30,0.03468,0.000110017,1.50891e-12,9.9476e-65,7.26382e+15,1.57392e+16,2.30987e+11,2.30033e+16,2.29866e+17,2.71737e+09
2.87493e+07,206995,5.48363e+06,2.22509e+28,3.06715e+24,1.03178e+13,1.74285,1.29009e+30,0.03468,0.000107897,1.40557e-12,8.51512e-65,7.18541e+15,1.55865e+16,2.28014e+11,2.27721e+16,2.3197e+17,2.69529e+09
2.92493e+07,205628,5.4656e+06,2.33411e+28,3.18363e+24,1.04982e+13,1.7549,1.24827e+30,0.03468,0.000105781,1.3077e-12,7.26933e-65,7.1065e+15,1.54326e+16,2.2503e+11,2.25394e+16,2.33847e+17,2.67302e+09
2.97493e+07,204247,5.44732e+06,2.44618e+28,3.301e+24,1.06787e+13,1.76724,1.20712e+30,0.03468,0.000103672,1.21516e-12,6.18914e-65,7.02713e+15,1.52777e+16,2.22035e+11,2.23051e+16,2.35495e+17,2.65056e+09
3.02493e+07,202852,5.4288e+06,2.56129e+28,3.41914e+24,1.08593e+13,1.77987,1.16668e+30,0.03468,0.000101571,1.12777e-12,5.25531e-65,6.94733e+15,1.51218e+16,2.1903e+11,2.20694e+16,2.36914e+17,2.62793e+09
3.07493e+07,201444,5.41004e+06,2.67945e+28,3.53793e+24,1.10398e+13,1.79281,1.12696e+30,0.03468,9.9479e-05,1.04539e-12,4.45041e-65,6.86714e+15,1.4965e+16,2.16019e+11,2.18323e+16,2.38104e+17,2.60511e+09
3.12493e+07,200023,5.39104e+06,2.80067e+28,3.65725e+24,1.12205e+13,1.80604,1.08799e+30,0.03468,9.73972e-05,9.67845e-13,3.75868e-65,6.7866e+15,1.48072e+16,2.13e+11,2.1594e+16,2.39066e+17,2.58214e+09
3.17493e+07,198590,5.37181e+06,2.92493e+28,3.777e+24,1.14012e+13,1.81959,1.04977e+30,0.03468,9.53269e-05,8.94952e-13,3.16596e-65,6.70574e+15,1.46487e+16,2.09978e+11,2.13546e+16,2.39801e+17,2.55901e+09
3.22493e+07,197144,5.35235e+06,3.05225e+28,3.89707e+24,1.15819e+13,1.83345,1.01233e+30,0.03468,9.32692e-05,8.26537e-13,2.65957e-65,6.62458e+15,1.44894e+16,2.06951e+11,2.11142e+16,2.40311e+17,2.53572e+09
3.27493e+07,195687,5.33266e+06,3.18261e+28,4.01733e+24,1.17627e+13,1.84763,9.75684e+29,0.03468,9.12253e-05,7.62418e-13,2.22819e-65,6.54318e+15,1.43294e+16,2.03923e+11,2.08728e+16,2.40598e+17,2.5123e+09
3.32493e+07,194219,5.31275e+06,3.31601e+28,4.13768e+24,1.19435e+13,1.86213,9.39838e+29,0.03468,8.91961e-05,7.02415e-13,1.86178e-65,6.46156e+15,1.41688e+16,2.00895e+11,2.06305e+16,2.40665e+17,2.48874e+09
3.37493e+07,192740,5.29262e+06,3.45245e+28,4.25801e+24,1.21244e+13,1.87697,9.04803e+29,0.03468,8.71828e-05,6.46343e-13,1.55147e-65,6.37975e+15,1.40076e+16,1.97867e+11,2.03875e+16,2.40515e+17,2.46505e+09
3.42493e+07,191250,5.27227e+06,3.59192e+28,4.37822e+24,1.23054e+13,1.89214,8.70588e+29,0.03468,8.51863e-05,5.94022e-13,1.28942e-65,6.29779e+15,1.38459e+16,1.94842e+11,2.01439e+16,2.40151e+17,2.44125e+09
3.47493e+07,189751,5.25171e+06,3.73439e+28,4.49818e+24,1.24864e+13,1.90766,8.37201e+29,0.03468,8.32075e-05,5.4527e-13,1.06877e-65,6.21571e+15,1.36837e+16,1.9182e+11,1.98996e+16,2.39579e+17,2.41733e+09
3.52493e+07,188242,5.23094e+06,3.87987e+28,4.61782e+24,1.26674e+13,1.92353,8.04645e+29,0.03468,8.12475e-05,4.99908e-13,8.83516e-66,6.13354e+15,1.35212e+16,1.88803e+11,1.96549e+16,2.38801e+17,2.39331e+09
3.57493e+07,186723,5.20996e+06,4.02834e+28,4.73701e+24,1.28485e+13,1.93975,7.72925e+29,0.03468,7.9307e-05,4.57762e-13,7.28421e-66,6.05132e+15,1.33584e+16,1.85792e+11,1.94099e+16,2.37824e+17,2.36919e+09
3.62493e+07,185197,5.18877e+06,4.17978e+28,4.85566e+24,1.30297e+13,1.95633,7.42042e+29,0.03468,7.73869e-05,4.18658e-13,5.9895e-66,5.96907e+15,1.31953e+16,1.82788e+11,1.91645e+16,2.36652e+17,2.34498e+09
3.67493e+07,183661,5.16739e+06,4.33418e+28,4.97369e+24,1.32109e+13,1.97329,7.11996e+29,0.03468,7.5488e-05,3.82429e-13,4.91178e-66,5.88683e+15,1.3032e+16,1.79793e+11,1.8919e+16,2.3529e+17,2.32069e+09
3.72493e+07,182118,5.1458e+06,4.49151e+28,5.09098e+24,1.33922e+13,1.99062,6.82787e+29,0.03468,7.3611e-05,3.48909e-13,4.01724e-66,5.80463e+15,1.28685e+16,1.76808e+11,1.86733e+16,2.33745e+17,2.29632e+09
3.77493e+07,180568,5.12403e+06,4.65175e+28,5.20746e+24,1.35735e+13,2.00833,6.54413e+29,0.03468,7.17566e-05,3.1794e-13,3.27686e-66,5.7225e+15,1.27049e+16,1.73834e+11,1.84276e+16,2.32022e+17,2.27189e+09
3.82493e+07,179010,5.10206e+06,4.81489e+28,5.32304e+24,1.37549e+13,2.02643,6.26869e+29,0.03468,6.99254e-05,2.89368e-13,2.66582e-66,5.64047e+15,1.25413e+16,1.70872e+11,1.8182e+16,2.30128e+17,2.24739e+09
3.87493e+07,177446,5.0799e+06,4.98089e+28,5.43762e+24,1.39363e+13,2.04493,6.00151e+29,0.03468,6.81182e-05,2.63043e-13,2.16294e-66,5.55856e+15,1.23778e+16,1.67923e+11,1.79365e+16,2.2807e+17,2.22285e+09
3.92493e+07,175876,5.05756e+06,5.14974e+28,5.55114e+24,1.41178e+13,2.06384,5.74253e+29,0.03468,6.63355e-05,2.38822e-13,1.75026e-66,5.47681e+15,1.22143e+16,1.64989e+11,1.76912e+16,2.25853e+17,2.19825e+09
3.97493e+07,174299,5.03504e+06,5.3214e+28,5.66351e+24,1.42994e+13,2.08316,5.49167e+29,0.03468,6.45778e-05,2.16568e-13,1.41254e-66,5.39525e+15,1.20509e+16,1.6207e+11,1.74463e+16,2.23485e+17,2.17362e+09
4.02493e+07,172718,5.01234e+06,5.49584e+28,5.77466e+24,1.4481e+13,2.1029,5.24886e+29,0.03468,6.28457e-05,1.96149e-13,1.13696e-66,5.3139e+15,1.18877e+16,1.59167e+11,1.72018e+16,2.20973e+17,2.14896e+09
4.07493e+07,171131,4.98947e+06,5.67305e+28,5.88452e+24,1.46627e+13,2.12308,5.014e+29,0.03468,6.11395e-05,1.7744e-13,9.12708e-67,5.23278e+15,1.17247e+16,1.56282e+11,1.69577e+16,2.18324e+17,2.12427e+09
4.12493e+07,169540,4.96643e+06,5.85297e+28,5.99302e+24,1.48444e+13,2.14369,4.78699e+29,0.03468,5.94598e-05,1.6032e-13,7.3074e-67,5.15193e+15,1.15621e+16,1.53415e+11,1.67142e+16,2.15545e+17,2.09956e+09
4.17493e+07,167944,4.94322e+06,6.03559e+28,6.1001e+24,1.50262e+13,2.16475,4.56772e+29,0.03468,5.78069e-05,1.44677e-13,5.83497e-67,5.07138e+15,1.13997e+16,1.50567e+11,1.64713e+16,2.12644e+17,2.07484e+09
4.22493e+07,166345,4.91984e+06,6.22086e+28,6.20571e+24,1.52081e+13,2.18626,4.35609e+29,0.03468,5.61811e-05,1.30401e-13,4.64685e-67,4.99114e+15,1.12378e+16,1.47739e+11,1.62291e+16,2.09627e+17,2.05012e+09
4.27493e+07,164742,4.89631e+06,6.40876e+28,6.30977e+24,1.539e+13,2.20824,4.15196e+29,0.03468,5.45828e-05,1.17392e-13,3.69083e-67,4.91124e+15,1.10763e+16,1.44933e+11,1.59877e+16,2.06503e+17,2.02539e+09
4.32493e+07,163136,4.87262e+06,6.59924e+28,6.41225e+24,1.55719e+13,2.2307,3.9552e+29,0.03468,5.30122e-05,1.05552e-13,2.92371e-67,4.83171e+15,1.09152e+16,1.42148e+11,1.57471e+16,2.03279e+17,2.00068e+09
4.37493e+07,161527,4.84878e+06,6.79226e+28,6.5131e+24,1.5754e+13,2.25364,3.76567e+29,0.03468,5.14696e-05,9.4791e-14,2.30988e-67,4.75257e+15,1.07547e+16,1.39386e+11,1.55074e+16,1.99963e+17,1.97598e+09
4.42493e+07,159917,4.82478e+06,6.98779e+28,6.61226e+24,1.59361e+13,2.27708,3.58325e+29,0.03468,4.99552e-05,8.5024e-14,1.82008e-67,4.67384e+15,1.05948e+16,1.36647e+11,1.52687e+16,1.96561e+17,1.9513e+09
4.47493e+07,158304,4.80064e+06,7.18578e+28,6.70971e+24,1.61182e+13,2.30103,3.40777e+29,0.03468,4.84691e-05,7.6171e-14,1.43033e-67,4.59555e+15,1.04355e+16,1.33933e+11,1.50311e+16,1.9308e+17,1.92665e+09
4.52493e+07,156690,4.77636e+06,7.38619e+28,6.80539e+24,1.63004e+13,2.32549,3.23909e+29,0.03468,4.70115e-05,6.8157e-14,1.12106e-67,4.51771e+15,1.02768e+16,1.31244e+11,1.47946e+16,1.8953e+17,1.90203e+09
4.57493e+07,155074,4.75194e+06,7.58898e+28,6.89928e+24,1.64827e+13,2.35048,3.07705e+29,0.03468,4.55824e-05,6.09122e-14,8.76325e-68,4.44035e+15,1.01188e+16,1.2858e+11,1.45593e+16,1.85915e+17,1.87745e+09
4.62493e+07,153458,4.72738e+06,7.79411e+28,6.99135e+24,1.6665e+13,2.37601,2.9215e+29,0.03468,4.41821e-05,5.43716e-14,6.83201e-68,4.36349e+15,9.96162e+15,1.25942e+11,1.43252e+16,1.82245e+17,1.85291e+09
4.67493e+07,151841,4.70268e+06,8.00152e+28,7.08158e+24,1.68474e+13,2.40208,2.77228e+29,0.03468,4.28104e-05,4.84744e-14,5.31223e-68,4.28714e+15,9.80519e+15,1.23331e+11,1.40925e+16,1.78525e+17,1.82843e+09
4.72493e+07,150225,4.67786e+06,8.21117e+28,7.16993e+24,1.70298e+13,2.42872,2.62922e+29,0.03468,4.14674e-05,4.31644e-14,4.11956e-68,4.21133e+15,9.64959e+15,1.20748e+11,1.3861e+16,1.74762e+17,1.80401e+09
4.77493e+07,148608,4.65291e+06,8.42302e+28,7.25639e+24,1.72124e+13,2.45594,2.49217e+29,0.03468,4.01531e-05,3.83895e-14,3.18618e-68,4.13608e+15,9.49485e+15,1.18193e+11,1.36311e+16,1.70964e+17,1.77964e+09
4.82493e+07,146992,4.62784e+06,8.63701e+28,7.34094e+24,1.73949e+13,2.48374,2.36095e+29,0.03468,3.88674e-05,3.41014e-14,2.45773e-68,4.0614e+15,9.34101e+15,1.15666e+11,1.34025e+16,1.67137e+17,1.75535e+09
4.87493e+07,145378,4.60265e+06,8.85309e+28,7.42358e+24,1.75775e+13,2.51215,2.23539e+29,0.03468,3.76103e-05,3.02555e-14,1.89079e-68,3.98732e+15,9.18811e+15,1.13168e+11,1.31755e+16,1.63287e+17,1.73113e+09
4.92493e+07,143764,4.57735e+06,9.07122e+28,7.50428e+24,1.77602e+13,2.54116,2.11535e+29,0.03468,3.63817e-05,2.68108e-14,1.45077e-68,3.91383e+15,9.03618e+15,1.107e+11,1.29501e+16,1.5942e+17,1.70699e+09
4.97493e+07,142152,4.55193e+06,9.29133e+28,7.58305e+24,1.7943e+13,2.5708,2.00063e+29,0.03468,3.51813e-05,2.37295e-14,1.11019e-68,3.84098e+15,8.88526e+15,1.08261e+11,1.27263e+16,1.55543e+17,1.68293e+09
5.02493e+07,140543,4.5264e+06,9.51339e+28,7.65988e+24,1.81258e+13,2.60109,1.89109e+29,0.03468,3.40092e-05,2.09767e-14,8.47303e-69,3.76876e+15,8.73538e+15,1.05853e+11,1.25042e+16,1.51661e+17,1.65896e+09
5.07493e+07,138935,4.50077e+06,9.73734e+28,7.73477e+24,1.83087e+13,2.63203,1.78656e+29,0.03468,3.28651e-05,1.85208e-14,6.44948e-69,3.69719e+15,8.58656e+15,1.03475e+11,1.22839e+16,1.4778e+17,1.63509e+09
5.12493e+07,137330,4.47503e+06,9.96311e+28,7.80771e+24,1.84916e+13,2.66364,1.68687e+29,0.03468,3.17488e-05,1.63326e-14,4.89614e-69,3.62629e+15,8.43885e+15,1.01129e+11,1.20652e+16,1.43906e+17,1.61132e+09
5.17493e+07,135728,4.4492e+06,1.01907e+29,7.87872e+24,1.86746e+13,2.69593,1.59185e+29,0.03468,3.06602e-05,1.43854e-14,3.70702e-69,3.55607e+15,8.29227e+15,9.88138e+10,1.18484e+16,1.40044e+17,1.58765e+09
5.22493e+07,134130,4.42327e+06,1.04199e+29,7.94781e+24,1.88576e+13,2.72893,1.50135e+29,0.03468,2.95988e-05,1.26549e-14,2.79922e-69,3.48654e+15,8.14685e+15,9.65302e+10,1.16335e+16,1.36198e+17,1.56409e+09
5.27493e+07,132535,4.39725e+06,1.06509e+29,8.01498e+24,1.90407e+13,2.76264,1.41521e+29,0.03468,2.85647e-05,1.1119e-14,2.1081e-69,3.41771e+15,8.00261e+15,9.42786e+10,1.14204e+16,1.32374e+17,1.54064e+09
5.32493e+07,130944,4.37113e+06,1.08834e+29,8.08024e+24,1.92239e+13,2.79709,1.33327e+29,0.03468,2.75573e-05,9.75767e-15,1.58339e-69,3.34961e+15,7.85959e+15,9.2059e+10,1.12093e+16,1.28576e+17,1.51731e+09
5.37493e+07,129357,4.34493e+06,1.11175e+29,8.1436e+24,1.94071e+13,2.83229,1.25538e+29,0.03468,2.65766e-05,8.55256e-15,1.1861e-69,3.28223e+15,7.71781e+15,8.98717e+10,1.10001e+16,1.24809e+17,1.49411e+09
5.42493e+07,127775,4.31865e+06,1.13531e+29,8.2051e+24,1.95904e+13,2.86826,1.18137e+29,0.03468,2.5622e-05,7.48714e-15,8.86123e-70,3.21558e+15,7.57728e+15,8.77169e+10,1.0793e+16,1.21076e+17,1.47103e+09
5.47493e+07,126197,4.29229e+06,1.15901e+29,8.26473e+24,1.97737e+13,2.90501,1.11111e+29,0.03468,2.46935e-05,6.54644e-15,6.60245e-70,3.14968e+15,7.43805e+15,8.55947e+10,1.05878e+16,1.17381e+17,1.44808e+09
5.52493e+07,124625,4.26585e+06,1.18285e+29,8.32253e+24,1.99571e+13,2.94257,1.04445e+29,0.03468,2.37905e-05,5.71694e-15,4.90628e-70,3.08454e+15,7.30012e+15,8.35053e+10,1.03847e+16,1.13729e+17,1.42527e+09
5.57493e+07,123057,4.23934e+06,1.20682e+29,8.37851e+24,2.01405e+13,2.98096,9.81232e+28,0.03468,2.29128e-05,4.98645e-15,3.6361e-70,3.02016e+15,7.16352e+15,8.14488e+10,1.01838e+16,1.10122e+17,1.4026e+09
5.62493e+07,121496,4.21276e+06,1.23092e+29,8.4327e+24,2.0324e+13,3.02019,9.21328e+28,0.03468,2.206e-05,4.34397e-15,2.68754e-70,2.95656e+15,7.02827e+15,7.94252e+10,9.98491e+15,1.06564e+17,1.38007e+09
5.67493e+07,119940,4.18612e+06,1.25514e+29,8.48513e+24,2.05076e+13,3.06028,8.64597e+28,0.03468,2.12317e-05,3.77963e-15,1.9811e-70,2.89373e+15,6.89439e+15,7.74347e+10,9.7882e+15,1.03058e+17,1.35769e+09
5.72493e+07,118390,4.15941e+06,1.27947e+29,8.53581e+24,2.06912e+13,3.10126,8.10904e+28,0.03468,2.04276e-05,3.28458e-15,1.45643e-70,2.83169e+15,6.76189e+15,7.54771e+10,9.59365e+15,9.96056e+16,1.33545e+09
5.77493e+07,116847,4.13263e+06,1.30391e+29,8.58478e+24,2.08749e+13,3.14314,7.60119e+28,0.03468,1.96473e-05,2.85086e-15,1.06783e-70,2.77044e+15,6.63079e+15,7.35526e+10,9.40131e+15,9.62107e+16,1.31337e+09
5.82493e+07,115311,4.10581e+06,1.32845e+29,8.63207e+24,2.10586e+13,3.18596,7.12115e+28,0.03468,1.88903e-05,2.47137e-15,0,2.70998e+15,6.50112e+15,7.16611e+10,9.21117e+15,9.2875e+16,1.29145e+09
5.87493e+07,113781,4.07892e+06,1.35308e+29,8.6777e+24,2.12424e+13,3.22972,6.66766e+28,0.03468,1.81563e-05,2.13975e-15,0,2.65033e+15,6.37287e+15,6.98027e+10,9.02327e+15,8.96006e+16,1.26969e+09
5.92493e+07,112258,4.05199e+06,1.3778e+29,8.72172e+24,2.14262e+13,3.27446,6.23954e+28,0.03468,1.74448e-05,1.85035e-15,0,2.59148e+15,6.24607e+15,6.79771e+10,8.83762e+15,8.63895e+16,1.24809e+09
5.97493e+07,110743,4.02501e+06,1.40261e+29,8.76414e+24,2.16101e+13,3.3202,5.83561e+28,0.03468,1.67555e-05,1.59812e-15,0,2.53345e+15,6.12073e+15,6.61844e+10,8.65424e+15,8.32433e+16,1.22666e+09
6.02493e+07,109235,3.99798e+06,1.42749e+29,8.80501e+24,2.1794e+13,3.36697,5.45474e+28,0.03468,1.60879e-05,1.37856e-15,0,2.47622e+15,5.99686e+15,6.44246e+10,8.47315e+15,8.01635e+16,1.2054e+09
6.07493e+07,107735,3.97091e+06,1.45245e+29,8.84435e+24,2.1978e+13,3.41478,5.09585e+28,0.03468,1.54416e-05,1.18769e-15,0,2.41982e+15,5.87447e+15,6.26973e+10,8.29435e+15,7.71514e+16,1.18431e+09
6.12493e+07,106244,3.9438e+06,1.47746e+29,8.8822e+24,2.2162e+13,3.46367,4.75787e+28,0.03468,1.48162e-05,1.02198e-15,0,2.36423e+15,5.75357e+15,6.10026e+10,8.11786e+15,7.42081e+16,1.16339e+09
6.17493e+07,104760,3.91665e+06,1.50254e+29,8.9186e+24,2.23461e+13,3.51366,4.43978e+28,0.03468,1.42112e-05,8.78298e-16,0,2.30946e+15,5.63417e+15,5.93403e+10,7.94369e+15,7.13344e+16,1.14265e+09
6.22493e+07,103285,3.88947e+06,1.52767e+29,8.95358e+24,2.25303e+13,3.56479,4.1406e+28,0.03468,1.36262e-05,7.53875e-16,0,2.25551e+15,5.51629e+15,5.77102e+10,7.77185e+15,6.85312e+16,1.1221e+09
6.27493e+07,101818,3.86226e+06,1.55284e+29,8.98718e+24,2.27145e+13,3.61707,3.85938e+28,0.03468,1.30607e-05,6.4627e-16,0,2.20238e+15,5.39991e+15,5.61121e+10,7.60235e+15,6.5799e+16,1.10172e+09
6.32493e+07,100360,3.83502e+06,1.57806e+29,9.01942e+24,2.28987e+13,3.67055,3.5952e+28,0.03468,1.25144e-05,5.53332e-16,0,2.15008e+15,5.28506e+15,5.45459e+10,7.43519e+15,6.31382e+16,1.08153e+09
6.37493e+07,98911.4,3.80776e+06,1.60331e+29,9.05035e+24,2.3083e+13,3.72524,3.34718e+28,0.03468,1.19867e-05,4.73164e-16,0,2.09859e+15,5.17174e+15,5.30113e+10,7.27038e+15,6.05491e+16,1.06153e+09
6.42493e+07,97471.7,3.78048e+06,1.62858e+29,9.08001e+24,2.32673e+13,3.78119,3.11449e+28,0.03468,1.14773e-05,4.04104e-16,0,2.04793e+15,5.05994e+15,5.15081e+10,7.10793e+15,5.80317e+16,1.04171e+09
6.47493e+07,96041.4,3.75317e+06,1.65388e+29,9.10842e+24,2.34517e+13,3.83842,2.89631e+28,0.03468,1.09857e-05,3.44688e-16,0,1.9981e+15,4.94969e+15,5.00361e+10,6.94783e+15,5.55862e+16,1.02209e+09
6.52493e+07,94620.7,3.72585e+06,1.67919e+29,9.13563e+24,2.36361e+13,3.89697,2.69185e+28,0.03468,1.05115e-05,2.93637e-16,0,1.94907e+15,4.84097e+15,4.8595e+10,6.79009e+15,5.32122e+16,1.00266e+09
6.57493e+07,93209.6,3.69851e+06,1.70451e+29,9.16167e+24,2.38206e+13,3.95688,2.50038e+28,0.03468,1.00542e-05,2.49831e-16,0,1.90087e+15,4.73379e+15,4.71845e+10,6.63471e+15,5.09095e+16,9.83421e+08
6.62493e+07,91808.4,3.67117e+06,1.72983e+29,9.18658e+24,2.40051e+13,4.01817,2.32119e+28,0.03468,9.61337e-06,2.1229e-16,0,1.85349e+15,4.62815e+15,4.58044e+10,6.48168e+15,4.86778e+16,9.6438e+08
6.67493e+07,90417.2,3.64381e+06,1.75516e+29,9.21039e+24,2.41896e+13,4.08089,2.15358e+28,0.03468,9.18865e-06,1.8016e-16,0,1.80691e+15,4.52405e+15,4.44544e+10,6.33101e+15,4.65164e+16,9.45536e+08
6.72493e+07,89036.1,3.61645e+06,1.78047e+29,9.23313e+24,2.43742e+13,4.14507,1.99691e+28,0.03468,8.77957e-06,1.52699e-16,0,1.76115e+15,4.4215e+15,4.31342e+10,6.18269e+15,4.44248e+16,9.26892e+08
6.77493e+07,87665.3,3.58909e+06,1.80577e+29,9.25484e+24,2.45588e+13,4.21076,1.85055e+28,0.03468,8.38573e-06,1.29257e-16,0,1.71619e+15,4.32049e+15,4.18434e+10,6.03672e+15,4.24022e+16,9.08448e+08
6.82493e+07,86305,3.56172e+06,1.83104e+29,9.27556e+24,2.47435e+13,4.27799,1.71392e+28,0.03468,8.00669e-06,1.09274e-16,0,1.67203e+15,4.22101e+15,4.05818e+10,5.89309e+15,4.04478e+16,8.90206e+08
6.87493e+07,84955.2,3.53436e+06,1.85629e+29,9.29532e+24,2.49282e+13,4.34681,1.58644e+28,0.03468,7.64204e-06,9.22607e-17,0,1.62868e+15,4.12308e+15,3.9349e+10,5.75179e+15,3.85608e+16,8.72167e+08
6.92493e+07,83616.1,3.507e+06,1.88151e+29,9.31415e+24,2.51129e+13,4.41726,1.46757e+28,0.03468,7.29138e-06,7.77959e-17,0,1.58611e+15,4.02667e+15,3.81447e+10,5.61283e+15,3.67401e+16,8.54331e+08
6.97493e+07,82287.8,3.47965e+06,1.90669e+29,9.33209e+24,2.52977e+13,4.48938,1.3568e+28,0.03468,6.9543e-06,6.55138e-17,0,1.54434e+15,3.9318e+15,3.69685e+10,5.47618e+15,3.49847e+16,8.36701e+08
7.02493e+07,80970.4,3.45231e+06,1.93183e+29,9.34917e+24,2.54825e+13,4.56322,1.25365e+28,0.03468,6.6304e-06,5.5099e-17,0,1.50336e+15,3.83845e+15,3.58202e+10,5.34184e+15,3.32935e+16,8.19276e+08
7.07493e+07,79664,3.42498e+06,1.95692e+29,9.36541e+24,2.56673e+13,4.63883,1.15765e+28,0.03468,6.31928e-06,4.62792e-17,0,1.46315e+15,3.74662e+15,3.46992e+10,5.20981e+15,3.16653e+16,8.02057e+08
7.12493e+07,78368.8,3.39766e+06,1.98195e+29,9.38086e+24,2.58522e+13,4.71625,1.06836e+28,0.03468,6.02057e-06,3.88203e-17,0,1.42372e+15,3.65631e+15,3.36054e+10,5.08006e+15,3.0099e+16,7.85046e+08
7.17493e+07,77084.8,3.37036e+06,2.00692e+29,9.39554e+24,2.60371e+13,4.79555,9.85366e+27,0.03468,5.73387e-06,3.25207e-17,0,1.38505e+15,3.56751e+15,3.25382e+10,4.95259e+15,2.85931e+16,7.68243e+08
7.22493e+07,75812.1,3.34307e+06,2.03183e+29,9.40948e+24,2.6222e+13,4.87676,9.08268e+27,0.03468,5.45882e-06,2.72073e-17,0,1.34715e+15,3.48021e+15,3.14974e+10,4.82739e+15,2.71465e+16,7.51648e+08
7.27493e+07,74550.8,3.31581e+06,2.05666e+29,9.42271e+24,2.6407e+13,4.95995,8.36694e+27,0.03468,5.19504e-06,2.27319e-17,0,1.31e+15,3.3944e+15,3.04825e+10,4.70444e+15,2.57578e+16,7.35262e+08
7.32493e+07,73301.1,3.28857e+06,2.08142e+29,9.43526e+24,2.6592e+13,5.04517,7.70291e+27,0.03468,4.94217e-06,1.89673e-17,0,1.27361e+15,3.31008e+15,2.94931e+10,4.58372e+15,2.44256e+16,7.19085e+08
7.37493e+07,72062.9,3.26136e+06,2.1061e+29,9.44716e+24,2.6777e+13,5.13248,7.08724e+27,0.03468,4.69985e-06,1.58049e-17,0,1.23795e+15,3.22724e+15,2.8529e+10,4.46522e+15,2.31484e+16,7.03117e+08
7.42493e+07,70836.4,3.23418e+06,2.13069e+29,9.45843e+24,2.6962e+13,5.22195,6.51676e+27,0.03468,4.46773e-06,1.31521e-17,0,1.20304e+15,3.14587e+15,2.75896e+10,4.34894e+15,2.19249e+16,6.87359e+08
7.47493e+07,69621.6,3.20702e+06,2.15518e+29,9.4691e+24,2.7147e+13,5.31362,5.98851e+27,0.03468,4.24548e-06,1.09298e-17,0,1.16885e+15,3.06596e+15,2.66746e+10,4.23484e+15,2.07537e+16,6.71811e+08
7.52493e+07,68418.6,3.1799e+06,2.17958e+29,9.4792e+24,2.73321e+13,5.40757,5.49965e+27,0.03468,4.03276e-06,9.0706e-18,0,1.13538e+15,2.9875e+15,2.57835e+10,4.12291e+15,1.96332e+16,6.56473e+08
7.57493e+07,67227.5,3.15281e+06,2.20388e+29,9.48875e+24,2.75172e+13,5.50386,5.04755e+27,0.03468,3.82924e-06,7.5174e-18,0,1.10263e+15,2.91048e+15,2.49161e+10,4.01313e+15,1.85621e+16,6.41344e+08
7.62493e+07,66048.2,3.12575e+06,2.22807e+29,9.49778e+24,2.77023e+13,5.60256,4.62971e+27,0.03468,3.6346e-06,6.22161e-18,0,1.07058e+15,2.83489e+15,2.40719e+10,3.9055e+15,1.75388e+16,6.26426e+08
7.67493e+07,64880.9,3.09874e+06,2.25215e+29,9.50631e+24,2.78874e+13,5.70375,4.24378e+27,0.03468,3.44852e-06,5.14207e-18,0,1.03923e+15,2.76072e+15,2.32504e+10,3.79998e+15,1.65618e+16,6.11717e+08
7.72493e+07,63725.6,3.07176e+06,2.27611e+29,9.51436e+24,2.80725e+13,5.80749,3.88756e+27,0.03468,3.2707e-06,4.24395e-18,0,1.00858e+15,2.68796e+15,2.24513e+10,3.69656e+15,1.56298e+16,5.97217e+08
7.77493e+07,62582.4,3.04483e+06,2.29994e+29,9.52196e+24,2.82577e+13,5.91387,3.55896e+27,0.03468,3.10085e-06,3.49781e-18,0,9.78601e+14,2.61659e+15,2.16742e+10,3.59521e+15,1.47413e+16,5.82926e+08
7.82493e+07,61451.3,3.01794e+06,2.32366e+29,9.52912e+24,2.84428e+13,6.02296,3.25605e+27,0.03468,2.93866e-06,2.87881e-18,0,9.49299e+14,2.54661e+15,2.09186e+10,3.49593e+15,1.38948e+16,5.68844e+08
7.87493e+07,60332.2,2.9911e+06,2.34724e+29,9.53587e+24,2.8628e+13,6.13485,2.977e+27,0.03468,2.78386e-06,2.366e-18,0,9.20663e+14,2.47799e+15,2.01842e+10,3.39868e+15,1.30888e+16,5.54971e+08
7.92493e+07,59225.4,2.9643e+06,2.37069e+29,9.54222e+24,2.88131e+13,6.24962,2.72009e+27,0.03468,2.63616e-06,1.94178e-18,0,8.92684e+14,2.41074e+15,1.94706e+10,3.30344e+15,1.2322e+16,5.41305e+08
7.97493e+07,58130.6,2.93755e+06,2.39399e+29,9.5482e+24,2.89983e+13,6.36736,2.48373e+27,0.03468,2.49531e-06,1.59134e-18,0,8.65353e+14,2.34483e+15,1.87773e+10,3.2102e+15,1.15929e+16,5.27846e+08
8.02493e+07,57048.1,2.91086e+06,2.41716e+29,9.55383e+24,2.91835e+13,6.48815,2.26642e+27,0.03468,2.36103e-06,1.30227e-18,0,8.38663e+14,2.28025e+15,1.8104e+10,3.11893e+15,1.09002e+16,5.14594e+08
8.07493e+07,55977.8,2.88422e+06,2.44017e+29,9.55911e+24,2.93686e+13,6.6121,2.06675e+27,0.03468,2.23307e-06,1.06417e-18,0,8.12603e+14,2.21699e+15,1.74502e+10,3.02961e+15,1.02425e+16,5.01548e+08
8.12493e+07,54919.8,2.85763e+06,2.46304e+29,9.56408e+24,2.95538e+13,6.73931,1.88342e+27,0.03468,2.11119e-06,8.68331e-19,0,7.87165e+14,2.15504e+15,1.68156e+10,2.94222e+15,9.61846e+15,4.88707e+08
8.17493e+07,53873.9,2.8311e+06,2.48575e+29,9.56874e+24,2.97389e+13,6.86987,1.71519e+27,0.03468,1.99514e-06,7.07492e-19,0,7.62341e+14,2.09437e+15,1.61998e+10,2.85673e+15,9.02673e+15,4.76071e+08
8.22493e+07,52840.3,2.80463e+06,2.50829e+29,9.57312e+24,2.99241e+13,7.0039,1.56094e+27,0.03468,1.88469e-06,5.75593e-19,0,7.3812e+14,2.03498e+15,1.56023e+10,2.77312e+15,8.46604e+15,4.63638e+08
8.27493e+07,51819,2.77821e+06,2.53068e+29,9.57722e+24,3.01092e+13,7.14149,1.41959e+27,0.03468,1.77962e-06,4.67586e-19,0,7.14495e+14,1.97685e+15,1.50228e+10,2.69136e+15,7.93512e+15,4.51408e+08
8.32493e+07,50809.8,2.75186e+06,2.5529e+29,9.58106e+24,3.02944e+13,7.28277,1.29015e+27,0.03468,1.67969e-06,3.79275e-19,0,6.91456e+14,1.91997e+15,1.44609e+10,2.61144e+15,7.43273e+15,4.3938e+08
8.37493e+07,49813,2.72557e+06,2.57494e+29,9.58466e+24,3.04795e+13,7.42786,1.17171e+27,0.03468,1.58471e-06,3.07178e-19,0,6.68994e+14,1.86432e+15,1.39162e+10,2.53333e+15,6.95766e+15,4.27553e+08
8.42493e+07,48828.3,2.69935e+06,2.59681e+29,9.58803e+24,3.06646e+13,7.57687,1.0634e+27,0.03468,1.49446e-06,2.48407e-19,0,6.47099e+14,1.80989e+15,1.33883e+10,2.457e+15,6.50874e+15,4.15925e+08
8.47493e+07,47855.9,2.67319e+06,2.61851e+29,9.59118e+24,3.08496e+13,7.72995,9.64418e+26,0.03468,1.40874e-06,2.00571e-19,0,6.25764e+14,1.75665e+15,1.28768e+10,2.38243e+15,6.08481e+15,4.04497e+08
8.52493e+07,46895.6,2.6471e+06,2.64002e+29,9.59412e+24,3.10347e+13,7.8872,8.74032e+26,0.03468,1.32736e-06,1.61696e-19,0,6.04977e+14,1.7046e+15,1.23814e+10,2.30959e+15,5.68477e+15,3.93266e+08
8.57493e+07,45947.6,2.62108e+06,2.66135e+29,9.59687e+24,3.12197e+13,8.04879,7.9155e+26,0.03468,1.25014e-06,1.30151e-19,0,5.84731e+14,1.65372e+15,1.19017e+10,2.23847e+15,5.30751e+15,3.82231e+08
8.62493e+07,45011.7,2.59512e+06,2.68249e+29,9.59944e+24,3.14047e+13,8.21485,7.16336e+26,0.03468,1.17688e-06,1.04596e-19,0,5.65015e+14,1.604e+15,1.14373e+10,2.16903e+15,4.95199e+15,3.71392e+08
8.67493e+07,44087.9,2.56924e+06,2.70344e+29,9.60183e+24,3.15897e+13,8.38553,6.47797e+26,0.03468,1.10743e-06,8.39244e-20,0,5.45822e+14,1.55541e+15,1.09878e+10,2.10124e+15,4.6172e+15,3.60747e+08
8.72493e+07,43176.3,2.54344e+06,2.72419e+29,9.60406e+24,3.17746e+13,8.56098,5.85385e+26,0.03468,1.04161e-06,6.72301e-20,0,5.27141e+14,1.50795e+15,1.0553e+10,2.0351e+15,4.30213e+15,3.50295e+08
8.77493e+07,42276.7,2.5177e+06,2.74475e+29,9.60614e+24,3.19595e+13,8.74138,5.28595e+26,0.03468,9.79254e-07,5.37694e-20,0,5.08963e+14,1.46159e+15,1.01323e+10,1.97056e+15,4.00584e+15,3.40035e+08
8.82493e+07,41389.1,2.49205e+06,2.76512e+29,9.60807e+24,3.21444e+13,8.92688,4.76957e+26,0.03468,9.2021e-07,4.29334e-20,0,4.9128e+14,1.41633e+15,9.72557e+09,1.90761e+15,3.7274e+15,3.29964e+08
8.87493e+07,40513.6,2.46647e+06,2.78527e+29,9.60987e+24,3.23292e+13,9.11766,4.30038e+26,0.03468,8.64325e-07,3.42244e-20,0,4.74082e+14,1.37213e+15,9.33234e+09,1.84622e+15,3.46591e+15,3.20083e+08
8.92493e+07,39650,2.44096e+06,2.80523e+29,9.61154e+24,3.2514e+13,9.31391,3.87439e+26,0.03468,8.11455e-07,2.72366e-20,0,4.57359e+14,1.329e+15,8.95231e+09,1.78637e+15,3.22053e+15,3.10389e+08
8.97493e+07,38798.4,2.41554e+06,2.82498e+29,9.6131e+24,3.26987e+13,9.51581,3.4879e+26,0.03468,7.61458e-07,2.16389e-20,0,4.41104e+14,1.28691e+15,8.58513e+09,1.72802e+15,2.99042e+15,3.00881e+08
9.02493e+07,37958.6,2.3902e+06,2.84451e+29,9.61454e+24,3.28834e+13,9.72357,3.13752e+26,0.03468,7.14201e-07,1.71624e-20,0,4.25307e+14,1.24585e+15,8.23046e+09,1.67116e+15,2.77478e+15,2.91558e+08
9.07493e+07,37130.7,2.36493e+06,2.86384e+29,9.61588e+24,3.30681e+13,9.93739,2.82012e+26,0.03468,6.69553e-07,1.35885e-20,0,4.09959e+14,1.20579e+15,7.88799e+09,1.61576e+15,2.57285e+15,2.82418e+08
9.12493e+07,36314.5,2.33975e+06,2.88295e+29,9.61712e+24,3.32526e+13,10.1575,2.53281e+26,0.03468,6.2739e-07,1.07401e-20,0,3.9505e+14,1.16673e+15,7.55738e+09,1.56179e+15,2.38389e+15,2.7346e+08
9.17493e+07,35510.1,2.31466e+06,2.90185e+29,9.61826e+24,3.34371e+13,10.3841,2.27294e+26,0.03468,5.87592e-07,8.47387e-21,0,3.80574e+14,1.12865e+15,7.23832e+09,1.50923e+15,2.20721e+15,2.64681e+08
9.22493e+07,34717.4,2.28965e+06,2.92053e+29,9.61933e+24,3.36216e+13,10.6174,2.03807e+26,0.03468,5.50043e-07,6.67391e-21,0,3.66519e+14,1.09153e+15,6.93049e+09,1.45806e+15,2.04211e+15,2.56082e+08
9.27493e+07,33936.3,2.26472e+06,2.93899e+29,9.62031e+24,3.3806e+13,10.8577,1.82597e+26,0.03468,5.14634e-07,5.24682e-21,0,3.52878e+14,1.05536e+15,6.63359e+09,1.40824e+15,1.88796e+15,2.47659e+08
9.32493e+07,33166.7,2.23988e+06,2.95723e+29,9.62122e+24,3.39903e+13,11.1053,1.63458e+26,0.03468,4.81258e-07,4.11737e-21,0,3.39643e+14,1.02011e+15,6.34731e+09,1.35976e+15,1.74414e+15,2.39412e+08
9.37493e+07,32408.6,2.21513e+06,2.97524e+29,9.62206e+24,3.41745e+13,11.3604,1.46201e+26,0.03468,4.49814e-07,3.22509e-21,0,3.26803e+14,9.85781e+14,6.07136e+09,1.31259e+15,1.61005e+15,2.31339e+08
9.42493e+07,31662,2.19046e+06,2.99304e+29,9.62283e+24,3.43587e+13,11.6232,1.30655e+26,0.03468,4.20204e-07,2.52146e-21,0,3.14352e+14,9.52348e+14,5.80544e+09,1.26671e+15,1.48513e+15,2.23437e+08
9.47493e+07,30926.8,2.16589e+06,3.0106e+29,9.62354e+24,3.45428e+13,11.8941,1.16661e+26,0.03468,3.92334e-07,1.96762e-21,0,3.0228e+14,9.19796e+14,5.54927e+09,1.22208e+15,1.36884e+15,2.15707e+08
9.52493e+07,30202.8,2.14141e+06,3.02794e+29,9.6242e+24,3.47268e+13,12.1734,1.04074e+26,0.03468,3.66116e-07,1.53249e-21,0,2.90579e+14,8.88111e+14,5.30256e+09,1.1787e+15,1.26067e+15,2.08145e+08
9.57493e+07,29490.1,2.11701e+06,3.04505e+29,9.62481e+24,3.49107e+13,12.4614,9.27636e+25,0.03468,3.41465e-07,1.19127e-21,0,2.79241e+14,8.57276e+14,5.06504e+09,1.13652e+15,1.16012e+15,2.00751e+08
9.62493e+07,28788.6,2.09271e+06,3.06193e+29,9.62536e+24,3.50945e+13,12.7585,8.26077e+25,0.03468,3.18297e-07,9.24205e-22,0,2.68258e+14,8.27275e+14,4.83644e+09,1.09554e+15,1.06674e+15,1.93523e+08
9.67493e+07,28098.2,2.0685e+06,3.07857e+29,9.62588e+24,3.52783e+13,13.0649,7.34966e+25,0.03468,2.96535e-07,7.15584e-22,0,2.57621e+14,7.98094e+14,4.61649e+09,1.05572e+15,9.80074e+14,1.86458e+08
9.72493e+07,27418.8,2.04438e+06,3.09499e+29,9.62635e+24,3.54619e+13,13.3811,6.533e+25,0.03468,2.76104e-07,5.52935e-22,0,2.47323e+14,7.69716e+14,4.40493e+09,1.01704e+15,8.99711e+14,1.79555e+08
9.77493e+07,26750.3,2.02036e+06,3.11117e+29,9.62678e+24,3.56454e+13,13.7074,5.80165e+25,0.03468,2.56932e-07,4.26381e-22,0,2.37356e+14,7.42126e+14,4.2015e+09,9.79486e+14,8.25249e+14,1.72814e+08
9.82493e+07,26092.7,1.99643e+06,3.12712e+29,9.62717e+24,3.58288e+13,14.0443,5.14727e+25,0.03468,2.38953e-07,3.28109e-22,0,2.27711e+14,7.1531e+14,4.00596e+09,9.43024e+14,7.5631e+14,1.66231e+08
9.87493e+07,25445.9,1.9726e+06,3.14284e+29,9.62753e+24,3.60121e+13,14.3921,4.5623e+25,0.03468,2.22099e-07,2.51954e-22,0,2.18381e+14,6.89251e+14,3.81807e+09,9.07636e+14,6.92538e+14,1.59805e+08
9.92493e+07,24809.9,1.94886e+06,3.15832e+29,9.62787e+24,3.61953e+13,14.7513,4.03985e+25,0.03468,2.06311e-07,1.9306e-22,0,2.09359e+14,6.63934e+14,3.63757e+09,8.73297e+14,6.33593e+14,1.53534e+08
9.97493e+07,24184.4,1.92522e+06,3.17356e+29,9.62817e+24,3.63784e+13,15.1224,3.57367e+25,0.03468,1.91527e-07,1.47612e-22,0,2.00637e+14,6.39346e+14,3.46425e+09,8.39986e+14,5.79156e+14,1.47417e+08
1.00249e+08,23569.5,1.90167e+06,3.18857e+29,9.62845e+24,3.65613e+13,15.5059,3.1581e+25,0.03468,1.77693e-07,1.12613e-22,0,1.92207e+14,6.1547e+14,3.29786e+09,8.07681e+14,5.28923e+14,1.41453e+08
1.00749e+08,22965.1,1.87822e+06,3.20334e+29,9.6287e+24,3.67441e+13,15.9022,2.78799e+25,0.03468,1.64753e-07,8.57202e-23,0,1.84063e+14,5.92293e+14,3.13819e+09,7.76359e+14,4.82611e+14,1.35638e+08
1.01249e+08,22371.1,1.85487e+06,3.21787e+29,9.62893e+24,3.69268e+13,16.312,2.45869e+25,0.03468,1.52659e-07,6.51009e-23,0,1.76197e+14,5.698e+14,2.98503e+09,7.45999e+14,4.39949e+14,1.29972e+08
1.01749e+08,21787.4,1.83162e+06,3.23217e+29,9.62914e+24,3.71093e+13,16.7357,2.16599e+25,0.03468,1.4136e-07,4.93269e-23,0,1.68601e+14,5.47976e+14,2.83814e+09,7.1658e+14,4.00685e+14,1.24453e+08
1.02249e+08,21213.9,1.80847e+06,3.24623e+29,9.62933e+24,3.72917e+13,17.174,1.90608e+25,0.03468,1.3081e-07,3.72869e-23,0,1.61269e+14,5.26808e+14,2.69734e+09,6.8808e+14,3.6458e+14,1.19079e+08
1.02749e+08,20650.5,1.78542e+06,3.26005e+29,9.62951e+24,3.74739e+13,17.6274,1.67553e+25,0.03468,1.20966e-07,2.81183e-23,0,1.54195e+14,5.0628e+14,2.56241e+09,6.60478e+14,3.31408e+14,1.13848e+08
1.03249e+08,20097.2,1.76246e+06,3.27364e+29,9.62966e+24,3.7656e+13,18.0968,1.47122e+25,0.03468,1.11787e-07,2.11525e-23,0,1.4737e+14,4.8638e+14,2.43316e+09,6.33753e+14,3.00961e+14,1.08759e+08
1.03749e+08,19553.8,1.73961e+06,3.28699e+29,9.62981e+24,3.78379e+13,18.5826,1.29036e+25,0.03468,1.03232e-07,1.5873e-23,0,1.4079e+14,4.67093e+14,2.30939e+09,6.07885e+14,2.73039e+14,1.03809e+08
1.04249e+08,19020.3,1.71685e+06,3.3001e+29,9.62994e+24,3.80196e+13,19.0858,1.13042e+25,0.03468,9.52638e-08,1.18811e-23,0,1.34446e+14,4.48406e+14,2.19091e+09,5.82854e+14,2.47458e+14,9.89983e+07
1.04749e+08,18496.6,1.6942e+06,3.31298e+29,9.63006e+24,3.82012e+13,19.607,9.8915e+24,0.03468,8.78472e-08,8.8703e-24,0,1.28333e+14,4.30306e+14,2.07755e+09,5.5864e+14,2.24043e+14,9.43238e+07
1.05249e+08,17982.5,1.67165e+06,3.32562e+29,9.63016e+24,3.83826e+13,20.1471,8.64495e+24,0.03468,8.09483e-08,6.60514e-24,0,1.22444e+14,4.12778e+14,1.96912e+09,5.35224e+14,2.02631e+14,8.9784e+07
1.05749e+08,17478.1,1.6492e+06,3.33802e+29,9.63026e+24,3.85638e+13,20.7069,7.54629e+24,0.03468,7.45352e-08,4.90531e-24,0,1.16773e+14,3.9581e+14,1.86544e+09,5.12585e+14,1.83071e+14,8.53773e+07
1.06249e+08,16983.1,1.62685e+06,3.35019e+29,9.63035e+24,3.87448e+13,21.2874,6.57906e+24,0.03468,6.85776e-08,3.63303e-24,0,1.11313e+14,3.7939e+14,1.76636e+09,4.90705e+14,1.6522e+14,8.1102e+07
1.06749e+08,16497.6,1.6046e+06,3.36213e+29,9.63042e+24,3.89256e+13,21.8895,5.72854e+24,0.03468,6.3047e-08,2.68328e-24,0,1.0606e+14,3.63503e+14,1.6717e+09,4.69565e+14,1.48945e+14,7.69565e+07
1.07249e+08,16021.4,1.58246e+06,3.37383e+29,9.6305e+24,3.91062e+13,22.5142,4.98152e+24,0.03468,5.79163e-08,1.97622e-24,0,1.01007e+14,3.48138e+14,1.58131e+09,4.49146e+14,1.34122e+14,7.2939e+07
1.07749e+08,15554.4,1.56041e+06,3.3853e+29,9.63056e+24,3.92866e+13,23.1625,4.3262e+24,0.03468,5.31599e-08,1.45127e-24,0,9.61476e+13,3.33282e+14,1.49502e+09,4.29431e+14,1.20635e+14,6.9048e+07
1.08249e+08,15096.5,1.53847e+06,3.39653e+29,9.63062e+24,3.94668e+13,23.8357,3.75204e+24,0.03468,4.87536e-08,1.06263e-24,0,9.14769e+13,3.18923e+14,1.41268e+09,4.10401e+14,1.08378e+14,6.52817e+07
1.08749e+08,14647.6,1.51663e+06,3.40754e+29,9.63067e+24,3.96467e+13,24.5349,3.2496e+24,0.03468,4.46747e-08,7.75731e-25,0,8.69891e+13,3.05048e+14,1.33416e+09,3.92038e+14,9.72507e+13,6.16386e+07
1.09249e+08,14207.8,1.49489e+06,3.41831e+29,9.63071e+24,3.98265e+13,25.2615,2.81049e+24,0.03468,4.09017e-08,5.64552e-25,0,8.26788e+13,2.91646e+14,1.2593e+09,3.74326e+14,8.71593e+13,5.81169e+07
1.09749e+08,13776.7,1.47326e+06,3.42886e+29,9.63075e+24,4.0006e+13,26.0167,2.42723e+24,0.03468,3.74142e-08,4.09574e-25,0,7.85405e+13,2.78705e+14,1.18797e+09,3.57247e+14,7.8018e+13,5.47152e+07
1.10249e+08,13354.4,1.45173e+06,3.43918e+29,9.63079e+24,4.01852e+13,26.802,2.09316e+24,0.03468,3.41931e-08,2.96188e-25,0,7.45692e+13,2.66213e+14,1.12003e+09,3.40784e+14,6.97469e+13,5.14319e+07
1.10749e+08,12940.8,1.4303e+06,3.44927e+29,9.63082e+24,4.03642e+13,27.6189,1.80237e+24,0.03468,3.12205e-08,2.1349e-25,0,7.07595e+13,2.5416e+14,1.05534e+09,3.2492e+14,6.22718e+13,4.82652e+07
1.11249e+08,12535.7,1.40897e+06,3.45913e+29,9.63085e+24,4.0543e+13,28.4691,1.54959e+24,0.03468,2.84794e-08,1.53366e-25,0,6.71066e+13,2.42533e+14,9.93794e+08,3.0964e+14,5.55242e+13,4.52138e+07
1.11749e+08,12139.1,1.38774e+06,3.46878e+29,9.63088e+24,4.07214e+13,29.3543,1.33018e+24,0.03468,2.59538e-08,1.09796e-25,0,6.36054e+13,2.31321e+14,9.35252e+08,2.94928e+14,4.94408e+13,4.22759e+07
1.12249e+08,11750.8,1.36662e+06,3.4782e+29,9.6309e+24,4.08996e+13,30.2763,1.14e+24,0.03468,2.36287e-08,7.83286e-26,0,6.02513e+13,2.20515e+14,8.796e+08,2.80767e+14,4.39628e+13,3.94502e+07
1.12749e+08,11370.9,1.3456e+06,3.48739e+29,9.63092e+24,4.10775e+13,31.2371,9.75399e+23,0.03468,2.14901e-08,5.56786e-26,0,5.70393e+13,2.10103e+14,8.26722e+08,2.67143e+14,3.90364e+13,3.6735e+07
1.13249e+08,10999.1,1.32469e+06,3.49637e+29,9.63094e+24,4.12552e+13,32.2388,8.3316e+23,0.03468,1.95248e-08,3.94324e-26,0,5.39651e+13,2.00074e+14,7.76504e+08,2.5404e+14,3.46118e+13,3.4129e+07
1.13749e+08,10635.4,1.30387e+06,3.50513e+29,9.63096e+24,4.14325e+13,33.2836,7.10434e+23,0.03468,1.77203e-08,2.78212e-26,0,5.1024e+13,1.90419e+14,7.28838e+08,2.41443e+14,3.0643e+13,3.16306e+07
1.14249e+08,10279.7,1.28316e+06,3.51367e+29,9.63097e+24,4.16095e+13,34.3739,6.04713e+23,0.03468,1.6065e-08,1.9553e-26,0,4.82116e+13,1.81126e+14,6.83619e+08,2.29339e+14,2.7088e+13,2.92383e+07
1.14749e+08,9931.88,1.26255e+06,3.522e+29,9.63099e+24,4.17862e+13,35.5122,5.13789e+23,0.03468,1.4548e-08,1.36875e-26,0,4.55237e+13,1.72187e+14,6.40745e+08,2.17711e+14,2.3908e+13,2.69508e+07
1.15249e+08,9591.87,1.24204e+06,3.53012e+29,9.631e+24,4.19626e+13,36.7012,4.35722e+23,0.03468,1.31591e-08,9.54243e-27,0,4.2956e+13,1.63591e+14,6.00117e+08,2.06548e+14,2.10676e+13,2.47666e+07
1.15749e+08,9259.57,1.22164e+06,3.53802e+29,9.63101e+24,4.21386e+13,37.944,3.6881e+23,0.03468,1.18887e-08,6.62482e-27,0,4.05045e+13,1.55329e+14,5.61639e+08,1.95834e+14,1.85341e+13,2.26842e+07
1.16249e+08,8934.88,1.20133e+06,3.54572e+29,9.63102e+24,4.23143e+13,39.2435,3.11559e+23,0.03468,1.07279e-08,4.57951e-27,0,3.81651e+13,1.47391e+14,5.2522e+08,1.85557e+14,1.62778e+13,2.07025e+07
1.16749e+08,8617.71,1.18113e+06,3.55321e+29,9.63102e+24,4.24896e+13,40.6032,2.62663e+23,0.03468,9.66842e-09,3.15168e-27,0,3.59339e+13,1.39768e+14,4.9077e+08,1.75703e+14,1.42714e+13,1.88199e+07
1.17249e+08,8307.96,1.16103e+06,3.56049e+29,9.63103e+24,4.26645e+13,42.0267,2.2098e+23,0.03468,8.70237e-09,2.15917e-27,0,3.38072e+13,1.32451e+14,4.58203e+08,1.66259e+14,1.249e+13,1.70352e+07
1.17749e+08,8005.54,1.14102e+06,3.56757e+29,9.63104e+24,4.28391e+13,43.5178,1.85515e+23,0.03468,7.82251e-09,1.47231e-27,0,3.17812e+13,1.25431e+14,4.27435e+08,1.57213e+14,1.0911e+13,1.53471e+07
1.18249e+08,7710.36,1.12112e+06,3.57445e+29,9.63104e+24,4.30133e+13,45.0808,1.55399e+23,0.03468,7.02206e-09,9.99123e-28,0,2.98522e+13,1.18699e+14,3.98386e+08,1.48552e+14,9.51364e+12,1.37542e+07
1.18749e+08,7422.33,1.10132e+06,3.58113e+29,9.63105e+24,4.31871e+13,46.72,1.29877e+23,0.03468,6.2947e-09,6.74657e-28,0,2.80168e+13,1.12247e+14,3.70979e+08,1.40264e+14,8.27918e+12,1.22554e+07
1.19249e+08,7141.35,1.08162e+06,3.58761e+29,9.63105e+24,4.33605e+13,48.4403,1.08293e+23,0.03468,5.63454e-09,4.53238e-28,0,2.62715e+13,1.06066e+14,3.45138e+08,1.32338e+14,7.19052e+12,1.08493e+07
1.19749e+08,6867.32,1.06202e+06,3.5939e+29,9.63105e+24,4.35334e+13,50.247,9.0079e+22,0.03468,5.03613e-09,3.02887e-28,0,2.4613e+13,1.00148e+14,3.20792e+08,1.24761e+14,6.23218e+12,9.53483e+06
1.20249e+08,6600.17,1.04252e+06,3.59999e+29,9.63106e+24,4.37059e+13,52.1458,7.47423e+22,0.03468,4.49436e-09,2.01314e-28,0,2.30379e+13,9.44843e+13,2.97871e+08,1.17523e+14,5.39011e+12,8.31075e+06
1.20749e+08,6339.79,1.02312e+06,3.6059e+29,9.63106e+24,4.3878e+13,54.1426,6.1858e+22,0.03468,4.00454e-09,1.33055e-28,0,2.15432e+13,8.90678e+13,2.76307e+08,1.10611e+14,4.65164e+12,7.17591e+06
1.21249e+08,6086.09,1.00381e+06,3.61162e+29,9.63106e+24,4.40496e+13,56.2442,5.10593e+22,0.03468,3.56226e-09,8.74321e-29,0,2.01256e+13,8.38903e+13,2.56036e+08,1.04016e+14,4.00528e+12,6.12916e+06
1.21749e+08,5838.99,984607,3.61715e+29,9.63106e+24,4.42207e+13,58.4578,4.20306e+22,0.03468,3.16348e-09,5.71098e-29,0,1.87823e+13,7.89444e+13,2.36996e+08,9.77269e+13,3.4407e+12,5.16939e+06
1.22249e+08,5598.4,965499,3.6225e+29,9.63106e+24,4.43914e+13,60.7911,3.45006e+22,0.03468,2.80444e-09,3.70734e-29,0,1.75102e+13,7.42226e+13,2.19128e+08,9.1733e+13,2.94858e+12,4.2955e+06
1.22749e+08,5364.22,946488,3.62768e+29,9.63107e+24,4.45615e+13,63.2526,2.82369e+22,0.03468,2.48166e-09,2.3913e-29,0,1.63066e+13,6.97175e+13,2.02372e+08,8.60243e+13,2.52056e+12,3.50639e+06
1.23249e+08,5136.37,927573,3.63267e+29,9.63107e+24,4.47311e+13,65.8517,2.30405e+22,0.03468,2.19192e-09,1.53223e-29,0,1.51686e+13,6.54222e+13,1.86674e+08,8.0591e+13,2.14912e+12,2.80099e+06
1.23749e+08,4914.76,908755,3.63749e+29,9.63107e+24,4.49002e+13,68.5983,1.87414e+22,0.03468,1.93226e-09,9.75067e-30,0,1.40936e+13,6.13295e+13,1.7198e+08,7.54233e+13,1.82752e+12,2.17822e+06
1.24249e+08,4699.3,890033,3.64214e+29,9.63107e+24,4.50687e+13,71.5036,1.5195e+22,0.03468,1.69994e-09,6.16101e-30,0,1.3079e+13,5.74327e+13,1.58239e+08,7.05118e+13,1.54976e+12,1.63697e+06
1.24749e+08,4489.9,871405,3.64661e+29,9.63107e+24,4.52367e+13,74.5797,1.22781e+22,0.03468,1.49243e-09,3.86421e-30,0,1.21221e+13,5.37251e+13,1.45402e+08,6.58474e+13,1.31044e+12,1.1761e+06
1.25249e+08,4286.48,852873,3.65092e+29,9.63107e+24,4.5404e+13,77.8397,9.88644e+21,0.03468,1.30742e-09,2.40514e-30,0,1.12207e+13,5.02002e+13,1.33422e+08,6.14211e+13,1.10478e+12,794362
1.25749e+08,4088.95,834435,3.65507e+29,9.63107e+24,4.55708e+13,81.2982,7.93171e+21,0.03468,1.14277e-09,1.48511e-30,0,1.03722e+13,4.68516e+13,1.22253e+08,5.7224e+13,9.28517e+11,490364
1.26249e+08,3897.23,816090,3.65906e+29,9.63107e+24,4.57369e+13,84.9713,6.33942e+21,0.03468,9.96514e-10,9.09456e-31,0,9.5744e+12,4.36731e+13,1.11852e+08,5.32476e+13,7.7787e+11,262382
1.26749e+08,3711.23,797838,3.66289e+29,9.63107e+24,4.59024e+13,88.8765,5.04685e+21,0.03468,8.66866e-10,5.52153e-31,0,8.82499e+12,4.06586e+13,1.02176e+08,4.94837e+13,6.49487e+11,108010
1.27249e+08,3530.86,779678,3.66656e+29,9.63107e+24,4.60673e+13,93.0333,4.00137e+21,0.03468,7.52174e-10,3.32229e-31,0,8.12181e+12,3.78022e+13,9.31862e+07,4.59241e+13,5.40405e+11,32907.4
1.27749e+08,3356.05,761610,3.67008e+29,9.63107e+24,4.62314e+13,97.4634,3.15892e+21,0.03468,6.50932e-10,1.98039e-31,0,7.46276e+12,3.5098e+13,8.4844e+07,4.25608e+13,4.48013e+11,11423.9
1.28249e+08,3186.71,743633,3.67345e+29,9.63107e+24,4.63949e+13,102.19,2.48273e+21,0.03468,5.61763e-10,1.16902e-31,0,6.84578e+12,3.25403e+13,7.71125e+07,3.93862e+13,3.70012e+11,3541.38
1.28749e+08,3022.76,725746,3.67667e+29,9.63107e+24,4.65576e+13,107.241,1.94221e+21,0.03468,4.83414e-10,6.83065e-32,0,6.2689e+12,3.01238e+13,6.99567e+07,3.63927e+13,3.04384e+11,1284.1
1.29249e+08,2864.12,707949,3.67975e+29,9.63107e+24,4.67195e+13,112.645,1.51197e+21,0.03468,4.14739e-10,3.94885e-32,0,5.7302e+12,2.78428e+13,6.33429e+07,3.35731e+13,2.49363e+11,157.737
1.29749e+08,2710.7,690240,3.68269e+29,9.63107e+24,4.68807e+13,118.435,1.17105e+21,0.03468,3.54698e-10,2.25751e-32,0,5.22782e+12,2.56923e+13,5.7239e+07,3.09201e+13,2.03404e+11,22.7667
1.30249e+08,2562.43,672620,3.68549e+29,9.63107e+24,4.70411e+13,124.649,9.02161e+20,0.03468,3.02348e-10,1.27559e-32,0,4.75998e+12,2.36669e+13,5.16142e+07,2.8427e+13,1.65166e+11,3.21914
1.30749e+08,2419.23,655087,3.68816e+29,9.63107e+24,4.72007e+13,131.327,6.91128e+20,0.03468,2.56831e-10,7.11975e-33,0,4.32493e+12,2.17618e+13,4.64393e+07,2.60868e+13,1.33479e+11,0.448392
1.31249e+08,2281.01,637640,3.6907e+29,9.63107e+24,4.73594e+13,138.516,5.2635e+20,0.03468,2.17373e-10,3.92304e-33,0,3.921e+12,1.99721e+13,4.16862e+07,2.38931e+13,1.07334e+11,0.0624672
1.31749e+08,2147.7,620279,3.6931e+29,9.63107e+24,4.75172e+13,146.269,3.98383e+20,0.03468,1.83273e-10,2.13255e-33,0,3.54658e+12,1.82929e+13,3.73283e+07,2.18395e+13,8.58578e+10,0.00870853
1.32249e+08,2019.23,603003,3.69539e+29,9.63107e+24,4.76741e+13,154.646,2.99569e+20,0.03468,1.539e-10,1.14282e-33,0,3.20009e+12,1.67196e+13,3.33401e+07,1.99197e+13,6.83002e+10,0.000762529
1.32749e+08,1895.52,585810,3.69755e+29,9.63107e+24,4.78301e+13,163.714,2.23721e+20,0.03468,1.28686e-10,6.03296e-34,0,2.88003e+12,1.52477e+13,2.96974e+07,1.81278e+13,5.40173e+10,0
1.33249e+08,1776.48,568701,3.69959e+29,9.63107e+24,4.79851e+13,173.55,1.65868e+20,0.03468,1.0712e-10,3.13463e-34,0,2.58495e+12,1.38728e+13,2.6377e+07,1.64578e+13,4.24591e+10,0
1.33749e+08,1662.05,551673,3.70152e+29,9.63107e+24,4.8139e+13,184.243,1.22036e+20,0.03468,8.87455e-11,1.60159e-34,0,2.31343e+12,1.25906e+13,2.3357e+07,1.4904e+13,3.31576e+10,0
1.34249e+08,1552.15,534727,3.70333e+29,9.63107e+24,4.82919e+13,195.892,8.90599e+19,0.03468,7.31535e-11,8.03887e-35,0,2.06414e+12,1.13968e+13,2.06166e+07,1.3461e+13,2.57159e+10,0
1.34749e+08,1446.7,517860,3.70504e+29,9.63107e+24,4.84437e+13,208.616,6.44364e+19,0.03468,5.99796e-11,3.95955e-35,0,1.83576e+12,1.02875e+13,1.81359e+07,1.21233e+13,1.97991e+10,0
1.35249e+08,1345.64,501073,3.70664e+29,9.63107e+24,4.85944e+13,222.548,4.61955e+19,0.03468,4.88997e-11,1.91157e-35,0,1.62704e+12,9.25867e+12,1.58962e+07,1.08857e+13,1.51256e+10,0
1.35749e+08,1248.88,484363,3.70814e+29,9.63107e+24,4.87439e+13,237.844,3.27966e+19,0.03468,3.9626e-11,9.03364e-36,0,1.43677e+12,8.3064e+12,1.38795e+07,9.74318e+12,1.14601e+10,0
1.36249e+08,1156.36,467730,3.70954e+29,9.63107e+24,4.88921e+13,254.688,2.30428e+19,0.03468,3.19045e-11,4.17294e-36,0,1.26379e+12,7.42695e+12,1.2069e+07,8.69076e+12,8.60648e+09,0
1.36749e+08,1068.01,451173,3.71084e+29,9.63107e+24,4.90391e+13,273.294,1.60105e+19,0.03468,2.55108e-11,1.88123e-36,0,1.107e+12,6.61669e+12,1.04487e+07,7.72369e+12,6.40268e+09,0
1.37249e+08,983.758,434690,3.71205e+29,9.63107e+24,4.91848e+13,293.913,1.09924e+19,0.03468,2.0248e-11,8.26237e-37,0,9.65308e+11,5.87204e+12,9.00345e+06,6.83735e+12,4.71522e+09,0
1.37749e+08,903.527,418280,3.71317e+29,9.63107e+24,4.9329e+13,316.846,7.45089e+18,0.03468,1.59436e-11,3.52846e-37,0,8.37697e+11,5.18954e+12,7.71898e+06,6.02725e+12,3.43492e+09,0
1.38249e+08,827.25,401943,3.71421e+29,9.63107e+24,4.94718e+13,342.45,4.98109e+18,0.03468,1.24471e-11,1.46198e-37,0,7.2318e+11,4.56585e+12,6.58182e+06,5.28903e+12,2.4731e+09,0
1.38749e+08,754.858,385675,3.71517e+29,9.63107e+24,4.96131e+13,371.155,3.28064e+18,0.03468,9.62783e-12,5.863e-38,0,6.20812e+11,3.99768e+12,5.57927e+06,4.61849e+12,1.75819e+09,0
1.39249e+08,686.282,369477,3.71604e+29,9.63107e+24,4.97528e+13,403.479,2.12603e+18,0.03468,7.37273e-12,2.26952e-38,0,5.29691e+11,3.48185e+12,4.69938e+06,4.01155e+12,1.2329e+09,0
1.39749e+08,621.453,353346,3.71684e+29,9.63107e+24,4.98909e+13,440.057,1.35376e+18,0.03468,5.58453e-12,8.45363e-39,0,4.48951e+11,3.01529e+12,3.93091e+06,3.46425e+12,8.51735e+08,0
1.40249e+08,560.303,337282,3.71757e+29,9.63107e+24,5.00272e+13,481.666,8.45626e+17,0.03468,4.17995e-12,3.01943e-39,0,3.77766e+11,2.59499e+12,3.26334e+06,2.97276e+12,5.78902e+08,0
1.40749e+08,502.764,321282,3.71823e+29,9.63107e+24,5.01616e+13,529.273,5.17233e+17,0.03468,3.08805e-12,1.03e-39,0,3.15349e+11,2.21805e+12,2.68679e+06,2.5334e+12,3.86501e+08,0
1.41249e+08,448.768,305344,3.71883e+29,9.63107e+24,5.02942e+13,584.087,3.09135e+17,0.03468,2.24883e-12,3.34023e-40,0,2.60948e+11,1.88162e+12,2.19204e+06,2.14257e+12,2.53023e+08,0
1.41749e+08,398.247,289468,3.71936e+29,9.63107e+24,5.04247e+13,647.64,1.80096e+17,0.03468,1.61186e-12,1.02431e-40,0,2.13849e+11,1.58297e+12,1.77047e+06,1.79682e+12,1.62081e+08,0
1.42249e+08,351.134,273650,3.71984e+29,9.63107e+24,5.05531e+13,721.896,1.01982e+17,0.03468,1.13509e-12,2.95186e-41,0,1.7337e+11,1.31944e+12,1.41407e+06,1.49281e+12,1.01347e+08,0
1.42749e+08,307.361,257889,3.72026e+29,9.63107e+24,5.06792e+13,809.406,5.59431e+16,0.03468,7.83709e-13,7.93588e-42,0,1.38867e+11,1.08843e+12,1.11537e+06,1.2273e+12,6.16824e+07,0
1.43249e+08,266.86,242182,3.72063e+29,9.63107e+24,5.0803e+13,913.535,2.96111e+16,0.03468,5.29211e-13,1.97315e-42,0,1.09729e+11,8.87455e+11,867482,9.97185e+11,3.64173e+07,0
1.43749e+08,229.561,226528,3.72095e+29,9.63107e+24,5.09241e+13,1038.79,1.50515e+16,0.03468,3.48469e-13,4.49028e-43,0,8.53788e+10,7.14072e+11,664017,7.99451e+11,2.07723e+07,0
1.44249e+08,195.397,210924,3.72123e+29,9.63107e+24,5.10426e+13,1191.33,7.30493e+15,0.03468,2.22944e-13,9.23529e-44,0,6.52702e+10,5.65932e+11,499104,6.31202e+11,1.13907e+07,0
1.44749e+08,164.297,195366,3.72146e+29,9.63107e+24,5.11582e+13,1379.74,3.36109e+15,0.03468,1.37974e-13,1.69026e-44,0,4.88914e+10,4.40755e+11,367354,4.89647e+11,5.96856e+06,0
1.45249e+08,136.188,179852,3.72166e+29,9.63107e+24,5.12706e+13,1616.31,1.45321e+15,0.03468,8.21435e-14,2.70007e-45,0,3.57617e+10,3.36337e+11,263844,3.72099e+11,2.96586e+06,0
1.45749e+08,110.999,164378,3.72183e+29,9.63107e+24,5.13796e+13,1919.12,5.83812e+14,0.03468,4.67161e-14,3.67306e-46,0,2.54323e+10,2.50544e+11,184103,2.75976e+11,1.38424e+06,0
1.46249e+08,88.6543,148940,3.72196e+29,9.63107e+24,5.1485e+13,2315.68,2.14772e+14,0.03468,2.51489e-14,4.12152e-47,0,1.74858e+10,1.81314e+11,124089,1.988e+11,599262,0
1.46749e+08,69.0748,133534,3.72207e+29,9.63107e+24,5.15864e+13,2849.56,7.09604e+13,0.03468,1.26608e-14,3.65626e-48,0,1.15359e+10,1.26658e+11,80178.4,1.38194e+11,236670,0
1.47249e+08,52.1784,118155,3.72215e+29,9.63107e+24,5.16835e+13,3593.25,2.05042e+13,0.03468,5.86238e-15,2.41949e-49,0,7.22774e+09,8.4657e+10,49147.1,9.18848e+10,83345.3,0
1.47749e+08,37.8776,102797,3.72221e+29,9.63107e+24,5.17757e+13,4674.84,4.98923e+12,0.03468,2.43823e-15,1.09953e-50,0,4.23795e+09,5.34666e+10,28158.3,5.77046e+10,25334.9,0
1.48249e+08,26.0777,87452.1,3.72225e+29,9.63107e+24,5.18624e+13,6338.98,9.66262e+11,0.03468,8.79277e-16,3.03343e-52,0,2.27493e+09,3.13155e+10,14749.3,3.35905e+10,6332.72,0
1.48749e+08,16.6738,72112.1,3.72228e+29,9.63107e+24,5.1943e+13,9103.76,1.36182e+11,0.03468,2.59921e-16,4.17672e-54,0,1.07955e+09,1.65106e+10,6819.03,1.75901e+10,1205.02,0
1.49249e+08,9.54627,56765.2,3.7223e+29,9.63107e+24,5.20164e+13,14237.1,1.19588e+10,0.03468,5.71398e-17,2.04414e-56,0,4.26162e+08,7.44109e+09,2618.3,7.86726e+09,152.689,0
1.49749e+08,4.55291,41395.4,3.72231e+29,9.63107e+24,5.20812e+13,25603.2,4.81667e+08,0.03468,7.70681e-18,1.82005e-59,0,1.2407e+08,2.58799e+09,740.457,2.71206e+09,9.88788,0
1.50249e+08,1.66404,25951.1,3.72232e+29,9.63107e+24,5.21313e+13,64877.5,4.35527e+06,0.03468,4.35074e-19,6.12783e-64,0,2.31805e+07,5.92979e+08,114.37,6.1616e+08,0.205381,0
1.506e+08,0.552717,15068.2,3.72232e+29,9.63107e+24,5.21561e+13,201079,18829,0.03468,1.64256e-20,4.07707e-69,0,3.6928e+06,1.14363e+08,12.9997,1.18055e+08,0.00258753,0
1.50779e+08,0.203776,9517.73,3.72232e+29,9.63107e+24,5.21564e+13,499305,182.981,0.03468,9.63966e-22,0,0,700012,2.66322e+07,2.0693,2.73322e+07,5.61188e-05,0
1.50905e+08,0.0687362,5609.64,3.72232e+29,9.63107e+24,5.21564e+13,1.48451e+06,0.912088,0.03468,3.92375e-23,0,0,114418,5.2947e+06,0.249706,5.40911e+06,7.71799e-07,0
1.50967e+08,0.0251069,3669.49,3.72232e+29,9.63107e+24,5.21564e+13,3.24012e+06,0.0120887,0.03468,2.62417e-24,0,0,21355.4,1.26509e+06,0.0457207,1.28644e+06,1.88696e-08,0
