X = 0.734
Y = 0.25
Z = 0.016
mu = 0.601142
Radius,Density,Temp,Mass,Lum,OptD,Kff,KH,Kes,PP,CNO,3a,Deg,Gas,Rad,TotPres, dLdr, dPdT
0,0,0,0,0,0,-nan,0,0.03468,0,0,0,0,0,0,0,0,0
0.01,211194,2.26986e+07,884646,2.42903e+06,7324.2,0.0122491,4.64912e+35,0.03468,0.0323189,2.71345,1.23778e-37,7.42996e+15,6.58266e+16,6.69407e+13,7.33235e+16,728.709,2.91182e+09
10709.1,211194,2.26986e+07,1.08649e+18,2.98325e+18,7.84427e+07,0.0122491,4.64912e+35,0.03468,0.0323189,2.71345,1.23778e-37,7.42996e+15,6.58266e+16,6.69407e+13,7.33235e+16,8.35717e+14,2.91182e+09
21268.8,211194,2.26986e+07,8.51132e+18,2.33701e+19,1.55784e+08,0.0122491,4.64912e+35,0.03468,0.0323189,2.71345,1.23778e-37,7.42996e+15,6.58266e+16,6.69407e+13,7.33235e+16,3.2964e+15,2.91182e+09
32102.3,211194,2.26986e+07,2.92671e+19,8.03605e+19,2.35131e+08,0.0122491,4.64911e+35,0.03468,0.0323189,2.71345,1.23778e-37,7.42996e+15,6.58266e+16,6.69407e+13,7.33235e+16,7.50978e+15,2.91182e+09
42240.9,211194,2.26986e+07,6.66757e+19,1.83076e+20,3.09388e+08,0.0122491,4.64911e+35,0.03468,0.0323189,2.71344,1.23777e-37,7.42996e+15,6.58266e+16,6.69407e+13,7.33235e+16,1.30023e+16,2.91182e+09
55581.3,211194,2.26986e+07,1.51899e+20,4.1708e+20,4.07096e+08,0.0122491,4.64911e+35,0.03468,0.0323189,2.71344,1.23777e-37,7.42996e+15,6.58266e+16,6.69407e+13,7.33235e+16,2.25118e+16,2.91182e+09
73134.9,211194,2.26986e+07,3.46054e+20,9.50182e+20,5.35662e+08,0.0122491,4.64911e+35,0.03468,0.0323189,2.71344,1.23777e-37,7.42995e+15,6.58266e+16,6.69406e+13,7.33235e+16,3.89764e+16,2.91182e+09
83892.5,211194,2.26986e+07,5.22322e+20,1.43417e+21,6.14452e+08,0.0122491,4.64911e+35,0.03468,0.0323189,2.71343,1.23776e-37,7.42995e+15,6.58265e+16,6.69406e+13,7.33234e+16,5.12859e+16,2.91182e+09
96232.3,211193,2.26986e+07,7.88374e+20,2.16468e+21,7.04831e+08,0.0122491,4.6491e+35,0.03468,0.0323188,2.71343,1.23776e-37,7.42995e+15,6.58265e+16,6.69406e+13,7.33234e+16,6.74828e+16,2.91182e+09
110387,211193,2.26986e+07,1.18994e+21,3.26729e+21,8.08505e+08,0.0122491,4.6491e+35,0.03468,0.0323188,2.71342,1.23775e-37,7.42995e+15,6.58265e+16,6.69406e+13,7.33234e+16,8.87949e+16,2.91182e+09
126624,211193,2.26986e+07,1.79606e+21,4.93152e+21,9.27428e+08,0.0122491,4.64909e+35,0.03468,0.0323188,2.71341,1.23774e-37,7.42994e+15,6.58265e+16,6.69405e+13,7.33234e+16,1.16838e+17,2.91182e+09
145250,211193,2.26986e+07,2.71091e+21,7.44344e+21,1.06384e+09,0.0122491,4.64908e+35,0.03468,0.0323188,2.7134,1.23773e-37,7.42994e+15,6.58264e+16,6.69405e+13,7.33233e+16,1.53737e+17,2.91181e+09
166615,211193,2.26986e+07,4.09174e+21,1.12348e+22,1.22032e+09,0.0122491,4.64907e+35,0.03468,0.0323187,2.71339,1.23772e-37,7.42993e+15,6.58264e+16,6.69404e+13,7.33233e+16,2.02288e+17,2.91181e+09
191122,211193,2.26986e+07,6.17593e+21,1.69574e+22,1.39982e+09,0.0122491,4.64906e+35,0.03468,0.0323187,2.71337,1.2377e-37,7.42992e+15,6.58263e+16,6.69404e+13,7.33232e+16,2.66173e+17,2.91181e+09
219235,211193,2.26986e+07,9.32173e+21,2.55947e+22,1.60572e+09,0.0122491,4.64904e+35,0.03468,0.0323186,2.71335,1.23768e-37,7.42991e+15,6.58262e+16,6.69402e+13,7.33231e+16,3.50232e+17,2.91181e+09
251482,211193,2.26986e+07,1.40699e+22,3.86315e+22,1.84191e+09,0.0122491,4.64902e+35,0.03468,0.0323185,2.71332,1.23765e-37,7.4299e+15,6.58261e+16,6.69401e+13,7.3323e+16,4.60836e+17,2.9118e+09
288473,211192,2.26986e+07,2.12366e+22,5.83085e+22,2.11284e+09,0.0122491,4.64898e+35,0.03468,0.0323183,2.71328,1.23761e-37,7.42988e+15,6.5826e+16,6.69399e+13,7.33228e+16,6.06367e+17,2.9118e+09
330905,211192,2.26986e+07,3.20537e+22,8.80076e+22,2.42361e+09,0.0122491,4.64894e+35,0.03468,0.0323182,2.71322,1.23755e-37,7.42985e+15,6.58258e+16,6.69397e+13,7.33226e+16,7.97852e+17,2.91179e+09
379579,211191,2.26985e+07,4.83806e+22,1.32833e+23,2.7801e+09,0.0122492,4.64889e+35,0.03468,0.0323179,2.71315,1.23748e-37,7.42982e+15,6.58255e+16,6.69394e+13,7.33223e+16,1.0498e+18,2.91179e+09
429579,211191,2.26985e+07,7.01283e+22,1.9254e+23,3.14631e+09,0.0122492,4.64882e+35,0.03468,0.0323176,2.71307,1.2374e-37,7.42978e+15,6.58252e+16,6.6939e+13,7.3322e+16,1.34454e+18,2.91178e+09
479579,211190,2.26985e+07,9.75763e+22,2.67894e+23,3.51251e+09,0.0122492,4.64875e+35,0.03468,0.0323173,2.71298,1.23731e-37,7.42974e+15,6.58249e+16,6.69386e+13,7.33216e+16,1.67568e+18,2.91177e+09
529579,211189,2.26984e+07,1.31388e+23,3.60715e+23,3.87872e+09,0.0122493,4.64867e+35,0.03468,0.032317,2.71287,1.2372e-37,7.42969e+15,6.58245e+16,6.69381e+13,7.33212e+16,2.04322e+18,2.91176e+09
579579,211188,2.26984e+07,1.72226e+23,4.72822e+23,4.24492e+09,0.0122493,4.64858e+35,0.03468,0.0323166,2.71276,1.23709e-37,7.42964e+15,6.58241e+16,6.69376e+13,7.33207e+16,2.44714e+18,2.91174e+09
629579,211187,2.26983e+07,2.20755e+23,6.06035e+23,4.61112e+09,0.0122494,4.64848e+35,0.03468,0.0323162,2.71264,1.23697e-37,7.42958e+15,6.58237e+16,6.69371e+13,7.33202e+16,2.88743e+18,2.91173e+09
679579,211186,2.26983e+07,2.77638e+23,7.62172e+23,4.97731e+09,0.0122494,4.64838e+35,0.03468,0.0323157,2.7125,1.23683e-37,7.42952e+15,6.58232e+16,6.69365e+13,7.33197e+16,3.36409e+18,2.91172e+09
729579,211185,2.26982e+07,3.43538e+23,9.4305e+23,5.34351e+09,0.0122495,4.64826e+35,0.03468,0.0323152,2.71236,1.23669e-37,7.42945e+15,6.58227e+16,6.69358e+13,7.33191e+16,3.87711e+18,2.9117e+09
779579,211184,2.26982e+07,4.19119e+23,1.15049e+24,5.7097e+09,0.0122495,4.64814e+35,0.03468,0.0323147,2.7122,1.23654e-37,7.42938e+15,6.58221e+16,6.69352e+13,7.33185e+16,4.42646e+18,2.91168e+09
829579,211182,2.26981e+07,5.05043e+23,1.3863e+24,6.0759e+09,0.0122496,4.64801e+35,0.03468,0.0323142,2.71204,1.23637e-37,7.4293e+15,6.58216e+16,6.69344e+13,7.33178e+16,5.01214e+18,2.91166e+09
879579,211181,2.26981e+07,6.01974e+23,1.65231e+24,6.44208e+09,0.0122497,4.64788e+35,0.03468,0.0323136,2.71187,1.2362e-37,7.42922e+15,6.58209e+16,6.69336e+13,7.33171e+16,5.63412e+18,2.91164e+09
929579,211180,2.2698e+07,7.10576e+23,1.95032e+24,6.80827e+09,0.0122497,4.64773e+35,0.03468,0.032313,2.71168,1.23601e-37,7.42913e+15,6.58203e+16,6.69328e+13,7.33163e+16,6.29241e+18,2.91162e+09
979579,211178,2.26979e+07,8.31511e+23,2.28215e+24,7.17446e+09,0.0122498,4.64758e+35,0.03468,0.0323123,2.71149,1.23582e-37,7.42904e+15,6.58196e+16,6.6932e+13,7.33155e+16,6.98697e+18,2.9116e+09
1.02958e+06,211176,2.26978e+07,9.65443e+23,2.64962e+24,7.54064e+09,0.0122499,4.64742e+35,0.03468,0.0323116,2.71128,1.23561e-37,7.42895e+15,6.58188e+16,6.6931e+13,7.33147e+16,7.7178e+18,2.91158e+09
1.07958e+06,211175,2.26977e+07,1.11304e+24,3.05454e+24,7.90682e+09,0.01225,4.64725e+35,0.03468,0.0323109,2.71106,1.2354e-37,7.42884e+15,6.58181e+16,6.69301e+13,7.33138e+16,8.48487e+18,2.91156e+09
1.12958e+06,211173,2.26977e+07,1.27495e+24,3.49871e+24,8.27299e+09,0.0122501,4.64707e+35,0.03468,0.0323101,2.71084,1.23517e-37,7.42874e+15,6.58173e+16,6.69291e+13,7.33129e+16,9.28817e+18,2.91153e+09
1.17958e+06,211171,2.26976e+07,1.45185e+24,3.98396e+24,8.63916e+09,0.0122502,4.64689e+35,0.03468,0.0323093,2.7106,1.23494e-37,7.42863e+15,6.58164e+16,6.6928e+13,7.3312e+16,1.01277e+19,2.91151e+09
1.22958e+06,211169,2.26975e+07,1.6444e+24,4.51208e+24,9.00533e+09,0.0122503,4.64669e+35,0.03468,0.0323085,2.71036,1.23469e-37,7.42851e+15,6.58155e+16,6.69269e+13,7.3311e+16,1.10034e+19,2.91148e+09
1.27958e+06,211167,2.26974e+07,1.85326e+24,5.0849e+24,9.3715e+09,0.0122504,4.64649e+35,0.03468,0.0323076,2.7101,1.23444e-37,7.42839e+15,6.58146e+16,6.69258e+13,7.33099e+16,1.19152e+19,2.91145e+09
1.32958e+06,211165,2.26973e+07,2.0791e+24,5.70421e+24,9.73766e+09,0.0122505,4.64628e+35,0.03468,0.0323067,2.70983,1.23417e-37,7.42827e+15,6.58137e+16,6.69246e+13,7.33089e+16,1.28632e+19,2.91142e+09
1.37958e+06,211163,2.26972e+07,2.32258e+24,6.37182e+24,1.01038e+10,0.0122506,4.64607e+35,0.03468,0.0323058,2.70956,1.23389e-37,7.42814e+15,6.58127e+16,6.69234e+13,7.33077e+16,1.38473e+19,2.91139e+09
1.42958e+06,211160,2.26971e+07,2.58436e+24,7.08954e+24,1.047e+10,0.0122507,4.64584e+35,0.03468,0.0323048,2.70927,1.23361e-37,7.42801e+15,6.58116e+16,6.69221e+13,7.33066e+16,1.48675e+19,2.91136e+09
1.47958e+06,211158,2.2697e+07,2.8651e+24,7.85917e+24,1.08361e+10,0.0122508,4.64561e+35,0.03468,0.0323038,2.70897,1.23331e-37,7.42787e+15,6.58106e+16,6.69208e+13,7.33054e+16,1.59238e+19,2.91133e+09
1.52958e+06,211156,2.26968e+07,3.16547e+24,8.68252e+24,1.12023e+10,0.0122509,4.64537e+35,0.03468,0.0323028,2.70867,1.23301e-37,7.42772e+15,6.58095e+16,6.69194e+13,7.33041e+16,1.70161e+19,2.91129e+09
1.57958e+06,211153,2.26967e+07,3.48613e+24,9.56139e+24,1.15684e+10,0.012251,4.64512e+35,0.03468,0.0323017,2.70835,1.23269e-37,7.42758e+15,6.58083e+16,6.6918e+13,7.33028e+16,1.81444e+19,2.91126e+09
1.62958e+06,211150,2.26966e+07,3.82774e+24,1.04976e+25,1.19345e+10,0.0122512,4.64486e+35,0.03468,0.0323006,2.70802,1.23236e-37,7.42742e+15,6.58072e+16,6.69165e+13,7.33015e+16,1.93087e+19,2.91122e+09
1.67958e+06,211148,2.26965e+07,4.19096e+24,1.14929e+25,1.23007e+10,0.0122513,4.6446e+35,0.03468,0.0322995,2.70768,1.23203e-37,7.42727e+15,6.5806e+16,6.6915e+13,7.33001e+16,2.0509e+19,2.91118e+09
1.72958e+06,211145,2.26963e+07,4.57647e+24,1.25491e+25,1.26668e+10,0.0122514,4.64433e+35,0.03468,0.0322983,2.70734,1.23168e-37,7.4271e+15,6.58047e+16,6.69135e+13,7.32987e+16,2.17452e+19,2.91115e+09
1.77958e+06,211142,2.26962e+07,4.98491e+24,1.3668e+25,1.30329e+10,0.0122516,4.64405e+35,0.03468,0.0322971,2.70698,1.23132e-37,7.42694e+15,6.58034e+16,6.69119e+13,7.32973e+16,2.30173e+19,2.91111e+09
1.82958e+06,211139,2.26961e+07,5.41696e+24,1.48514e+25,1.3399e+10,0.0122517,4.64376e+35,0.03468,0.0322959,2.70661,1.23096e-37,7.42676e+15,6.58021e+16,6.69102e+13,7.32958e+16,2.43253e+19,2.91107e+09
1.87958e+06,211136,2.26959e+07,5.87327e+24,1.61011e+25,1.37652e+10,0.0122519,4.64346e+35,0.03468,0.0322946,2.70623,1.23058e-37,7.42659e+15,6.58008e+16,6.69085e+13,7.32943e+16,2.56691e+19,2.91103e+09
1.92958e+06,211133,2.26958e+07,6.35451e+24,1.74189e+25,1.41313e+10,0.012252,4.64316e+35,0.03468,0.0322933,2.70584,1.23019e-37,7.42641e+15,6.57994e+16,6.69068e+13,7.32927e+16,2.70487e+19,2.91098e+09
1.97958e+06,211130,2.26956e+07,6.86134e+24,1.88066e+25,1.44974e+10,0.0122522,4.64284e+35,0.03468,0.0322919,2.70544,1.2298e-37,7.42622e+15,6.57979e+16,6.6905e+13,7.32911e+16,2.8464e+19,2.91094e+09
2.02958e+06,211127,2.26955e+07,7.39442e+24,2.02659e+25,1.48635e+10,0.0122523,4.64252e+35,0.03468,0.0322906,2.70504,1.22939e-37,7.42603e+15,6.57965e+16,6.69032e+13,7.32894e+16,2.99151e+19,2.91089e+09
2.07958e+06,211123,2.26953e+07,7.95442e+24,2.17987e+25,1.52296e+10,0.0122525,4.64219e+35,0.03468,0.0322891,2.70462,1.22897e-37,7.42583e+15,6.5795e+16,6.69013e+13,7.32877e+16,3.14019e+19,2.91085e+09
2.12958e+06,211120,2.26951e+07,8.542e+24,2.34067e+25,1.55956e+10,0.0122527,4.64186e+35,0.03468,0.0322877,2.70419,1.22855e-37,7.42563e+15,6.57934e+16,6.68994e+13,7.3286e+16,3.29244e+19,2.9108e+09
2.17958e+06,211116,2.2695e+07,9.15781e+24,2.50917e+25,1.59617e+10,0.0122528,4.64151e+35,0.03468,0.0322862,2.70375,1.22811e-37,7.42543e+15,6.57919e+16,6.68974e+13,7.32842e+16,3.44825e+19,2.91075e+09
2.22958e+06,211113,2.26948e+07,9.80253e+24,2.68555e+25,1.63278e+10,0.012253,4.64116e+35,0.03468,0.0322847,2.7033,1.22766e-37,7.42522e+15,6.57903e+16,6.68954e+13,7.32824e+16,3.60761e+19,2.9107e+09
2.27958e+06,211109,2.26946e+07,1.04768e+25,2.86999e+25,1.66939e+10,0.0122532,4.6408e+35,0.03468,0.0322831,2.70284,1.22721e-37,7.425e+15,6.57886e+16,6.68934e+13,7.32805e+16,3.77053e+19,2.91065e+09
2.32958e+06,211105,2.26945e+07,1.11813e+25,3.06267e+25,1.70599e+10,0.0122534,4.64043e+35,0.03468,0.0322816,2.70237,1.22674e-37,7.42478e+15,6.57869e+16,6.68913e+13,7.32786e+16,3.937e+19,2.9106e+09
2.37958e+06,211102,2.26943e+07,1.19167e+25,3.26375e+25,1.7426e+10,0.0122536,4.64005e+35,0.03468,0.0322799,2.70189,1.22626e-37,7.42456e+15,6.57852e+16,6.68891e+13,7.32767e+16,4.10702e+19,2.91055e+09
2.42958e+06,211098,2.26941e+07,1.26836e+25,3.47343e+25,1.7792e+10,0.0122538,4.63967e+35,0.03468,0.0322783,2.7014,1.22578e-37,7.42433e+15,6.57835e+16,6.6887e+13,7.32747e+16,4.28058e+19,2.91049e+09
2.47958e+06,211094,2.26939e+07,1.34828e+25,3.69187e+25,1.81581e+10,0.012254,4.63928e+35,0.03468,0.0322766,2.7009,1.22528e-37,7.4241e+15,6.57817e+16,6.68847e+13,7.32726e+16,4.45768e+19,2.91044e+09
2.52958e+06,211090,2.26937e+07,1.43148e+25,3.91926e+25,1.85241e+10,0.0122542,4.63888e+35,0.03468,0.0322749,2.70039,1.22478e-37,7.42386e+15,6.57798e+16,6.68824e+13,7.32706e+16,4.63831e+19,2.91038e+09
2.57958e+06,211085,2.26935e+07,1.51804e+25,4.15576e+25,1.88901e+10,0.0122544,4.63847e+35,0.03468,0.0322731,2.69987,1.22426e-37,7.42361e+15,6.5778e+16,6.68801e+13,7.32685e+16,4.82247e+19,2.91032e+09
2.62958e+06,211081,2.26933e+07,1.60801e+25,4.40156e+25,1.92561e+10,0.0122546,4.63805e+35,0.03468,0.0322713,2.69934,1.22373e-37,7.42337e+15,6.57761e+16,6.68778e+13,7.32663e+16,5.01015e+19,2.91027e+09
2.67958e+06,211077,2.26931e+07,1.70147e+25,4.65683e+25,1.96221e+10,0.0122548,4.63763e+35,0.03468,0.0322695,2.6988,1.2232e-37,7.42311e+15,6.57741e+16,6.68753e+13,7.32641e+16,5.20136e+19,2.91021e+09
2.72958e+06,211072,2.26929e+07,1.79848e+25,4.92176e+25,1.99882e+10,0.012255,4.6372e+35,0.03468,0.0322677,2.69825,1.22265e-37,7.42286e+15,6.57722e+16,6.68729e+13,7.32619e+16,5.39608e+19,2.91015e+09
2.77958e+06,211068,2.26927e+07,1.89912e+25,5.1965e+25,2.03541e+10,0.0122552,4.63676e+35,0.03468,0.0322658,2.69769,1.2221e-37,7.42259e+15,6.57702e+16,6.68704e+13,7.32596e+16,5.5943e+19,2.91008e+09
2.82958e+06,211063,2.26925e+07,2.00343e+25,5.48125e+25,2.07201e+10,0.0122554,4.63631e+35,0.03468,0.0322638,2.69712,1.22153e-37,7.42233e+15,6.57681e+16,6.68678e+13,7.32573e+16,5.79604e+19,2.91002e+09
2.87958e+06,211059,2.26922e+07,2.11149e+25,5.77616e+25,2.10861e+10,0.0122557,4.63585e+35,0.03468,0.0322619,2.69654,1.22095e-37,7.42205e+15,6.5766e+16,6.68652e+13,7.32549e+16,6.00128e+19,2.90996e+09
2.92958e+06,211054,2.2692e+07,2.22338e+25,6.08143e+25,2.14521e+10,0.0122559,4.63539e+35,0.03468,0.0322599,2.69595,1.22037e-37,7.42178e+15,6.57639e+16,6.68626e+13,7.32525e+16,6.21001e+19,2.90989e+09
2.97958e+06,211049,2.26918e+07,2.33914e+25,6.39722e+25,2.18181e+10,0.0122561,4.63492e+35,0.03468,0.0322578,2.69535,1.21978e-37,7.4215e+15,6.57617e+16,6.68599e+13,7.32501e+16,6.42223e+19,2.90983e+09
3.02958e+06,211044,2.26916e+07,2.45885e+25,6.72371e+25,2.2184e+10,0.0122564,4.63444e+35,0.03468,0.0322558,2.69474,1.21917e-37,7.42121e+15,6.57596e+16,6.68572e+13,7.32476e+16,6.63793e+19,2.90976e+09
3.07958e+06,211039,2.26913e+07,2.58258e+25,7.06107e+25,2.255e+10,0.0122566,4.63395e+35,0.03468,0.0322537,2.69412,1.21856e-37,7.42092e+15,6.57573e+16,6.68544e+13,7.32451e+16,6.85712e+19,2.90969e+09
3.12958e+06,211034,2.26911e+07,2.71038e+25,7.40948e+25,2.29159e+10,0.0122569,4.63345e+35,0.03468,0.0322516,2.69349,1.21793e-37,7.42062e+15,6.57551e+16,6.68516e+13,7.32425e+16,7.07978e+19,2.90962e+09
3.17958e+06,211029,2.26908e+07,2.84234e+25,7.76911e+25,2.32818e+10,0.0122571,4.63295e+35,0.03468,0.0322494,2.69285,1.2173e-37,7.42032e+15,6.57528e+16,6.68487e+13,7.32399e+16,7.30591e+19,2.90955e+09
3.22958e+06,211024,2.26906e+07,2.9785e+25,8.14013e+25,2.36477e+10,0.0122574,4.63244e+35,0.03468,0.0322472,2.6922,1.21665e-37,7.42002e+15,6.57504e+16,6.68458e+13,7.32373e+16,7.5355e+19,2.90948e+09
3.27958e+06,211019,2.26903e+07,3.11895e+25,8.52272e+25,2.40137e+10,0.0122576,4.63192e+35,0.03468,0.0322449,2.69154,1.216e-37,7.41971e+15,6.5748e+16,6.68428e+13,7.32346e+16,7.76855e+19,2.90941e+09
3.32958e+06,211013,2.26901e+07,3.26374e+25,8.91705e+25,2.43796e+10,0.0122579,4.63139e+35,0.03468,0.0322427,2.69087,1.21534e-37,7.41939e+15,6.57456e+16,6.68398e+13,7.32319e+16,8.00505e+19,2.90933e+09
3.37958e+06,211008,2.26898e+07,3.41294e+25,9.32328e+25,2.47454e+10,0.0122582,4.63086e+35,0.03468,0.0322404,2.69019,1.21467e-37,7.41908e+15,6.57432e+16,6.68368e+13,7.32291e+16,8.245e+19,2.90926e+09
3.42958e+06,211002,2.26896e+07,3.56661e+25,9.7416e+25,2.51113e+10,0.0122584,4.63031e+35,0.03468,0.032238,2.6895,1.21398e-37,7.41875e+15,6.57407e+16,6.68337e+13,7.32263e+16,8.48839e+19,2.90918e+09
3.47958e+06,210997,2.26893e+07,3.72483e+25,1.01722e+26,2.54772e+10,0.0122587,4.62976e+35,0.03468,0.0322357,2.6888,1.21329e-37,7.41842e+15,6.57382e+16,6.68305e+13,7.32234e+16,8.73521e+19,2.9091e+09
3.52958e+06,210991,2.2689e+07,3.88766e+25,1.06152e+26,2.58431e+10,0.012259,4.6292e+35,0.03468,0.0322333,2.68809,1.21259e-37,7.41809e+15,6.57356e+16,6.68274e+13,7.32205e+16,8.98546e+19,2.90902e+09
3.57958e+06,210985,2.26888e+07,4.05516e+25,1.10708e+26,2.62089e+10,0.0122593,4.62864e+35,0.03468,0.0322308,2.68737,1.21188e-37,7.41775e+15,6.5733e+16,6.68241e+13,7.32176e+16,9.23913e+19,2.90894e+09
3.62958e+06,210980,2.26885e+07,4.22741e+25,1.15392e+26,2.65748e+10,0.0122596,4.62806e+35,0.03468,0.0322283,2.68664,1.21116e-37,7.41741e+15,6.57304e+16,6.68208e+13,7.32146e+16,9.49622e+19,2.90886e+09
3.67958e+06,210974,2.26882e+07,4.40445e+25,1.20205e+26,2.69406e+10,0.0122599,4.62748e+35,0.03468,0.0322258,2.6859,1.21043e-37,7.41706e+15,6.57277e+16,6.68175e+13,7.32116e+16,9.75672e+19,2.90878e+09
3.72958e+06,210968,2.26879e+07,4.58638e+25,1.25149e+26,2.73064e+10,0.0122602,4.62689e+35,0.03468,0.0322233,2.68515,1.20969e-37,7.41671e+15,6.5725e+16,6.68142e+13,7.32086e+16,1.00206e+20,2.9087e+09
3.77958e+06,210961,2.26876e+07,4.77324e+25,1.30226e+26,2.76722e+10,0.0122605,4.62629e+35,0.03468,0.0322207,2.68439,1.20894e-37,7.41635e+15,6.57223e+16,6.68107e+13,7.32055e+16,1.02879e+20,2.90861e+09
3.82958e+06,210955,2.26873e+07,4.9651e+25,1.35437e+26,2.8038e+10,0.0122608,4.62568e+35,0.03468,0.0322181,2.68362,1.20818e-37,7.41599e+15,6.57195e+16,6.68073e+13,7.32023e+16,1.05586e+20,2.90853e+09
3.87958e+06,210949,2.2687e+07,5.16204e+25,1.40785e+26,2.84038e+10,0.0122611,4.62507e+35,0.03468,0.0322155,2.68284,1.20741e-37,7.41562e+15,6.57167e+16,6.68038e+13,7.31991e+16,1.08327e+20,2.90844e+09
3.92958e+06,210943,2.26867e+07,5.36411e+25,1.46271e+26,2.87696e+10,0.0122614,4.62445e+35,0.03468,0.0322128,2.68205,1.20664e-37,7.41525e+15,6.57139e+16,6.68002e+13,7.31959e+16,1.11101e+20,2.90836e+09
3.97958e+06,210936,2.26864e+07,5.57138e+25,1.51896e+26,2.91354e+10,0.0122617,4.62382e+35,0.03468,0.0322101,2.68125,1.20585e-37,7.41488e+15,6.5711e+16,6.67966e+13,7.31927e+16,1.13909e+20,2.90827e+09
4.02958e+06,210930,2.26861e+07,5.78393e+25,1.57662e+26,2.95011e+10,0.012262,4.62318e+35,0.03468,0.0322073,2.68044,1.20505e-37,7.4145e+15,6.57081e+16,6.6793e+13,7.31894e+16,1.16751e+20,2.90818e+09
4.07958e+06,210923,2.26858e+07,6.0018e+25,1.63571e+26,2.98669e+10,0.0122623,4.62254e+35,0.03468,0.0322045,2.67963,1.20425e-37,7.41411e+15,6.57051e+16,6.67893e+13,7.3186e+16,1.19626e+20,2.90809e+09
4.12958e+06,210917,2.26855e+07,6.22508e+25,1.69625e+26,3.02326e+10,0.0122627,4.62188e+35,0.03468,0.0322017,2.6788,1.20343e-37,7.41372e+15,6.57021e+16,6.67856e+13,7.31826e+16,1.22535e+20,2.90799e+09
4.17958e+06,210910,2.26852e+07,6.45382e+25,1.75825e+26,3.05983e+10,0.012263,4.62122e+35,0.03468,0.0321989,2.67796,1.20261e-37,7.41332e+15,6.56991e+16,6.67818e+13,7.31792e+16,1.25478e+20,2.9079e+09
4.22958e+06,210903,2.26848e+07,6.68809e+25,1.82174e+26,3.09641e+10,0.0122633,4.62055e+35,0.03468,0.032196,2.67711,1.20177e-37,7.41293e+15,6.5696e+16,6.6778e+13,7.31757e+16,1.28453e+20,2.90781e+09
4.27958e+06,210896,2.26845e+07,6.92796e+25,1.88671e+26,3.13298e+10,0.0122637,4.61987e+35,0.03468,0.0321931,2.67625,1.20093e-37,7.41252e+15,6.56929e+16,6.67741e+13,7.31722e+16,1.31462e+20,2.90771e+09
4.32958e+06,210889,2.26842e+07,7.17349e+25,1.9532e+26,3.16954e+10,0.012264,4.61919e+35,0.03468,0.0321901,2.67538,1.20008e-37,7.41211e+15,6.56898e+16,6.67702e+13,7.31687e+16,1.34504e+20,2.90762e+09
4.37958e+06,210882,2.26838e+07,7.42475e+25,2.02122e+26,3.20611e+10,0.0122644,4.6185e+35,0.03468,0.0321872,2.67451,1.19922e-37,7.4117e+15,6.56866e+16,6.67663e+13,7.31651e+16,1.37579e+20,2.90752e+09
4.42958e+06,210875,2.26835e+07,7.6818e+25,2.09079e+26,3.24268e+10,0.0122647,4.6178e+35,0.03468,0.0321841,2.67362,1.19834e-37,7.41128e+15,6.56834e+16,6.67623e+13,7.31615e+16,1.40688e+20,2.90742e+09
4.47958e+06,210868,2.26832e+07,7.94472e+25,2.16192e+26,3.27924e+10,0.0122651,4.61709e+35,0.03468,0.0321811,2.67272,1.19746e-37,7.41086e+15,6.56802e+16,6.67582e+13,7.31578e+16,1.43829e+20,2.90732e+09
4.52958e+06,210860,2.26828e+07,8.21356e+25,2.23462e+26,3.31581e+10,0.0122654,4.61637e+35,0.03468,0.032178,2.67181,1.19657e-37,7.41043e+15,6.56769e+16,6.67541e+13,7.31541e+16,1.47003e+20,2.90722e+09
4.57958e+06,210853,2.26825e+07,8.48839e+25,2.30893e+26,3.35237e+10,0.0122658,4.61565e+35,0.03468,0.0321749,2.6709,1.19568e-37,7.41e+15,6.56736e+16,6.675e+13,7.31503e+16,1.5021e+20,2.90712e+09
4.62958e+06,210846,2.26821e+07,8.76928e+25,2.38484e+26,3.38893e+10,0.0122662,4.61491e+35,0.03468,0.0321717,2.66997,1.19477e-37,7.40956e+15,6.56702e+16,6.67458e+13,7.31465e+16,1.5345e+20,2.90701e+09
4.67958e+06,210838,2.26818e+07,9.0563e+25,2.46238e+26,3.42549e+10,0.0122665,4.61417e+35,0.03468,0.0321685,2.66904,1.19385e-37,7.40912e+15,6.56668e+16,6.67416e+13,7.31427e+16,1.56722e+20,2.90691e+09
4.72958e+06,210830,2.26814e+07,9.3495e+25,2.54157e+26,3.46205e+10,0.0122669,4.61343e+35,0.03468,0.0321653,2.66809,1.19292e-37,7.40867e+15,6.56634e+16,6.67373e+13,7.31388e+16,1.60027e+20,2.9068e+09
4.77958e+06,210823,2.2681e+07,9.64895e+25,2.62241e+26,3.49861e+10,0.0122673,4.61267e+35,0.03468,0.0321621,2.66713,1.19199e-37,7.40822e+15,6.56599e+16,6.6733e+13,7.31349e+16,1.63364e+20,2.9067e+09
4.82958e+06,210815,2.26807e+07,9.95473e+25,2.70494e+26,3.53516e+10,0.0122677,4.61191e+35,0.03468,0.0321588,2.66617,1.19104e-37,7.40776e+15,6.56564e+16,6.67287e+13,7.31309e+16,1.66734e+20,2.90659e+09
4.87958e+06,210807,2.26803e+07,1.02669e+26,2.78915e+26,3.57172e+10,0.0122681,4.61114e+35,0.03468,0.0321554,2.66519,1.19009e-37,7.4073e+15,6.56529e+16,6.67243e+13,7.31269e+16,1.70136e+20,2.90648e+09
4.92958e+06,210799,2.26799e+07,1.05855e+26,2.87508e+26,3.60827e+10,0.0122685,4.61036e+35,0.03468,0.0321521,2.66421,1.18913e-37,7.40683e+15,6.56493e+16,6.67198e+13,7.31229e+16,1.73571e+20,2.90637e+09
4.97958e+06,210791,2.26795e+07,1.09106e+26,2.96273e+26,3.64482e+10,0.0122689,4.60957e+35,0.03468,0.0321487,2.66321,1.18816e-37,7.40636e+15,6.56457e+16,6.67153e+13,7.31188e+16,1.77037e+20,2.90626e+09
5.02958e+06,210783,2.26791e+07,1.12424e+26,3.05212e+26,3.68137e+10,0.0122693,4.60878e+35,0.03468,0.0321453,2.66221,1.18718e-37,7.40589e+15,6.56421e+16,6.67108e+13,7.31147e+16,1.80536e+20,2.90615e+09
5.07958e+06,210775,2.26787e+07,1.15807e+26,3.14327e+26,3.71792e+10,0.0122697,4.60797e+35,0.03468,0.0321418,2.6612,1.18619e-37,7.40541e+15,6.56384e+16,6.67062e+13,7.31105e+16,1.84066e+20,2.90604e+09
5.12958e+06,210766,2.26783e+07,1.19258e+26,3.23619e+26,3.75447e+10,0.0122701,4.60716e+35,0.03468,0.0321383,2.66017,1.18519e-37,7.40492e+15,6.56347e+16,6.67016e+13,7.31063e+16,1.87629e+20,2.90592e+09
5.17958e+06,210758,2.2678e+07,1.22776e+26,3.3309e+26,3.79102e+10,0.0122705,4.60635e+35,0.03468,0.0321348,2.65914,1.18418e-37,7.40444e+15,6.56309e+16,6.66969e+13,7.31021e+16,1.91223e+20,2.90581e+09
5.22958e+06,210750,2.26776e+07,1.26363e+26,3.42742e+26,3.82756e+10,0.0122709,4.60552e+35,0.03468,0.0321312,2.6581,1.18316e-37,7.40394e+15,6.56271e+16,6.66922e+13,7.30978e+16,1.94849e+20,2.90569e+09
5.27958e+06,210741,2.26771e+07,1.30019e+26,3.52576e+26,3.8641e+10,0.0122713,4.60469e+35,0.03468,0.0321276,2.65705,1.18214e-37,7.40344e+15,6.56233e+16,6.66874e+13,7.30934e+16,1.98507e+20,2.90557e+09
5.32958e+06,210733,2.26767e+07,1.33745e+26,3.62593e+26,3.90065e+10,0.0122717,4.60385e+35,0.03468,0.032124,2.65598,1.18111e-37,7.40294e+15,6.56195e+16,6.66826e+13,7.30891e+16,2.02197e+20,2.90545e+09
5.37958e+06,210724,2.26763e+07,1.37542e+26,3.72796e+26,3.93719e+10,0.0122722,4.603e+35,0.03468,0.0321203,2.65491,1.18006e-37,7.40243e+15,6.56156e+16,6.66777e+13,7.30847e+16,2.05917e+20,2.90533e+09
5.42958e+06,210715,2.26759e+07,1.41409e+26,3.83186e+26,3.97373e+10,0.0122726,4.60214e+35,0.03468,0.0321166,2.65383,1.17901e-37,7.40192e+15,6.56116e+16,6.66728e+13,7.30802e+16,2.0967e+20,2.90521e+09
5.47958e+06,210706,2.26755e+07,1.45348e+26,3.93764e+26,4.01026e+10,0.012273,4.60128e+35,0.03468,0.0321129,2.65274,1.17795e-37,7.4014e+15,6.56077e+16,6.66679e+13,7.30757e+16,2.13453e+20,2.90509e+09
5.52958e+06,210697,2.26751e+07,1.49359e+26,4.04532e+26,4.0468e+10,0.0122735,4.6004e+35,0.03468,0.0321092,2.65164,1.17688e-37,7.40088e+15,6.56037e+16,6.66629e+13,7.30712e+16,2.17268e+20,2.90497e+09
5.57958e+06,210688,2.26746e+07,1.53444e+26,4.15491e+26,4.08333e+10,0.0122739,4.59952e+35,0.03468,0.0321054,2.65053,1.1758e-37,7.40035e+15,6.55996e+16,6.66579e+13,7.30666e+16,2.21113e+20,2.90484e+09
5.62958e+06,210679,2.26742e+07,1.57602e+26,4.26643e+26,4.11987e+10,0.0122744,4.59864e+35,0.03468,0.0321015,2.64941,1.17472e-37,7.39982e+15,6.55955e+16,6.66528e+13,7.3062e+16,2.2499e+20,2.90472e+09
5.67958e+06,210670,2.26738e+07,1.61835e+26,4.37991e+26,4.1564e+10,0.0122748,4.59774e+35,0.03468,0.0320977,2.64828,1.17362e-37,7.39928e+15,6.55914e+16,6.66477e+13,7.30574e+16,2.28898e+20,2.90459e+09
5.72958e+06,210661,2.26733e+07,1.66142e+26,4.49534e+26,4.19293e+10,0.0122753,4.59684e+35,0.03468,0.0320938,2.64715,1.17252e-37,7.39874e+15,6.55873e+16,6.66425e+13,7.30527e+16,2.32836e+20,2.90446e+09
5.77958e+06,210652,2.26729e+07,1.70525e+26,4.61275e+26,4.22945e+10,0.0122757,4.59593e+35,0.03468,0.0320898,2.646,1.17141e-37,7.3982e+15,6.55831e+16,6.66373e+13,7.30479e+16,2.36805e+20,2.90433e+09
5.82958e+06,210642,2.26724e+07,1.74985e+26,4.73215e+26,4.26598e+10,0.0122762,4.59501e+35,0.03468,0.0320859,2.64484,1.17028e-37,7.39765e+15,6.55789e+16,6.6632e+13,7.30431e+16,2.40805e+20,2.9042e+09
5.87958e+06,210633,2.2672e+07,1.79521e+26,4.85356e+26,4.3025e+10,0.0122767,4.59408e+35,0.03468,0.0320819,2.64368,1.16915e-37,7.39709e+15,6.55746e+16,6.66267e+13,7.30383e+16,2.44836e+20,2.90407e+09
5.92958e+06,210623,2.26715e+07,1.84135e+26,4.97699e+26,4.33903e+10,0.0122771,4.59315e+35,0.03468,0.0320778,2.6425,1.16802e-37,7.39653e+15,6.55703e+16,6.66214e+13,7.30335e+16,2.48896e+20,2.90394e+09
5.97958e+06,210613,2.26711e+07,1.88827e+26,5.10246e+26,4.37555e+10,0.0122776,4.59221e+35,0.03468,0.0320738,2.64131,1.16687e-37,7.39597e+15,6.5566e+16,6.6616e+13,7.30286e+16,2.52988e+20,2.90381e+09
6.02958e+06,210604,2.26706e+07,1.93598e+26,5.22998e+26,4.41207e+10,0.0122781,4.59126e+35,0.03468,0.0320697,2.64012,1.16571e-37,7.3954e+15,6.55616e+16,6.66105e+13,7.30236e+16,2.57109e+20,2.90367e+09
6.07958e+06,210594,2.26701e+07,1.98449e+26,5.35957e+26,4.44859e+10,0.0122786,4.5903e+35,0.03468,0.0320655,2.63892,1.16455e-37,7.39482e+15,6.55572e+16,6.6605e+13,7.30186e+16,2.6126e+20,2.90354e+09
6.12958e+06,210584,2.26697e+07,2.0338e+26,5.49125e+26,4.4851e+10,0.0122791,4.58933e+35,0.03468,0.0320614,2.6377,1.16338e-37,7.39425e+15,6.55528e+16,6.65995e+13,7.30136e+16,2.65442e+20,2.9034e+09
6.17958e+06,210574,2.26692e+07,2.08392e+26,5.62502e+26,4.52162e+10,0.0122796,4.58836e+35,0.03468,0.0320572,2.63648,1.1622e-37,7.39366e+15,6.55483e+16,6.65939e+13,7.30086e+16,2.69653e+20,2.90326e+09
6.22958e+06,210564,2.26687e+07,2.13485e+26,5.76091e+26,4.55813e+10,0.0122801,4.58738e+35,0.03468,0.0320529,2.63525,1.16101e-37,7.39307e+15,6.55438e+16,6.65883e+13,7.30035e+16,2.73894e+20,2.90313e+09
6.27958e+06,210554,2.26682e+07,2.18661e+26,5.89892e+26,4.59464e+10,0.0122806,4.58639e+35,0.03468,0.0320487,2.63401,1.15981e-37,7.39248e+15,6.55393e+16,6.65827e+13,7.29983e+16,2.78165e+20,2.90299e+09
6.32958e+06,210544,2.26678e+07,2.23919e+26,6.03908e+26,4.63115e+10,0.0122811,4.5854e+35,0.03468,0.0320444,2.63276,1.15861e-37,7.39189e+15,6.55347e+16,6.6577e+13,7.29931e+16,2.82466e+20,2.90285e+09
6.37958e+06,210533,2.26673e+07,2.29261e+26,6.18139e+26,4.66766e+10,0.0122816,4.58439e+35,0.03468,0.03204,2.6315,1.15739e-37,7.39128e+15,6.55301e+16,6.65712e+13,7.29879e+16,2.86796e+20,2.9027e+09
6.42958e+06,210523,2.26668e+07,2.34687e+26,6.32588e+26,4.70416e+10,0.0122821,4.58338e+35,0.03468,0.0320357,2.63023,1.15617e-37,7.39068e+15,6.55254e+16,6.65654e+13,7.29826e+16,2.91156e+20,2.90256e+09
6.47958e+06,210513,2.26663e+07,2.40197e+26,6.47255e+26,4.74067e+10,0.0122826,4.58236e+35,0.03468,0.0320313,2.62895,1.15494e-37,7.39007e+15,6.55207e+16,6.65596e+13,7.29773e+16,2.95544e+20,2.90242e+09
6.52958e+06,210502,2.26658e+07,2.45794e+26,6.62143e+26,4.77717e+10,0.0122831,4.58134e+35,0.03468,0.0320268,2.62766,1.1537e-37,7.38945e+15,6.5516e+16,6.65537e+13,7.2972e+16,2.99962e+20,2.90227e+09
6.57958e+06,210491,2.26653e+07,2.51476e+26,6.77252e+26,4.81367e+10,0.0122836,4.5803e+35,0.03468,0.0320224,2.62636,1.15246e-37,7.38883e+15,6.55112e+16,6.65477e+13,7.29666e+16,3.0441e+20,2.90212e+09
6.62958e+06,210481,2.26648e+07,2.57245e+26,6.92585e+26,4.85017e+10,0.0122842,4.57926e+35,0.03468,0.0320179,2.62506,1.1512e-37,7.3882e+15,6.55064e+16,6.65418e+13,7.29612e+16,3.08886e+20,2.90198e+09
6.67958e+06,210470,2.26642e+07,2.63101e+26,7.08141e+26,4.88666e+10,0.0122847,4.57821e+35,0.03468,0.0320133,2.62374,1.14994e-37,7.38757e+15,6.55016e+16,6.65357e+13,7.29557e+16,3.13391e+20,2.90183e+09
6.72958e+06,210459,2.26637e+07,2.69045e+26,7.23924e+26,4.92316e+10,0.0122852,4.57716e+35,0.03468,0.0320088,2.62242,1.14867e-37,7.38694e+15,6.54967e+16,6.65297e+13,7.29502e+16,3.17924e+20,2.90168e+09
6.77958e+06,210448,2.26632e+07,2.75078e+26,7.39934e+26,4.95965e+10,0.0122858,4.57609e+35,0.03468,0.0320042,2.62108,1.14739e-37,7.3863e+15,6.54918e+16,6.65236e+13,7.29446e+16,3.22487e+20,2.90153e+09
6.82958e+06,210437,2.26627e+07,2.81201e+26,7.56173e+26,4.99614e+10,0.0122863,4.57502e+35,0.03468,0.0319995,2.61974,1.1461e-37,7.38565e+15,6.54869e+16,6.65174e+13,7.2939e+16,3.27078e+20,2.90138e+09
6.87958e+06,210426,2.26622e+07,2.87413e+26,7.72643e+26,5.03263e+10,0.0122869,4.57394e+35,0.03468,0.0319949,2.61839,1.14481e-37,7.38501e+15,6.54819e+16,6.65112e+13,7.29334e+16,3.31697e+20,2.90122e+09
6.92958e+06,210415,2.26616e+07,2.93716e+26,7.89344e+26,5.06912e+10,0.0122874,4.57285e+35,0.03468,0.0319902,2.61703,1.1435e-37,7.38435e+15,6.54769e+16,6.6505e+13,7.29277e+16,3.36345e+20,2.90107e+09
6.97958e+06,210404,2.26611e+07,3.0011e+26,8.06278e+26,5.1056e+10,0.012288,4.57176e+35,0.03468,0.0319854,2.61565,1.14219e-37,7.38369e+15,6.54718e+16,6.64987e+13,7.2922e+16,3.4102e+20,2.90091e+09
7.02958e+06,210392,2.26605e+07,3.06596e+26,8.23446e+26,5.14208e+10,0.0122885,4.57066e+35,0.03468,0.0319807,2.61427,1.14087e-37,7.38303e+15,6.54668e+16,6.64924e+13,7.29163e+16,3.45724e+20,2.90076e+09
7.07958e+06,210381,2.266e+07,3.13175e+26,8.40851e+26,5.17857e+10,0.0122891,4.56954e+35,0.03468,0.0319759,2.61289,1.13955e-37,7.38236e+15,6.54616e+16,6.6486e+13,7.29105e+16,3.50456e+20,2.9006e+09
7.12958e+06,210369,2.26595e+07,3.19847e+26,8.58492e+26,5.21504e+10,0.0122897,4.56843e+35,0.03468,0.031971,2.61149,1.13821e-37,7.38169e+15,6.54565e+16,6.64796e+13,7.29046e+16,3.55216e+20,2.90044e+09
7.17958e+06,210358,2.26589e+07,3.26613e+26,8.76373e+26,5.25152e+10,0.0122902,4.5673e+35,0.03468,0.0319661,2.61008,1.13687e-37,7.38102e+15,6.54513e+16,6.64731e+13,7.28988e+16,3.60004e+20,2.90028e+09
7.22958e+06,210346,2.26584e+07,3.33473e+26,8.94493e+26,5.288e+10,0.0122908,4.56617e+35,0.03468,0.0319612,2.60867,1.13552e-37,7.38033e+15,6.54461e+16,6.64666e+13,7.28929e+16,3.64819e+20,2.90012e+09
7.27958e+06,210334,2.26578e+07,3.40429e+26,9.12855e+26,5.32447e+10,0.0122914,4.56503e+35,0.03468,0.0319563,2.60724,1.13416e-37,7.37965e+15,6.54408e+16,6.646e+13,7.28869e+16,3.69662e+20,2.89996e+09
7.32958e+06,210323,2.26572e+07,3.4748e+26,9.3146e+26,5.36094e+10,0.012292,4.56388e+35,0.03468,0.0319513,2.60581,1.1328e-37,7.37896e+15,6.54355e+16,6.64534e+13,7.28809e+16,3.74532e+20,2.89979e+09
7.37958e+06,210311,2.26567e+07,3.54628e+26,9.50309e+26,5.39741e+10,0.0122926,4.56272e+35,0.03468,0.0319463,2.60436,1.13142e-37,7.37826e+15,6.54302e+16,6.64468e+13,7.28749e+16,3.79429e+20,2.89963e+09
7.42958e+06,210299,2.26561e+07,3.61873e+26,9.69403e+26,5.43388e+10,0.0122932,4.56156e+35,0.03468,0.0319413,2.60291,1.13004e-37,7.37756e+15,6.54248e+16,6.64401e+13,7.28688e+16,3.84354e+20,2.89946e+09
7.47958e+06,210287,2.26555e+07,3.69215e+26,9.88745e+26,5.47034e+10,0.0122938,4.56039e+35,0.03468,0.0319362,2.60145,1.12866e-37,7.37686e+15,6.54194e+16,6.64334e+13,7.28627e+16,3.89305e+20,2.8993e+09
7.52958e+06,210275,2.26549e+07,3.76656e+26,1.00833e+27,5.5068e+10,0.0122944,4.55921e+35,0.03468,0.0319311,2.59998,1.12726e-37,7.37615e+15,6.54139e+16,6.64266e+13,7.28565e+16,3.94284e+20,2.89913e+09
7.57958e+06,210262,2.26544e+07,3.84197e+26,1.02817e+27,5.54327e+10,0.012295,4.55803e+35,0.03468,0.031926,2.5985,1.12586e-37,7.37543e+15,6.54085e+16,6.64198e+13,7.28503e+16,3.99289e+20,2.89896e+09
7.62958e+06,210250,2.26538e+07,3.91836e+26,1.04826e+27,5.57972e+10,0.0122956,4.55683e+35,0.03468,0.0319208,2.59701,1.12444e-37,7.37472e+15,6.54029e+16,6.64129e+13,7.28441e+16,4.04321e+20,2.89879e+09
7.67958e+06,210238,2.26532e+07,3.99576e+26,1.06861e+27,5.61618e+10,0.0122962,4.55563e+35,0.03468,0.0319156,2.59552,1.12303e-37,7.37399e+15,6.53974e+16,6.6406e+13,7.28378e+16,4.0938e+20,2.89862e+09
7.72958e+06,210225,2.26526e+07,4.07418e+26,1.0892e+27,5.65263e+10,0.0122968,4.55442e+35,0.03468,0.0319104,2.59401,1.1216e-37,7.37326e+15,6.53918e+16,6.6399e+13,7.28315e+16,4.14465e+20,2.89845e+09
7.77958e+06,210213,2.2652e+07,4.1536e+26,1.11005e+27,5.68909e+10,0.0122974,4.55321e+35,0.03468,0.0319051,2.5925,1.12017e-37,7.37253e+15,6.53862e+16,6.6392e+13,7.28251e+16,4.19576e+20,2.89828e+09
7.82958e+06,210200,2.26514e+07,4.23405e+26,1.13116e+27,5.72554e+10,0.0122981,4.55199e+35,0.03468,0.0318998,2.59097,1.11873e-37,7.3718e+15,6.53805e+16,6.6385e+13,7.28187e+16,4.24714e+20,2.8981e+09
7.87958e+06,210187,2.26508e+07,4.31553e+26,1.15253e+27,5.76198e+10,0.0122987,4.55075e+35,0.03468,0.0318945,2.58944,1.11728e-37,7.37105e+15,6.53748e+16,6.63779e+13,7.28123e+16,4.29878e+20,2.89793e+09
7.92958e+06,210175,2.26502e+07,4.39805e+26,1.17415e+27,5.79843e+10,0.0122993,4.54952e+35,0.03468,0.0318892,2.5879,1.11582e-37,7.37031e+15,6.53691e+16,6.63708e+13,7.28058e+16,4.35067e+20,2.89775e+09
7.97958e+06,210162,2.26496e+07,4.4816e+26,1.19603e+27,5.83487e+10,0.0123,4.54827e+35,0.03468,0.0318838,2.58635,1.11436e-37,7.36956e+15,6.53633e+16,6.63636e+13,7.27993e+16,4.40283e+20,2.89757e+09
8.02958e+06,210149,2.2649e+07,4.56621e+26,1.21818e+27,5.87131e+10,0.0123006,4.54702e+35,0.03468,0.0318783,2.58479,1.11289e-37,7.3688e+15,6.53575e+16,6.63564e+13,7.27927e+16,4.45524e+20,2.8974e+09
8.07958e+06,210136,2.26483e+07,4.65187e+26,1.24059e+27,5.90775e+10,0.0123012,4.54576e+35,0.03468,0.0318729,2.58322,1.11141e-37,7.36804e+15,6.53517e+16,6.63491e+13,7.27861e+16,4.50791e+20,2.89722e+09
8.12958e+06,210123,2.26477e+07,4.73859e+26,1.26326e+27,5.94419e+10,0.0123019,4.54449e+35,0.03468,0.0318674,2.58165,1.10993e-37,7.36727e+15,6.53458e+16,6.63418e+13,7.27795e+16,4.56083e+20,2.89704e+09
8.17958e+06,210110,2.26471e+07,4.82638e+26,1.28619e+27,5.98062e+10,0.0123026,4.54321e+35,0.03468,0.0318618,2.58006,1.10844e-37,7.36651e+15,6.53399e+16,6.63344e+13,7.27728e+16,4.614e+20,2.89685e+09
8.22958e+06,210096,2.26464e+07,4.91525e+26,1.3094e+27,6.01705e+10,0.0123032,4.54193e+35,0.03468,0.0318563,2.57847,1.10694e-37,7.36573e+15,6.5334e+16,6.6327e+13,7.2766e+16,4.66743e+20,2.89667e+09
8.27958e+06,210083,2.26458e+07,5.00519e+26,1.33287e+27,6.05348e+10,0.0123039,4.54064e+35,0.03468,0.0318507,2.57686,1.10543e-37,7.36495e+15,6.5328e+16,6.63196e+13,7.27593e+16,4.72111e+20,2.89649e+09
8.32958e+06,210070,2.26452e+07,5.09622e+26,1.35661e+27,6.08991e+10,0.0123045,4.53934e+35,0.03468,0.031845,2.57525,1.10392e-37,7.36417e+15,6.5322e+16,6.63121e+13,7.27525e+16,4.77504e+20,2.8963e+09
8.37958e+06,210056,2.26445e+07,5.18835e+26,1.38062e+27,6.12634e+10,0.0123052,4.53804e+35,0.03468,0.0318394,2.57363,1.1024e-37,7.36338e+15,6.5316e+16,6.63046e+13,7.27456e+16,4.82921e+20,2.89611e+09
8.42958e+06,210043,2.26439e+07,5.28157e+26,1.4049e+27,6.16276e+10,0.0123059,4.53672e+35,0.03468,0.0318337,2.57201,1.10087e-37,7.36259e+15,6.53099e+16,6.6297e+13,7.27388e+16,4.88363e+20,2.89593e+09
8.47958e+06,210029,2.26432e+07,5.37591e+26,1.42946e+27,6.19918e+10,0.0123066,4.5354e+35,0.03468,0.031828,2.57037,1.09934e-37,7.36179e+15,6.53037e+16,6.62894e+13,7.27318e+16,4.9383e+20,2.89574e+09
8.52958e+06,210015,2.26426e+07,5.47135e+26,1.45429e+27,6.2356e+10,0.0123072,4.53407e+35,0.03468,0.0318222,2.56872,1.0978e-37,7.36099e+15,6.52976e+16,6.62817e+13,7.27249e+16,4.99321e+20,2.89555e+09
8.57958e+06,210001,2.26419e+07,5.56792e+26,1.47939e+27,6.27201e+10,0.0123079,4.53274e+35,0.03468,0.0318164,2.56707,1.09625e-37,7.36018e+15,6.52914e+16,6.6274e+13,7.27179e+16,5.04837e+20,2.89536e+09
8.62958e+06,209987,2.26413e+07,5.66561e+26,1.50477e+27,6.30843e+10,0.0123086,4.5314e+35,0.03468,0.0318106,2.56541,1.0947e-37,7.35937e+15,6.52852e+16,6.62663e+13,7.27108e+16,5.10376e+20,2.89517e+09
8.67958e+06,209974,2.26406e+07,5.76443e+26,1.53043e+27,6.34484e+10,0.0123093,4.53005e+35,0.03468,0.0318047,2.56373,1.09314e-37,7.35855e+15,6.52789e+16,6.62585e+13,7.27037e+16,5.1594e+20,2.89497e+09
8.72958e+06,209959,2.26399e+07,5.86439e+26,1.55636e+27,6.38124e+10,0.01231,4.52869e+35,0.03468,0.0317988,2.56205,1.09157e-37,7.35773e+15,6.52726e+16,6.62506e+13,7.26966e+16,5.21528e+20,2.89478e+09
8.77958e+06,209945,2.26393e+07,5.96549e+26,1.58258e+27,6.41765e+10,0.0123107,4.52733e+35,0.03468,0.0317929,2.56037,1.08999e-37,7.35691e+15,6.52663e+16,6.62428e+13,7.26894e+16,5.27139e+20,2.89459e+09
8.82958e+06,209931,2.26386e+07,6.06775e+26,1.60908e+27,6.45405e+10,0.0123114,4.52595e+35,0.03468,0.031787,2.55867,1.08841e-37,7.35608e+15,6.52599e+16,6.62348e+13,7.26822e+16,5.32774e+20,2.89439e+09
8.87958e+06,209917,2.26379e+07,6.17116e+26,1.63586e+27,6.49045e+10,0.0123121,4.52457e+35,0.03468,0.031781,2.55696,1.08683e-37,7.35524e+15,6.52535e+16,6.62269e+13,7.2675e+16,5.38432e+20,2.89419e+09
8.92958e+06,209902,2.26372e+07,6.27574e+26,1.66292e+27,6.52685e+10,0.0123128,4.52319e+35,0.03468,0.031775,2.55525,1.08523e-37,7.35441e+15,6.52471e+16,6.62189e+13,7.26677e+16,5.44114e+20,2.89399e+09
8.97958e+06,209888,2.26365e+07,6.38149e+26,1.69027e+27,6.56325e+10,0.0123136,4.52179e+35,0.03468,0.0317689,2.55353,1.08363e-37,7.35356e+15,6.52406e+16,6.62108e+13,7.26604e+16,5.49819e+20,2.89379e+09
9.02958e+06,209874,2.26358e+07,6.48841e+26,1.71791e+27,6.59964e+10,0.0123143,4.52039e+35,0.03468,0.0317628,2.5518,1.08202e-37,7.35271e+15,6.52341e+16,6.62027e+13,7.2653e+16,5.55547e+20,2.89359e+09
9.07958e+06,209859,2.26351e+07,6.59652e+26,1.74583e+27,6.63603e+10,0.012315,4.51898e+35,0.03468,0.0317567,2.55006,1.08041e-37,7.35186e+15,6.52275e+16,6.61945e+13,7.26456e+16,5.61298e+20,2.89339e+09
9.12958e+06,209844,2.26344e+07,6.70582e+26,1.77404e+27,6.67242e+10,0.0123157,4.51757e+35,0.03468,0.0317505,2.54831,1.07879e-37,7.351e+15,6.5221e+16,6.61864e+13,7.26381e+16,5.67072e+20,2.89319e+09
9.17958e+06,209829,2.26337e+07,6.81632e+26,1.80253e+27,6.70881e+10,0.0123165,4.51614e+35,0.03468,0.0317444,2.54655,1.07716e-37,7.35014e+15,6.52143e+16,6.61781e+13,7.26307e+16,5.72868e+20,2.89299e+09
9.22958e+06,209815,2.2633e+07,6.92801e+26,1.83132e+27,6.74519e+10,0.0123172,4.51471e+35,0.03468,0.0317381,2.54479,1.07553e-37,7.34928e+15,6.52077e+16,6.61698e+13,7.26231e+16,5.78687e+20,2.89278e+09
9.27958e+06,209800,2.26323e+07,7.04092e+26,1.8604e+27,6.78157e+10,0.0123179,4.51328e+35,0.03468,0.0317319,2.54302,1.07389e-37,7.3484e+15,6.5201e+16,6.61615e+13,7.26156e+16,5.84529e+20,2.89257e+09
9.32958e+06,209785,2.26316e+07,7.15504e+26,1.88978e+27,6.81795e+10,0.0123187,4.51183e+35,0.03468,0.0317256,2.54123,1.07224e-37,7.34753e+15,6.51943e+16,6.61532e+13,7.2608e+16,5.90392e+20,2.89237e+09
9.37958e+06,209770,2.26309e+07,7.27038e+26,1.91944e+27,6.85432e+10,0.0123194,4.51038e+35,0.03468,0.0317193,2.53945,1.07059e-37,7.34665e+15,6.51875e+16,6.61447e+13,7.26003e+16,5.96278e+20,2.89216e+09
9.42958e+06,209754,2.26301e+07,7.38695e+26,1.9494e+27,6.8907e+10,0.0123202,4.50892e+35,0.03468,0.031713,2.53765,1.06893e-37,7.34576e+15,6.51807e+16,6.61363e+13,7.25926e+16,6.02186e+20,2.89195e+09
9.47958e+06,209739,2.26294e+07,7.50476e+26,1.97966e+27,6.92707e+10,0.012321,4.50745e+35,0.03468,0.0317066,2.53584,1.06727e-37,7.34487e+15,6.51739e+16,6.61278e+13,7.25849e+16,6.08116e+20,2.89174e+09
9.52958e+06,209724,2.26287e+07,7.6238e+26,2.01022e+27,6.96343e+10,0.0123217,4.50598e+35,0.03468,0.0317002,2.53403,1.06559e-37,7.34398e+15,6.5167e+16,6.61193e+13,7.25771e+16,6.14067e+20,2.89153e+09
9.57958e+06,209708,2.2628e+07,7.74409e+26,2.04107e+27,6.9998e+10,0.0123225,4.5045e+35,0.03468,0.0316937,2.53221,1.06392e-37,7.34308e+15,6.51601e+16,6.61107e+13,7.25693e+16,6.2004e+20,2.89132e+09
9.62958e+06,209693,2.26272e+07,7.86564e+26,2.07222e+27,7.03616e+10,0.0123233,4.50301e+35,0.03468,0.0316873,2.53038,1.06223e-37,7.34218e+15,6.51532e+16,6.6102e+13,7.25615e+16,6.26034e+20,2.8911e+09
9.67958e+06,209677,2.26265e+07,7.98844e+26,2.10367e+27,7.07252e+10,0.012324,4.50151e+35,0.03468,0.0316807,2.52854,1.06055e-37,7.34127e+15,6.51462e+16,6.60934e+13,7.25536e+16,6.3205e+20,2.89089e+09
9.72958e+06,209662,2.26257e+07,8.11251e+26,2.13543e+27,7.10888e+10,0.0123248,4.50001e+35,0.03468,0.0316742,2.52669,1.05885e-37,7.34036e+15,6.51392e+16,6.60847e+13,7.25457e+16,6.38087e+20,2.89067e+09
9.77958e+06,209646,2.2625e+07,8.23786e+26,2.16748e+27,7.14523e+10,0.0123256,4.4985e+35,0.03468,0.0316676,2.52483,1.05715e-37,7.33944e+15,6.51322e+16,6.60759e+13,7.25377e+16,6.44144e+20,2.89045e+09
9.82958e+06,209630,2.26242e+07,8.36448e+26,2.19984e+27,7.18158e+10,0.0123264,4.49698e+35,0.03468,0.031661,2.52297,1.05544e-37,7.33852e+15,6.51251e+16,6.60671e+13,7.25297e+16,6.50223e+20,2.89024e+09
9.87958e+06,209614,2.26235e+07,8.49239e+26,2.23251e+27,7.21793e+10,0.0123272,4.49545e+35,0.03468,0.0316544,2.5211,1.05373e-37,7.33759e+15,6.5118e+16,6.60582e+13,7.25216e+16,6.56322e+20,2.89002e+09
9.92958e+06,209598,2.26227e+07,8.62158e+26,2.26547e+27,7.25428e+10,0.012328,4.49392e+35,0.03468,0.0316477,2.51922,1.05201e-37,7.33666e+15,6.51108e+16,6.60494e+13,7.25136e+16,6.62442e+20,2.8898e+09
9.97958e+06,209582,2.26219e+07,8.75208e+26,2.29875e+27,7.29062e+10,0.0123288,4.49238e+35,0.03468,0.031641,2.51733,1.05028e-37,7.33573e+15,6.51037e+16,6.60404e+13,7.25054e+16,6.68582e+20,2.88958e+09
1.00296e+07,209566,2.26212e+07,8.88388e+26,2.33233e+27,7.32696e+10,0.0123296,4.49084e+35,0.03468,0.0316343,2.51544,1.04855e-37,7.33479e+15,6.50964e+16,6.60314e+13,7.24973e+16,6.74743e+20,2.88935e+09
1.00796e+07,209550,2.26204e+07,9.01699e+26,2.36622e+27,7.3633e+10,0.0123304,4.48928e+35,0.03468,0.0316275,2.51354,1.04682e-37,7.33384e+15,6.50892e+16,6.60224e+13,7.24891e+16,6.80923e+20,2.88913e+09
1.01296e+07,209534,2.26196e+07,9.15142e+26,2.40043e+27,7.39963e+10,0.0123312,4.48772e+35,0.03468,0.0316207,2.51162,1.04507e-37,7.33289e+15,6.50819e+16,6.60134e+13,7.24808e+16,6.87124e+20,2.88891e+09
1.01796e+07,209518,2.26188e+07,9.28717e+26,2.43494e+27,7.43597e+10,0.012332,4.48615e+35,0.03468,0.0316139,2.5097,1.04333e-37,7.33194e+15,6.50746e+16,6.60042e+13,7.24725e+16,6.93344e+20,2.88868e+09
1.02296e+07,209501,2.26181e+07,9.42425e+26,2.46976e+27,7.47229e+10,0.0123328,4.48458e+35,0.03468,0.031607,2.50778,1.04157e-37,7.33098e+15,6.50672e+16,6.59951e+13,7.24642e+16,6.99584e+20,2.88845e+09
1.02796e+07,209485,2.26173e+07,9.56267e+26,2.5049e+27,7.50862e+10,0.0123336,4.483e+35,0.03468,0.0316001,2.50584,1.03981e-37,7.33002e+15,6.50598e+16,6.59859e+13,7.24558e+16,7.05844e+20,2.88822e+09
1.03296e+07,209468,2.26165e+07,9.70243e+26,2.54035e+27,7.54494e+10,0.0123345,4.48141e+35,0.03468,0.0315932,2.5039,1.03805e-37,7.32905e+15,6.50524e+16,6.59767e+13,7.24474e+16,7.12123e+20,2.888e+09
1.03796e+07,209451,2.26157e+07,9.84353e+26,2.57611e+27,7.58126e+10,0.0123353,4.47981e+35,0.03468,0.0315863,2.50195,1.03628e-37,7.32808e+15,6.50449e+16,6.59674e+13,7.2439e+16,7.18421e+20,2.88777e+09
1.04296e+07,209435,2.26149e+07,9.98599e+26,2.61219e+27,7.61758e+10,0.0123361,4.47821e+35,0.03468,0.0315793,2.49999,1.0345e-37,7.3271e+15,6.50374e+16,6.59581e+13,7.24305e+16,7.24739e+20,2.88753e+09
1.04796e+07,209418,2.26141e+07,1.01298e+27,2.64858e+27,7.6539e+10,0.012337,4.47659e+35,0.03468,0.0315722,2.49802,1.03272e-37,7.32612e+15,6.50299e+16,6.59487e+13,7.2422e+16,7.31075e+20,2.8873e+09
1.05296e+07,209401,2.26133e+07,1.0275e+27,2.6853e+27,7.69021e+10,0.0123378,4.47498e+35,0.03468,0.0315652,2.49605,1.03094e-37,7.32514e+15,6.50223e+16,6.59393e+13,7.24134e+16,7.3743e+20,2.88707e+09
1.05796e+07,209384,2.26125e+07,1.04216e+27,2.72233e+27,7.72652e+10,0.0123387,4.47335e+35,0.03468,0.0315581,2.49407,1.02914e-37,7.32415e+15,6.50147e+16,6.59298e+13,7.24048e+16,7.43804e+20,2.88683e+09
1.06296e+07,209367,2.26117e+07,1.05695e+27,2.75968e+27,7.76282e+10,0.0123395,4.47172e+35,0.03468,0.031551,2.49207,1.02735e-37,7.32315e+15,6.50071e+16,6.59203e+13,7.23962e+16,7.50196e+20,2.8866e+09
1.06796e+07,209350,2.26108e+07,1.07188e+27,2.79735e+27,7.79912e+10,0.0123404,4.47008e+35,0.03468,0.0315438,2.49008,1.02555e-37,7.32216e+15,6.49994e+16,6.59108e+13,7.23875e+16,7.56607e+20,2.88636e+09
1.07296e+07,209332,2.261e+07,1.08696e+27,2.83534e+27,7.83542e+10,0.0123412,4.46843e+35,0.03468,0.0315367,2.48807,1.02374e-37,7.32115e+15,6.49917e+16,6.59012e+13,7.23788e+16,7.63036e+20,2.88612e+09
1.07796e+07,209315,2.26092e+07,1.10217e+27,2.87365e+27,7.87172e+10,0.0123421,4.46678e+35,0.03468,0.0315294,2.48606,1.02192e-37,7.32014e+15,6.4984e+16,6.58916e+13,7.237e+16,7.69483e+20,2.88589e+09
1.08296e+07,209298,2.26084e+07,1.11752e+27,2.91229e+27,7.90802e+10,0.012343,4.46512e+35,0.03468,0.0315222,2.48404,1.02011e-37,7.31913e+15,6.49762e+16,6.58819e+13,7.23612e+16,7.75947e+20,2.88565e+09
1.08796e+07,209280,2.26075e+07,1.13301e+27,2.95125e+27,7.94431e+10,0.0123438,4.46345e+35,0.03468,0.0315149,2.48201,1.01828e-37,7.31811e+15,6.49684e+16,6.58722e+13,7.23524e+16,7.8243e+20,2.88541e+09
1.09296e+07,209263,2.26067e+07,1.14865e+27,2.99053e+27,7.98059e+10,0.0123447,4.46178e+35,0.03468,0.0315076,2.47997,1.01645e-37,7.31709e+15,6.49605e+16,6.58624e+13,7.23435e+16,7.8893e+20,2.88516e+09
1.09796e+07,209245,2.26058e+07,1.16443e+27,3.03014e+27,8.01688e+10,0.0123456,4.4601e+35,0.03468,0.0315003,2.47793,1.01462e-37,7.31607e+15,6.49526e+16,6.58526e+13,7.23346e+16,7.95448e+20,2.88492e+09
1.10296e+07,209228,2.2605e+07,1.18035e+27,3.07008e+27,8.05316e+10,0.0123465,4.45841e+35,0.03468,0.0314929,2.47588,1.01278e-37,7.31504e+15,6.49447e+16,6.58428e+13,7.23256e+16,8.01982e+20,2.88468e+09
1.10796e+07,209210,2.26042e+07,1.19641e+27,3.11034e+27,8.08944e+10,0.0123474,4.45671e+35,0.03468,0.0314855,2.47382,1.01094e-37,7.314e+15,6.49368e+16,6.58329e+13,7.23166e+16,8.08534e+20,2.88443e+09
1.11296e+07,209192,2.26033e+07,1.21262e+27,3.15093e+27,8.12571e+10,0.0123483,4.45501e+35,0.03468,0.0314781,2.47175,1.00909e-37,7.31296e+15,6.49288e+16,6.5823e+13,7.23076e+16,8.15103e+20,2.88418e+09
1.11796e+07,209174,2.26024e+07,1.22898e+27,3.19185e+27,8.16199e+10,0.0123492,4.4533e+35,0.03468,0.0314706,2.46968,1.00724e-37,7.31192e+15,6.49208e+16,6.5813e+13,7.22985e+16,8.21689e+20,2.88394e+09
1.12296e+07,209156,2.26016e+07,1.24547e+27,3.2331e+27,8.19826e+10,0.0123501,4.45158e+35,0.03468,0.0314631,2.46759,1.00538e-37,7.31087e+15,6.49127e+16,6.5803e+13,7.22894e+16,8.28292e+20,2.88369e+09
1.12796e+07,209138,2.26007e+07,1.26212e+27,3.27468e+27,8.23452e+10,0.012351,4.44986e+35,0.03468,0.0314556,2.4655,1.00352e-37,7.30981e+15,6.49046e+16,6.57929e+13,7.22802e+16,8.34911e+20,2.88344e+09
1.13296e+07,209120,2.25999e+07,1.27891e+27,3.31659e+27,8.27078e+10,0.0123519,4.44813e+35,0.03468,0.031448,2.46341,1.00165e-37,7.30876e+15,6.48965e+16,6.57828e+13,7.2271e+16,8.41546e+20,2.88319e+09
1.13796e+07,209102,2.2599e+07,1.29585e+27,3.35884e+27,8.30704e+10,0.0123528,4.44639e+35,0.03468,0.0314404,2.4613,9.99776e-38,7.30769e+15,6.48883e+16,6.57727e+13,7.22618e+16,8.48198e+20,2.88294e+09
1.14296e+07,209083,2.25981e+07,1.31294e+27,3.40141e+27,8.3433e+10,0.0123537,4.44465e+35,0.03468,0.0314328,2.45919,9.97899e-38,7.30663e+15,6.48801e+16,6.57625e+13,7.22525e+16,8.54865e+20,2.88268e+09
1.14796e+07,209065,2.25972e+07,1.33017e+27,3.44432e+27,8.37955e+10,0.0123546,4.4429e+35,0.03468,0.0314251,2.45707,9.96017e-38,7.30556e+15,6.48719e+16,6.57522e+13,7.22432e+16,8.61549e+20,2.88243e+09
1.15296e+07,209046,2.25963e+07,1.34756e+27,3.48757e+27,8.41581e+10,0.0123556,4.44114e+35,0.03468,0.0314175,2.45495,9.94131e-38,7.30448e+15,6.48636e+16,6.5742e+13,7.22338e+16,8.68248e+20,2.88217e+09
1.16594e+07,208998,2.2594e+07,1.3934e+27,3.60141e+27,8.5099e+10,0.012358,4.43654e+35,0.03468,0.0313973,2.44939,9.89212e-38,7.30166e+15,6.4842e+16,6.57151e+13,7.22094e+16,8.85713e+20,2.88151e+09
1.19385e+07,208892,2.2589e+07,1.49542e+27,3.85388e+27,8.71214e+10,0.0123633,4.4265e+35,0.03468,0.0313534,2.43728,9.78535e-38,7.29551e+15,6.47947e+16,6.56563e+13,7.21559e+16,9.23605e+20,2.88005e+09
1.24558e+07,208690,2.25793e+07,1.69739e+27,4.35012e+27,9.08674e+10,0.0123734,4.40732e+35,0.03468,0.0312693,2.41424,9.58396e-38,7.28372e+15,6.47041e+16,6.55439e+13,7.20534e+16,9.95002e+20,2.87725e+09
1.33107e+07,208336,2.25624e+07,2.06933e+27,5.25224e+27,9.70497e+10,0.0123911,4.37405e+35,0.03468,0.0311231,2.37455,9.24235e-38,7.26316e+15,6.45462e+16,6.53481e+13,7.18747e+16,1.11587e+21,2.87237e+09
1.46057e+07,207757,2.25348e+07,2.72946e+27,6.81884e+27,1.06394e+11,0.0124202,4.32e+35,0.03468,0.0308846,2.31083,8.70799e-38,7.22952e+15,6.42877e+16,6.50282e+13,7.15823e+16,1.3042e+21,2.86437e+09
1.64453e+07,206843,2.24911e+07,3.88597e+27,9.46937e+27,1.19621e+11,0.0124662,4.23597e+35,0.03468,0.0305115,2.21365,7.92618e-38,7.17664e+15,6.38813e+16,6.45261e+13,7.11224e+16,1.57758e+21,2.85176e+09
1.89409e+07,205439,2.24239e+07,5.9131e+27,1.38695e+28,1.37465e+11,0.0125376,4.10935e+35,0.03468,0.0299436,2.07147,6.85403e-38,7.09561e+15,6.32579e+16,6.37581e+13,7.04173e+16,1.94628e+21,2.83238e+09
2.22192e+07,203312,2.23217e+07,9.4867e+27,2.10072e+28,1.60708e+11,0.0126472,3.92334e+35,0.03468,0.0290969,1.87186,5.49035e-38,6.97357e+15,6.23175e+16,6.26035e+13,6.93537e+16,2.39774e+21,2.80301e+09
2.64333e+07,200124,2.21675e+07,1.58237e+28,3.21633e+28,1.90201e+11,0.0128152,3.6571e+35,0.03468,0.0278577,1.60516,3.92149e-38,6.79231e+15,6.09169e+16,6.0892e+13,6.77701e+16,2.86947e+21,2.75901e+09
3.14333e+07,195719,2.19523e+07,2.62598e+28,4.74722e+28,2.24542e+11,0.0130553,3.31265e+35,0.03468,0.0262019,1.29284,2.44179e-38,6.54497e+15,5.89977e+16,5.85617e+13,6.56013e+16,3.20539e+21,2.69821e+09
3.64333e+07,190694,2.17034e+07,4.02636e+28,6.37874e+28,2.58066e+11,0.0133418,2.95087e+35,0.03468,0.0243907,1.00389,1.40342e-38,6.26728e+15,5.6831e+16,5.59503e+13,6.31542e+16,3.27079e+21,2.62884e+09
4.14333e+07,185111,2.14223e+07,5.81856e+28,7.98006e+28,2.90672e+11,0.0136772,2.58548e+35,0.03468,0.0224736,0.751812,7.4517e-39,5.96447e+15,5.44526e+16,5.31074e+13,6.04702e+16,3.09201e+21,2.55178e+09
4.64333e+07,179035,2.11107e+07,8.02931e+28,9.44419e+28,3.22268e+11,0.0140644,2.22859e+35,0.03468,0.0204988,0.543247,3.65855e-39,5.64176e+15,5.18993e+16,5.00846e+13,5.75912e+16,2.73457e+21,2.46792e+09
5.14333e+07,172533,2.07706e+07,1.06768e+29,1.07017e+29,3.52775e+11,0.0145066,1.89019e+35,0.03468,0.0185116,0.378919,1.66256e-39,5.30443e+15,4.92087e+16,4.69338e+13,5.456e+16,2.27946e+21,2.37819e+09
5.64333e+07,165674,2.04038e+07,1.37704e+29,1.17232e+29,3.82123e+11,0.0150076,1.57785e+35,0.03468,0.0165531,0.255249,7.00033e-40,4.95766e+15,4.64181e+16,4.37057e+13,5.14195e+16,1.80214e+21,2.28354e+09
6.14333e+07,158529,2.00126e+07,1.7311e+29,1.25126e+29,4.10258e+11,0.0155719,1.29661e+35,0.03468,0.0146587,0.16614,2.73415e-40,4.60643e+15,4.35643e+16,4.04484e+13,4.82112e+16,1.35932e+21,2.18493e+09
6.64333e+07,151165,1.95989e+07,2.12912e+29,1.30963e+29,4.37134e+11,0.0162043,1.04917e+35,0.03468,0.0128575,0.104547,9.91737e-41,4.25538e+15,4.06822e+16,3.72065e+13,4.49748e+16,9.84278e+20,2.08333e+09
7.14333e+07,143652,1.91651e+07,2.56959e+29,1.35121e+29,4.62721e+11,0.0169105,8.36144e+34,0.03468,0.011172,0.0636374,3.34479e-41,3.90874e+15,3.78044e+16,3.40199e+13,4.17471e+16,6.89093e+20,1.97967e+09
7.64333e+07,136053,1.87133e+07,3.0503e+29,1.37996e+29,4.86997e+11,0.0176969,6.56493e+34,0.03468,0.00961793,0.0374908,1.05022e-41,3.57024e+15,3.49605e+16,3.09235e+13,3.85616e+16,4.70526e+20,1.87483e+09
8.14333e+07,128429,1.82457e+07,3.5684e+29,1.39945e+29,5.09953e+11,0.0185708,5.07933e+34,0.03468,0.00820507,0.0213893,3.07375e-42,3.24309e+15,3.2177e+16,2.79468e+13,3.5448e+16,3.16729e+20,1.76967e+09
8.64333e+07,120839,1.77646e+07,4.12053e+29,1.41254e+29,5.31589e+11,0.0195402,3.87366e+34,0.03468,0.00693744,0.0118244,8.39621e-43,2.92996e+15,2.94768e+16,2.51135e+13,3.24319e+16,2.12839e+20,1.66496e+09
9.14333e+07,113332,1.7272e+07,4.70285e+29,1.42138e+29,5.51915e+11,0.0206146,2.91266e+34,0.03468,0.00581434,0.00633741,2.1432e-43,2.63295e+15,2.68793e+16,2.24419e+13,2.95347e+16,1.44681e+20,1.56143e+09
9.64333e+07,105958,1.67701e+07,5.31122e+29,1.42745e+29,5.7095e+11,0.0218043,2.15984e+34,0.03468,0.00483117,0.00329489,5.11839e-44,2.35363e+15,2.43999e+16,1.9945e+13,2.67735e+16,1.00618e+20,1.45972e+09
1.01433e+08,98755.5,1.62609e+07,5.94122e+29,1.43173e+29,5.88721e+11,0.0231211,1.57987e+34,0.03468,0.00398033,0.00166264,1.145e-44,2.09309e+15,2.20509e+16,1.76308e+13,2.41617e+16,7.2051e+19,1.36041e+09
1.06433e+08,91761.7,1.57464e+07,6.58831e+29,1.43484e+29,6.05259e+11,0.0245785,1.14022e+34,0.03468,0.00325208,0.000814712,2.40197e-45,1.85191e+15,1.9841e+16,1.55029e+13,2.17084e+16,5.31225e+19,1.26397e+09
1.11433e+08,85006.6,1.52283e+07,7.24787e+29,1.43715e+29,6.20605e+11,0.0261915,8.12128e+33,0.03468,0.00263534,0.000387854,4.73015e-46,1.63032e+15,1.77756e+16,1.35612e+13,1.94195e+16,4.01013e+19,1.17084e+09
1.16433e+08,78514.7,1.47085e+07,7.9153e+29,1.43892e+29,6.34801e+11,0.0279773,5.70968e+33,0.03468,0.00211834,0.000179466,8.75281e-47,1.42814e+15,1.58577e+16,1.18021e+13,1.72976e+16,3.07347e+19,1.08134e+09
1.21433e+08,72305.7,1.41884e+07,8.58612e+29,1.44028e+29,6.47895e+11,0.0299553,3.96306e+33,0.03468,0.00168923,8.07455e-05,1.52322e-47,1.24491e+15,1.40873e+16,1.02195e+13,1.53424e+16,2.37151e+19,9.95752e+08
1.26433e+08,66394.1,1.36698e+07,9.25601e+29,1.44133e+29,6.59936e+11,0.0321478,2.71612e+33,0.03468,0.00133645,3.53367e-05,2.49488e-48,1.07994e+15,1.24627e+16,8.80514e+12,1.35514e+16,1.82957e+19,9.14273e+08
1.31433e+08,60790.2,1.31539e+07,9.92085e+29,1.44213e+29,6.70979e+11,0.0345799,1.83833e+33,0.03468,0.00104911,1.50463e-05,3.84841e-49,9.32339e+14,1.09801e+16,7.54922e+12,1.192e+16,1.4043e+19,8.37041e+08
1.36433e+08,55499.7,1.26419e+07,1.05768e+30,1.44275e+29,6.81443e+11,0.0372804,1.22885e+33,0.03468,0.000817186,6.23482e-06,5.59326e-50,8.01067e+14,9.6344e+15,6.44088e+12,1.04419e+16,1.06896e+19,7.64136e+08
1.41433e+08,50524.8,1.21352e+07,1.12204e+30,1.44322e+29,6.91738e+11,0.0402825,8.11338e+32,0.03468,0.000631636,2.51462e-06,7.66197e-51,6.85004e+14,8.41922e+15,5.4686e+12,9.10969e+15,8.05398e+18,6.95588e+08
1.46433e+08,45864.5,1.16346e+07,1.18483e+30,1.44357e+29,7.01862e+11,0.0436239,5.29109e+32,0.03468,0.000484468,9.87193e-07,9.89387e-52,5.8297e+14,7.32741e+15,4.62064e+12,7.915e+15,5.9995e+18,6.31381e+08
1.51433e+08,41514.8,1.11412e+07,1.24579e+30,1.44383e+29,7.11814e+11,0.0473483,3.40819e+32,0.03468,0.00036873,3.77224e-07,1.20424e-52,4.93768e+14,6.3512e+15,3.88526e+12,6.84885e+15,4.41578e+18,5.71459e+08
1.56433e+08,37469.2,1.06557e+07,1.30464e+30,1.44402e+29,7.21588e+11,0.0515061,2.16825e+32,0.03468,0.000278471,1.40283e-07,1.3812e-53,4.16206e+14,5.48248e+15,3.25102e+12,5.90193e+15,3.21026e+18,5.15731e+08
1.61433e+08,33719.1,1.01788e+07,1.36119e+30,1.44416e+29,7.31183e+11,0.0561558,1.36224e+32,0.03468,0.000208663,5.07593e-08,1.49198e-54,3.49124e+14,4.71298e+15,2.70697e+12,5.06481e+15,2.30475e+18,4.64081e+08
1.66433e+08,30254.6,9.71121e+06,1.41526e+30,1.44425e+29,7.40595e+11,0.0613654,8.45053e+31,0.03468,0.000155117,1.78635e-08,1.51664e-55,2.9141e+14,4.03446e+15,2.24276e+12,4.32811e+15,1.63377e+18,4.16367e+08
1.71433e+08,27064.1,9.2533e+06,1.46671e+30,1.44432e+29,7.49821e+11,0.0672143,5.17485e+31,0.03468,0.000114382,6.1114e-09,1.4492e-56,2.42014e+14,3.43883e+15,1.84875e+12,3.68269e+15,1.14333e+18,3.72431e+08
1.76433e+08,24135,8.80555e+06,1.51542e+30,1.44437e+29,7.58858e+11,0.0737957,3.12726e+31,0.03468,8.36471e-05,2.03117e-09,1.29978e-57,1.99955e+14,2.91827e+15,1.51606e+12,3.11974e+15,7.89733e+17,3.32101e+08
1.81433e+08,21454.4,8.36828e+06,1.56133e+30,1.4444e+29,7.67705e+11,0.0812195,1.8643e+31,0.03468,6.0651e-05,6.55271e-10,1.09223e-58,1.64328e+14,2.46532e+15,1.23662e+12,2.63089e+15,5.38273e+17,2.95194e+08
1.86433e+08,19008.5,7.94175e+06,1.60439e+30,1.44443e+29,7.76358e+11,0.0896157,1.09584e+31,0.03468,4.35902e-05,2.04983e-10,8.5799e-60,1.34307e+14,2.07293e+15,1.00312e+12,2.20824e+15,3.61906e+17,2.61523e+08
1.91433e+08,16783.6,7.52612e+06,1.64457e+30,1.44444e+29,7.84815e+11,0.0991394,6.34766e+30,0.03468,3.10418e-05,6.21003e-11,6.28328e-61,1.09142e+14,1.73451e+15,8.0905e+11,1.84446e+15,2.39926e+17,2.30895e+08
1.96433e+08,14765.7,7.12153e+06,1.68189e+30,1.44445e+29,7.93073e+11,0.109976,3.62089e+30,0.03468,2.18939e-05,1.81929e-11,4.27571e-62,8.81611e+13,1.44394e+15,6.48609e+11,1.53275e+15,1.56754e+17,2.03121e+08
2.01433e+08,12941.2,6.72802e+06,1.71638e+30,1.44446e+29,8.0113e+11,0.12235,2.03236e+30,0.03468,1.52862e-05,5.14479e-12,2.69315e-63,7.07636e+13,1.19559e+15,5.167e+11,1.26687e+15,1.00866e+17,1.7801e+08
2.06433e+08,11296.5,6.34559e+06,1.74809e+30,1.44446e+29,8.08983e+11,0.136532,1.12138e+30,0.03468,1.05587e-05,1.40147e-12,1.56296e-64,5.64193e+13,9.84324e+14,4.08864e+11,1.04115e+15,6.38741e+16,1.55377e+08
2.11433e+08,9818.63,5.97421e+06,1.77708e+30,1.44446e+29,8.16631e+11,0.152855,6.07547e+29,0.03468,7.21023e-06,3.66838e-13,8.31238e-66,4.46618e+13,8.05475e+14,3.21227e+11,8.50458e+14,3.97701e+16,1.3504e+08
2.16433e+08,8494.84,5.61378e+06,1.80345e+30,1.44447e+29,8.24069e+11,0.171728,3.2278e+29,0.03468,4.86354e-06,9.19982e-14,4.0256e-67,3.50841e+13,6.54834e+14,2.50445e+11,6.90169e+14,2.43201e+16,1.16826e+08
2.21433e+08,7313.05,5.26418e+06,1.82728e+30,1.44447e+29,8.31297e+11,0.193659,1.67901e+29,0.03468,3.2374e-06,2.20301e-14,1.76206e-68,2.73327e+13,5.28628e+14,1.93648e+11,5.56154e+14,1.45878e+16,1.00567e+08
2.26433e+08,6261.72,4.92524e+06,1.8487e+30,1.44447e+29,8.38311e+11,0.219288,8.53541e+28,0.03468,2.12412e-06,5.01697e-15,6.91002e-70,2.11028e+13,4.23489e+14,1.48389e+11,4.4474e+14,8.56966e+15,8.61038e+07
2.31433e+08,5329.89,4.59678e+06,1.86781e+30,1.44447e+29,8.45108e+11,0.249425,4.23133e+28,0.03468,1.37186e-06,1.08143e-15,0,1.6133e+13,3.36429e+14,1.12592e+11,3.52675e+14,4.92143e+15,7.32858e+07
2.36433e+08,4507.25,4.2786e+06,1.88474e+30,1.44447e+29,8.51685e+11,0.285108,2.04031e+28,0.03468,8.70748e-07,2.19405e-16,0,1.22003e+13,2.64809e+14,8.45075e+10,2.77094e+14,2.75696e+15,6.19707e+07
2.41433e+08,3784.09,3.97044e+06,1.89963e+30,1.44447e+29,8.58039e+11,0.32769,9.54024e+27,0.03468,5.42115e-07,4.16191e-17,0,9.11563e+12,2.0631e+14,6.26679e+10,2.15488e+14,1.50265e+15,5.20246e+07
2.46433e+08,3151.33,3.67207e+06,1.91262e+30,1.44447e+29,8.64167e+11,0.378951,4.30998e+27,0.03468,3.30304e-07,7.32254e-18,0,6.71956e+12,1.589e+14,4.58494e+10,1.65666e+14,7.94356e+14,4.33227e+07
2.51433e+08,2600.51,3.38322e+06,1.92383e+30,1.44447e+29,8.70063e+11,0.441278,1.87296e+27,0.03468,1.96406e-07,1.18349e-18,0,4.87847e+12,1.20812e+14,3.30377e+10,1.25723e+14,4.0576e+14,3.57482e+07
2.56433e+08,2123.78,3.10361e+06,1.93341e+30,1.44447e+29,8.75725e+11,0.517926,7.7873e+26,0.03468,1.13593e-07,1.73661e-19,0,3.48096e+12,9.05099e+13,2.33969e+10,9.40143e+13,1.99351e+14,2.91929e+07
2.61433e+08,1713.82,2.83296e+06,1.94151e+30,1.44447e+29,8.81147e+11,0.613426,3.07733e+26,0.03468,6.36359e-08,2.28026e-20,0,2.43479e+12,6.66694e+13,1.62424e+10,6.91204e+13,9.36698e+13,2.35564e+07
2.66433e+08,1363.91,2.57097e+06,1.94825e+30,1.44447e+29,8.86324e+11,0.734236,1.14631e+26,0.03468,3.4352e-08,2.63127e-21,0,1.66404e+12,4.81509e+13,1.10174e+10,4.9826e+13,4.17952e+13,1.87458e+07
2.71433e+08,1067.83,2.31736e+06,1.95378e+30,1.44447e+29,8.91248e+11,0.889817,3.98306e+25,0.03468,1.7752e-08,2.60796e-22,0,1.10667e+12,3.39792e+13,7.27214e+09,3.50932e+13,1.75503e+13,1.46755e+07
2.76433e+08,819.825,2.07181e+06,1.95824e+30,1.44447e+29,8.95913e+11,1.09447,1.27363e+25,0.03468,8.7076e-09,2.15543e-23,0,7.12393e+11,2.33234e+13,4.64613e+09,2.40404e+13,6.85504e+12,1.12665e+07
2.81433e+08,614.635,1.83404e+06,1.96175e+30,1.44447e+29,9.00311e+11,1.37066,3.68138e+24,0.03468,4.0089e-09,1.42849e-24,0,4.40772e+11,1.54791e+13,2.85313e+09,1.59227e+13,2.45247e+12,8.44614e+06
2.86433e+08,447.403,1.60373e+06,1.96444e+30,1.44447e+29,9.0443e+11,1.75532,9.38767e+23,0.03468,1.70608e-09,7.19856e-26,0,2.59627e+11,9.8526e+12,1.66807e+09,1.01139e+13,7.86964e+11,6.14772e+06
2.91433e+08,313.66,1.38059e+06,1.96643e+30,1.44447e+29,9.08259e+11,2.31272,2.04097e+23,0.03468,6.56889e-10,2.55962e-27,0,1.43643e+11,5.94627e+12,9.16107e+08,6.09082e+12,2.19907e+11,4.30971e+06
2.96433e+08,209.287,1.16431e+06,1.96785e+30,1.44447e+29,9.11781e+11,3.16301,3.59776e+22,0.03468,2.21717e-10,5.7541e-29,0,7.31852e+10,3.34606e+12,4.63415e+08,3.41971e+12,5.12396e+10,2.87544e+06
3.01433e+08,130.472,954607,1.9688e+30,1.44447e+29,9.14979e+11,4.55305,4.75567e+21,0.03468,6.24587e-11,6.89398e-31,0,3.32953e+10,1.71027e+12,2.09406e+08,1.74377e+12,9.30473e+09,1.79247e+06
3.06433e+08,73.6645,751169,1.96939e+30,1.44447e+29,9.17827e+11,7.06034,4.13329e+20,0.03468,1.35202e-11,3.30272e-33,0,1.28415e+10,7.59829e+11,8.0286e+07,7.72751e+11,1.17523e+09,1.01196e+06
3.11433e+08,35.5136,553695,1.96972e+30,1.44447e+29,9.2029e+11,12.3212,1.84359e+19,0.03468,1.92422e-12,3.68066e-36,0,3.80636e+09,2.70014e+11,2.37014e+07,2.73844e+11,8.32893e+07,487830
3.16433e+08,13.7804,361789,1.96986e+30,1.44447e+29,9.22183e+11,28.1652,2.49324e+17,0.03468,1.36101e-13,2.99899e-40,0,7.85754e+08,6.84601e+10,4.3203e+06,6.92502e+10,2.35991e+06,189274
3.19817e+08,5.29478,235041,1.96989e+30,1.44447e+29,9.23314e+11,65.2409,3.18595e+15,0.03468,9.31526e-15,2.15789e-44,0,1.59563e+08,1.70888e+10,769593,1.72491e+10,63395,72718.8
3.22135e+08,1.96696,149546,1.9699e+30,1.44447e+29,9.23994e+11,158.77,3.31821e+13,0.03468,5.67116e-16,9.91429e-49,0,3.06321e+07,4.03916e+09,126122,4.06992e+09,1454.63,27012.8
3.23762e+08,0.680666,90183.8,1.96991e+30,1.44447e+29,9.24412e+11,443.536,2.059e+11,0.03468,2.59552e-17,1.46028e-53,0,5.22487e+06,8.42914e+08,16680.3,8.48156e+08,23.2713,9347.36
3.24526e+08,0.281204,62515.4,1.96991e+30,1.44447e+29,9.24627e+11,861.363,4.89129e+09,0.03468,2.47597e-18,4.10773e-57,0,1.19735e+06,2.41395e+08,3851.57,2.42596e+08,0.921455,3861.62
3.25226e+08,0.095944,37208,1.96991e+30,1.44447e+29,9.24765e+11,2494.67,2.6777e+07,0.03468,1.06008e-19,4.59318e-62,0,199472,4.90201e+07,483.319,4.922e+07,0.0135187,1317.51
3.25571e+08,0.0359262,24788.7,1.96991e+30,1.44447e+29,9.24841e+11,5196.69,423659,0.03468,7.81989e-21,5.31489e-66,0,38803.4,1.22288e+07,95.2147,1.22677e+07,0.000374207,493.338
3.25779e+08,0.0150386,17288.8,1.96991e+30,1.44447e+29,9.24873e+11,9969.9,10703.5,0.03468,7.74545e-22,1.71075e-69,0,9089.3,3.57021e+06,22.5296,3.57932e+06,1.5535e-05,206.509
3.25789e+08,0.0142927,16926,1.96991e+30,1.44447e+29,9.24874e+11,10362.6,8621.28,0.03468,6.76247e-22,1.06605e-69,0,8350.41,3.32191e+06,20.6969,3.33028e+06,1.28915e-05,196.266
3.258e+08,0.0135535,16555.4,1.96991e+30,1.44447e+29,9.24875e+11,10788.9,6878.71,0.03468,5.86928e-22,6.50697e-70,0,7643.16,3.08115e+06,18.9429,3.08881e+06,1.06108e-05,186.116
3.2581e+08,0.0128526,16192.9,1.96991e+30,1.44447e+29,9.24875e+11,11232.7,5488.38,0.03468,5.09407e-22,3.97179e-70,0,6995.81,2.85783e+06,17.3375,2.86485e+06,8.73362e-06,176.491
3.2582e+08,0.012161,15823.7,1.96991e+30,1.44447e+29,9.24876e+11,11714.5,4338.08,0.03468,4.39524e-22,2.375e-70,0,6379.73,2.64241e+06,15.8098,2.6488e+06,7.13047e-06,166.994
3.2583e+08,0.0115066,15463,1.96991e+30,1.44447e+29,9.24876e+11,12216.9,3428.89,0.03468,3.79229e-22,1.42019e-70,0,5817.9,2.44323e+06,14.4168,2.44906e+06,5.8216e-06,158.008
3.2584e+08,0.0108634,15096.6,1.96991e+30,1.44447e+29,9.24876e+11,12762.2,2684.89,0.03468,3.25281e-22,0,0,5286.02,2.25199e+06,13.0981,2.25729e+06,4.71459e-06,149.175
3.2585e+08,0.0102335,14725.3,1.96991e+30,1.44447e+29,9.24877e+11,13354.2,2082.64,0.03468,2.77366e-22,0,0,4785.09,2.06922e+06,11.8562,2.07402e+06,3.78724e-06,140.525
3.2586e+08,0.00964007,14363.1,1.96991e+30,1.44447e+29,9.24877e+11,13973.7,1615.5,0.03468,2.3651e-22,0,0,4331.63,1.90129e+06,10.7321,1.90564e+06,3.04231e-06,132.376
3.25871e+08,0.009061,13996.9,1.96991e+30,1.44447e+29,9.24877e+11,14646.5,1241.41,0.03468,2.00486e-22,0,0,3906.72,1.74152e+06,9.6788,1.74544e+06,2.42415e-06,124.425
3.25881e+08,0.0084979,13627.5,1.96991e+30,1.44447e+29,9.24877e+11,15377.5,945.016,0.03468,1.68949e-22,0,0,3510.52,1.59019e+06,8.69678,1.59371e+06,1.916e-06,116.692
3.25891e+08,0.00795218,13255.6,1.96991e+30,1.44447e+29,9.24877e+11,16172,712.659,0.03468,1.41536e-22,0,0,3142.89,1.44746e+06,7.78564,1.45061e+06,1.50213e-06,109.198
3.25901e+08,0.00744151,12893.9,1.96991e+30,1.44447e+29,9.24877e+11,17007.5,537.437,0.03468,1.18571e-22,0,0,2813.76,1.31755e+06,6.96997,1.32037e+06,1.17766e-06,102.186
3.25911e+08,0.00694824,12530.5,1.96991e+30,1.44447e+29,9.24877e+11,17916.2,401.505,0.03468,9.87479e-23,0,0,2509.82,1.19554e+06,6.2168,1.19806e+06,9.15823e-07,95.4123
3.25922e+08,0.00647333,12166.1,1.96991e+30,1.44447e+29,9.24877e+11,18905.1,297.147,0.03468,8.17554e-23,0,0,2230.48,1.08144e+06,5.52462,1.08367e+06,7.06448e-07,88.8909
3.25932e+08,0.00601756,11801.5,1.96991e+30,1.44447e+29,9.24877e+11,19982.1,217.857,0.03468,6.72889e-23,0,0,1974.93,975164,4.89145,977144,5.40539e-07,82.6323
3.25942e+08,0.00558152,11437.2,1.96991e+30,1.44447e+29,9.24877e+11,21155.9,158.23,0.03468,5.50566e-23,0,0,1742.23,876583,4.31491,878330,4.10253e-07,76.6445
3.25952e+08,0.00516563,11074,1.96991e+30,1.44447e+29,9.24877e+11,22436.2,113.848,0.03468,4.47831e-23,0,0,1531.29,785502,3.79232,787037,3.08855e-07,70.9336
3.25962e+08,0.00477016,10712.4,1.96991e+30,1.44447e+29,9.24877e+11,23833.9,81.1486,0.03468,3.62124e-23,0,0,1340.93,701683,3.32077,703027,2.3064e-07,65.5031
3.25972e+08,0.00438553,10343.6,1.96991e+30,1.44447e+29,9.24877e+11,25403.7,56.7637,0.03468,2.89386e-23,0,0,1165.62,622892,2.88649,624060,1.69461e-07,60.2214
3.25982e+08,0.004023,9978.21,1.96991e+30,1.44447e+29,9.24877e+11,27122.3,39.3351,0.03468,2.29899e-23,0,0,1009.49,551218,2.49978,552230,1.23505e-07,55.2432
3.25992e+08,0.00368229,9616.91,1.96991e+30,1.44447e+29,9.24877e+11,29005.7,27.0028,0.03468,1.81567e-23,0,0,871.059,486266,2.15691,487139,8.92849e-08,50.5645
3.26003e+08,0.00335555,9251.63,1.96991e+30,1.44447e+29,9.24877e+11,31124.1,18.1918,0.03468,1.41714e-23,0,0,746.089,426287,1.84741,427035,6.35077e-08,46.0778
3.26013e+08,0.0030443,8883.83,1.96991e+30,1.44447e+29,9.24877e+11,33509.4,12.0275,0.03468,1.09311e-23,0,0,634.353,371371,1.57069,372007,4.44458e-08,41.8038
3.26023e+08,0.00275582,8522.8,1.96991e+30,1.44447e+29,9.24877e+11,36137.9,7.87768,0.03468,8.38218e-24,0,0,537.366,322518,1.33052,323057,3.08542e-08,37.8424
3.26033e+08,0.00248367,8161.4,1.96991e+30,1.44447e+29,9.24877e+11,39103.5,5.06358,0.03468,6.35225e-24,0,0,451.864,278342,1.11879,278795,2.10743e-08,34.1052
3.26043e+08,0.00222851,7800.93,1.96991e+30,1.44447e+29,9.24877e+11,42454.5,3.19415,0.03468,4.75747e-24,0,0,377.174,238716,0.933847,239094,1.41628e-08,30.6014
3.26053e+08,0.00198634,7435.8,1.96991e+30,1.44447e+29,9.24877e+11,46325,1.95887,0.03468,3.50058e-24,0,0,311.367,202815,0.770906,203128,9.28921e-09,27.2759
3.26063e+08,0.00176267,7074.72,1.96991e+30,1.44447e+29,9.24877e+11,50718.1,1.17896,0.03468,2.54555e-24,0,0,255.153,171238,0.631723,171494,5.99467e-09,24.2045
3.26073e+08,0.00155383,6712.59,1.96991e+30,1.44447e+29,9.24877e+11,55807.6,0.689834,0.03468,1.81862e-24,0,0,206.788,143224,0.511978,143431,3.7756e-09,21.3369
3.26083e+08,0.00136068,6351.42,1.96991e+30,1.44447e+29,9.24877e+11,61717.4,0.392418,0.03468,1.27649e-24,0,0,165.748,118672,0.410369,118838,2.32082e-09,18.6846
3.26093e+08,0.00118105,5987.58,1.96991e+30,1.44447e+29,9.24877e+11,68712,0.214995,0.03468,8.75083e-25,0,0,130.907,97104.5,0.324113,97235.8,1.38105e-09,16.2179
3.26103e+08,0.0010161,5623.82,1.96991e+30,1.44447e+29,9.24877e+11,77013.9,0.113444,0.03468,5.85918e-25,0,0,101.877,78466.9,0.252242,78569.1,7.95595e-10,13.9528
3.26113e+08,0.00086648,5262.74,1.96991e+30,1.44447e+29,9.24877e+11,86899.3,0.057652,0.03468,3.83161e-25,0,0,78.1237,62616.8,0.193436,62695.1,4.43698e-10,11.8983
