X = 0.734
Y = 0.25
Z = 0.016
mu = 0.601142
Radius,Density,Temp,Mass,Lum,OptD,Kff,KH,Kes,PP,CNO,3a,Deg,Gas,Rad,TotPres, dLdr, dPdT
0,0,0,0,0,0,-nan,0,0.03468,0,0,0,0,0,0,0,0,0
100,250158,5.32108e+06,1.04786e+06,121.142,553084,2.21094,1.08178e+30,0.03468,0.000115609,9.33373e-13,3.3091e-65,9.85241e+15,1.82783e+16,2.02158e+11,2.81309e+16,3.63425e+06,3.43503e+09
50258.5,250158,5.32108e+06,1.33024e+20,1.53788e+16,2.77424e+10,2.21094,1.08177e+30,0.03468,0.000115608,9.33367e-13,3.30905e-65,9.8524e+15,1.82783e+16,2.02157e+11,2.81309e+16,9.17979e+11,3.43502e+09
100431,250158,5.32108e+06,1.06147e+21,1.22715e+17,5.54921e+10,2.21094,1.08176e+30,0.03468,0.000115608,9.33347e-13,3.3089e-65,9.85237e+15,1.82782e+16,2.02157e+11,2.81308e+16,3.66563e+12,3.43502e+09
151090,250157,5.32107e+06,3.61419e+21,4.17828e+17,8.35108e+10,2.21095,1.08175e+30,0.03468,0.000115607,9.33315e-13,3.30865e-65,9.85232e+15,1.82781e+16,2.02155e+11,2.81306e+16,8.29618e+12,3.43501e+09
201693,250156,5.32106e+06,8.59758e+21,9.93937e+17,1.11499e+11,2.21096,1.08172e+30,0.03468,0.000115605,9.3327e-13,3.3083e-65,9.85225e+15,1.8278e+16,2.02154e+11,2.81304e+16,1.47836e+13,3.43499e+09
252364,250154,5.32104e+06,1.68416e+22,1.94698e+18,1.39524e+11,2.21097,1.08169e+30,0.03468,0.000115603,9.33211e-13,3.30784e-65,9.85216e+15,1.82778e+16,2.02151e+11,2.81302e+16,2.31443e+13,3.43497e+09
303431,250152,5.32102e+06,2.92737e+22,3.38416e+18,1.67768e+11,2.21099,1.08165e+30,0.03468,0.000115601,9.33139e-13,3.30728e-65,9.85204e+15,1.82777e+16,2.02148e+11,2.81299e+16,3.34577e+13,3.43494e+09
354091,250150,5.321e+06,4.65198e+22,5.3778e+18,1.95787e+11,2.21101,1.08161e+30,0.03468,0.000115598,9.33055e-13,3.30663e-65,9.85191e+15,1.82774e+16,2.02145e+11,2.81295e+16,4.55606e+13,3.43491e+09
405057,250148,5.32097e+06,6.96374e+22,8.0501e+18,2.23976e+11,2.21103,1.08156e+30,0.03468,0.000115595,9.32956e-13,3.30586e-65,9.85175e+15,1.82772e+16,2.02141e+11,2.81291e+16,5.9618e+13,3.43487e+09
456489,250145,5.32094e+06,9.96734e+22,1.1522e+19,2.52422e+11,2.21106,1.0815e+30,0.03468,0.000115591,9.32844e-13,3.30499e-65,9.85157e+15,1.82769e+16,2.02137e+11,2.81286e+16,7.57156e+13,3.43483e+09
506820,250142,5.32091e+06,1.36411e+23,1.57685e+19,2.8026e+11,2.21109,1.08143e+30,0.03468,0.000115587,9.32721e-13,3.30404e-65,9.85138e+15,1.82765e+16,2.02132e+11,2.81281e+16,9.33282e+13,3.43478e+09
557125,250139,5.32088e+06,1.81193e+23,2.09446e+19,3.08082e+11,2.21112,1.08136e+30,0.03468,0.000115582,9.32585e-13,3.30298e-65,9.85116e+15,1.82762e+16,2.02126e+11,2.81275e+16,1.12768e+14,3.43473e+09
609380,250135,5.32084e+06,2.37107e+23,2.7407e+19,3.36984e+11,2.21115,1.08128e+30,0.03468,0.000115577,9.3243e-13,3.30178e-65,9.85092e+15,1.82758e+16,2.0212e+11,2.81269e+16,1.34906e+14,3.43467e+09
668749,250131,5.32079e+06,3.13374e+23,3.62216e+19,3.6982e+11,2.2112,1.08118e+30,0.03468,0.00011557,9.32238e-13,3.30029e-65,9.85061e+15,1.82752e+16,2.02113e+11,2.81261e+16,1.62461e+14,3.43455e+09
750104,250124,5.32071e+06,4.42214e+23,5.1111e+19,4.14817e+11,2.21126,1.08102e+30,0.03468,0.00011556,9.31945e-13,3.29802e-65,9.85014e+15,1.82745e+16,2.02101e+11,2.81248e+16,2.0437e+14,3.43445e+09
825712,250116,5.32063e+06,5.89856e+23,6.81717e+19,4.56635e+11,2.21133,1.08086e+30,0.03468,0.00011555,9.31643e-13,3.29567e-65,9.84966e+15,1.82737e+16,2.02089e+11,2.81235e+16,2.47616e+14,3.4343e+09
932280,250105,5.32051e+06,8.4896e+23,9.81091e+19,5.15577e+11,2.21144,1.08061e+30,0.03468,0.000115534,9.31168e-13,3.29199e-65,9.8489e+15,1.82724e+16,2.0207e+11,2.81215e+16,3.15598e+14,3.43405e+09
1.07597e+06,250087,5.32032e+06,1.30505e+24,1.50797e+20,5.9505e+11,2.21161,1.08022e+30,0.03468,0.000115509,9.30437e-13,3.28633e-65,9.84773e+15,1.82704e+16,2.02041e+11,2.81184e+16,4.20258e+14,3.43368e+09
1.26377e+06,250060,5.32003e+06,2.11451e+24,2.44282e+20,6.98924e+11,2.21186,1.07963e+30,0.03468,0.000115471,9.29325e-13,3.27773e-65,9.84595e+15,1.82675e+16,2.01997e+11,2.81136e+16,5.79518e+14,3.43312e+09
1.50405e+06,250019,5.31959e+06,3.56409e+24,4.11624e+20,8.31824e+11,2.21225,1.07874e+30,0.03468,0.000115414,9.27645e-13,3.26475e-65,9.84326e+15,1.82629e+16,2.0193e+11,2.81064e+16,8.20292e+14,3.43227e+09
1.80706e+06,249957,5.31892e+06,6.18031e+24,7.13458e+20,9.99418e+11,2.21283,1.0774e+30,0.03468,0.000115328,9.25115e-13,3.24526e-65,9.83919e+15,1.82561e+16,2.0183e+11,2.80955e+16,1.18292e+15,3.431e+09
2.18549e+06,249863,5.31792e+06,1.09306e+25,1.26098e+21,1.20874e+12,2.21371,1.07537e+30,0.03468,0.000115198,9.21318e-13,3.21614e-65,9.83307e+15,1.82459e+16,2.01678e+11,2.80792e+16,1.72765e+15,3.42908e+09
2.6551e+06,249723,5.31642e+06,1.95928e+25,2.25799e+21,1.4685e+12,2.21503,1.07234e+30,0.03468,0.000115004,9.15635e-13,3.17282e-65,9.82386e+15,1.82305e+16,2.0145e+11,2.80545e+16,2.54415e+15,3.42645e+09
3.1551e+06,249544,5.3145e+06,3.28629e+25,3.78241e+21,1.74508e+12,2.21672,1.06848e+30,0.03468,0.000114755,9.08423e-13,3.1183e-65,9.81211e+15,1.82108e+16,2.01159e+11,2.80231e+16,3.58224e+15,3.42334e+09
3.6551e+06,249334,5.31225e+06,5.10676e+25,5.8688e+21,2.02168e+12,2.2187,1.06396e+30,0.03468,0.000114465,9.00044e-13,3.0556e-65,9.79836e+15,1.81878e+16,2.00819e+11,2.79864e+16,4.79139e+15,3.41976e+09
4.1551e+06,249094,5.30967e+06,7.49792e+25,8.60181e+21,2.29829e+12,2.22097,1.05881e+30,0.03468,0.000114132,8.9053e-13,2.98525e-65,9.78263e+15,1.81615e+16,2.00429e+11,2.79443e+16,6.168e+15,3.41571e+09
4.6551e+06,248823,5.30676e+06,1.05366e+26,1.20642e+22,2.57492e+12,2.22354,1.05304e+30,0.03468,0.000113759,8.79919e-13,2.90784e-65,9.76493e+15,1.81318e+16,1.9999e+11,2.78969e+16,7.70804e+15,3.41119e+09
5.1551e+06,248522,5.30353e+06,1.42992e+26,1.63366e+22,2.85157e+12,2.22641,1.04664e+30,0.03468,0.000113345,8.68254e-13,2.824e-65,9.74526e+15,1.80988e+16,1.99503e+11,2.78443e+16,9.40698e+15,3.4062e+09
5.6551e+06,248191,5.29997e+06,1.88614e+26,2.14971e+22,3.12824e+12,2.22957,1.03963e+30,0.03468,0.00011289,8.55579e-13,2.73443e-65,9.72365e+15,1.80626e+16,1.98968e+11,2.77864e+16,1.12598e+16,3.40074e+09
6.1551e+06,247830,5.29608e+06,2.42985e+26,2.76215e+22,3.40495e+12,2.23303,1.03204e+30,0.03468,0.000112395,8.41945e-13,2.63982e-65,9.7001e+15,1.80231e+16,1.98384e+11,2.77234e+16,1.32612e+16,3.39482e+09
6.6551e+06,247440,5.29186e+06,3.06851e+26,3.47826e+22,3.68167e+12,2.23679,1.02386e+30,0.03468,0.000111861,8.27403e-13,2.54091e-65,9.67462e+15,1.79804e+16,1.97753e+11,2.76552e+16,1.54052e+16,3.38844e+09
7.1551e+06,247019,5.28732e+06,3.8095e+26,4.30501e+22,3.95844e+12,2.24085,1.01512e+30,0.03468,0.000111288,8.12008e-13,2.43843e-65,9.64724e+15,1.79344e+16,1.97076e+11,2.75818e+16,1.76857e+16,3.3816e+09
7.6551e+06,246569,5.28246e+06,4.66014e+26,5.24907e+22,4.23523e+12,2.24521,1.00582e+30,0.03468,0.000110677,7.95818e-13,2.33312e-65,9.61797e+15,1.78853e+16,1.96351e+11,2.75034e+16,2.0096e+16,3.3743e+09
8.1551e+06,246090,5.27727e+06,5.62767e+26,6.31676e+22,4.51206e+12,2.24988,9.96e+29,0.03468,0.000110029,7.78892e-13,2.22573e-65,9.58682e+15,1.7833e+16,1.95581e+11,2.742e+16,2.26292e+16,3.36655e+09
8.6551e+06,245581,5.27176e+06,6.71923e+26,7.51403e+22,4.78893e+12,2.25485,9.85661e+29,0.03468,0.000109344,7.61291e-13,2.11697e-65,9.55383e+15,1.77775e+16,1.94766e+11,2.73316e+16,2.5278e+16,3.35835e+09
9.1551e+06,245044,5.26593e+06,7.94187e+26,8.8465e+22,5.06584e+12,2.26013,9.74824e+29,0.03468,0.000108622,7.43079e-13,2.00754e-65,9.519e+15,1.7719e+16,1.93905e+11,2.72382e+16,2.80349e+16,3.3497e+09
9.6551e+06,244477,5.25978e+06,9.30256e+26,1.03194e+23,5.34279e+12,2.26572,9.63509e+29,0.03468,0.000107866,7.24319e-13,1.89812e-65,9.48235e+15,1.76574e+16,1.93001e+11,2.71399e+16,3.0892e+16,3.34062e+09
1.01551e+07,243882,5.25331e+06,1.08082e+27,1.19374e+23,5.61979e+12,2.27163,9.51735e+29,0.03468,0.000107075,7.05075e-13,1.78932e-65,9.44392e+15,1.75928e+16,1.92053e+11,2.70369e+16,3.38413e+16,3.33109e+09
1.06551e+07,243259,5.24652e+06,1.24654e+27,1.37051e+23,5.89683e+12,2.27784,9.39524e+29,0.03468,0.00010625,6.85412e-13,1.68176e-65,9.40372e+15,1.75251e+16,1.91063e+11,2.6929e+16,3.68744e+16,3.32112e+09
1.11551e+07,242607,5.23942e+06,1.4281e+27,1.56264e+23,6.17393e+12,2.28438,9.26895e+29,0.03468,0.000105393,6.65395e-13,1.57597e-65,9.36178e+15,1.74545e+16,1.9003e+11,2.68165e+16,3.99829e+16,3.31073e+09
1.16551e+07,241928,5.232e+06,1.62614e+27,1.77048e+23,6.45107e+12,2.29123,9.1387e+29,0.03468,0.000104504,6.45087e-13,1.47245e-65,9.31813e+15,1.7381e+16,1.88956e+11,2.66993e+16,4.31581e+16,3.29991e+09
1.21551e+07,241221,5.22427e+06,1.84131e+27,1.99435e+23,6.72827e+12,2.2984,9.0047e+29,0.03468,0.000103584,6.24551e-13,1.37165e-65,9.27278e+15,1.73046e+16,1.87842e+11,2.65776e+16,4.63912e+16,3.28866e+09
1.26551e+07,240486,5.21623e+06,2.07422e+27,2.23451e+23,7.00553e+12,2.3059,8.86718e+29,0.03468,0.000102634,6.0385e-13,1.27396e-65,9.22576e+15,1.72253e+16,1.86688e+11,2.64513e+16,4.96735e+16,3.277e+09
1.31551e+07,239725,5.20788e+06,2.32551e+27,2.49119e+23,7.28285e+12,2.31373,8.72636e+29,0.03468,0.000101656,5.83046e-13,1.17972e-65,9.17712e+15,1.71433e+16,1.85495e+11,2.63206e+16,5.2996e+16,3.26492e+09
1.36551e+07,238936,5.19922e+06,2.59577e+27,2.76457e+23,7.56023e+12,2.32188,8.58247e+29,0.03468,0.000100649,5.62196e-13,1.08922e-65,9.12686e+15,1.70585e+16,1.84265e+11,2.61855e+16,5.63496e+16,3.25244e+09
1.41551e+07,238121,5.19025e+06,2.8856e+27,3.05478e+23,7.83768e+12,2.33037,8.43574e+29,0.03468,9.96154e-05,5.41358e-13,1.00267e-65,9.07502e+15,1.6971e+16,1.82997e+11,2.60462e+16,5.97256e+16,3.23955e+09
1.46551e+07,237280,5.18098e+06,3.19555e+27,3.3619e+23,8.11519e+12,2.3392,8.28639e+29,0.03468,9.8556e-05,5.20588e-13,9.20272e-66,9.02164e+15,1.68808e+16,1.81692e+11,2.59026e+16,6.31148e+16,3.22627e+09
1.51551e+07,236412,5.1714e+06,3.52621e+27,3.68599e+23,8.39277e+12,2.34837,8.13466e+29,0.03468,9.74718e-05,4.99937e-13,8.42142e-66,8.96674e+15,1.6788e+16,1.80353e+11,2.57549e+16,6.65084e+16,3.21259e+09
1.56551e+07,235519,5.16153e+06,3.8781e+27,4.02705e+23,8.67042e+12,2.35788,7.98078e+29,0.03468,9.63639e-05,4.79457e-13,7.68364e-66,8.91036e+15,1.66926e+16,1.78979e+11,2.56032e+16,6.98976e+16,3.19852e+09
1.61551e+07,234601,5.15135e+06,4.25177e+27,4.38502e+23,8.94814e+12,2.36773,7.82498e+29,0.03468,9.52333e-05,4.59195e-13,6.98976e-66,8.85252e+15,1.65948e+16,1.77572e+11,2.54475e+16,7.32736e+16,3.18407e+09
1.66551e+07,233657,5.14088e+06,4.64772e+27,4.75982e+23,9.22594e+12,2.37794,7.66749e+29,0.03468,9.40813e-05,4.39195e-13,6.33972e-66,8.79327e+15,1.64944e+16,1.76132e+11,2.52879e+16,7.66279e+16,3.16925e+09
1.71551e+07,232689,5.13011e+06,5.06646e+27,5.15133e+23,9.50382e+12,2.38851,7.50853e+29,0.03468,9.29089e-05,4.19499e-13,5.73314e-66,8.73263e+15,1.63917e+16,1.74661e+11,2.51245e+16,7.99521e+16,3.15406e+09
1.76551e+07,231697,5.11904e+06,5.50847e+27,5.55937e+23,9.78178e+12,2.39943,7.34834e+29,0.03468,9.17172e-05,4.00146e-13,5.16927e-66,8.67064e+15,1.62865e+16,1.73159e+11,2.49574e+16,8.32379e+16,3.1385e+09
1.81551e+07,230680,5.10769e+06,5.97422e+27,5.98373e+23,1.00598e+13,2.41072,7.18714e+29,0.03468,9.05074e-05,3.8117e-13,4.64708e-66,8.60733e+15,1.61791e+16,1.71628e+11,2.47866e+16,8.64772e+16,3.12258e+09
1.86551e+07,229640,5.09605e+06,6.46415e+27,6.42416e+23,1.03379e+13,2.42238,7.02514e+29,0.03468,8.92806e-05,3.62605e-13,4.16531e-66,8.54275e+15,1.60695e+16,1.70069e+11,2.46124e+16,8.96623e+16,3.10631e+09
1.91551e+07,228577,5.08412e+06,6.9787e+27,6.88036e+23,1.06162e+13,2.43441,6.86256e+29,0.03468,8.8038e-05,3.44479e-13,3.72246e-66,8.47692e+15,1.59576e+16,1.68482e+11,2.44347e+16,9.27857e+16,3.0897e+09
1.96551e+07,227490,5.0719e+06,7.51828e+27,7.35202e+23,1.08945e+13,2.44682,6.69962e+29,0.03468,8.67806e-05,3.26818e-13,3.31688e-66,8.40989e+15,1.58436e+16,1.66868e+11,2.42537e+16,9.58399e+16,3.07274e+09
2.01551e+07,226382,5.05941e+06,8.08329e+27,7.83876e+23,1.11728e+13,2.45961,6.53653e+29,0.03468,8.55097e-05,3.09645e-13,2.94676e-66,8.34168e+15,1.57276e+16,1.6523e+11,2.40694e+16,9.88181e+16,3.05545e+09
2.06551e+07,225251,5.04663e+06,8.67412e+27,8.3402e+23,1.14513e+13,2.47279,6.37348e+29,0.03468,8.42264e-05,2.92979e-13,2.61023e-66,8.27234e+15,1.56095e+16,1.63567e+11,2.3882e+16,1.01714e+17,3.03784e+09
2.11551e+07,224098,5.03358e+06,9.29112e+27,8.85589e+23,1.17299e+13,2.48636,6.21068e+29,0.03468,8.29317e-05,2.76837e-13,2.30532e-66,8.20191e+15,1.54894e+16,1.61881e+11,2.36915e+16,1.0452e+17,3.01991e+09
2.16551e+07,222924,5.02025e+06,9.93463e+27,9.38539e+23,1.20086e+13,2.50033,6.04832e+29,0.03468,8.16269e-05,2.61233e-13,2.03002e-66,8.13042e+15,1.53675e+16,1.60174e+11,2.34981e+16,1.07231e+17,3.00166e+09
2.21551e+07,221729,5.00665e+06,1.0605e+28,9.92819e+23,1.22874e+13,2.51471,5.88658e+29,0.03468,8.0313e-05,2.46176e-13,1.78234e-66,8.05791e+15,1.52437e+16,1.58445e+11,2.33018e+16,1.09841e+17,2.98311e+09
2.26551e+07,220513,4.99277e+06,1.13025e+28,1.04838e+24,1.25662e+13,2.52949,5.72566e+29,0.03468,7.89912e-05,2.31676e-13,1.56026e-66,7.98442e+15,1.51181e+16,1.56696e+11,2.31027e+16,1.12346e+17,2.96426e+09
2.31551e+07,219278,4.97864e+06,1.20274e+28,1.10516e+24,1.28452e+13,2.5447,5.56571e+29,0.03468,7.76626e-05,2.17737e-13,1.36184e-66,7.91e+15,1.49908e+16,1.54929e+11,2.2901e+16,1.14739e+17,2.94512e+09
2.36551e+07,218023,4.96423e+06,1.27801e+28,1.16312e+24,1.31243e+13,2.56032,5.40692e+29,0.03468,7.63283e-05,2.04361e-13,1.18516e-66,7.83467e+15,1.48619e+16,1.53143e+11,2.26967e+16,1.17016e+17,2.92569e+09
2.41551e+07,216748,4.94957e+06,1.35607e+28,1.22218e+24,1.34035e+13,2.57638,5.24943e+29,0.03468,7.49893e-05,1.9155e-13,1.02836e-66,7.75848e+15,1.47314e+16,1.51342e+11,2.249e+16,1.19174e+17,2.90599e+09
2.46551e+07,215454,4.93464e+06,1.43695e+28,1.28229e+24,1.36828e+13,2.59287,5.0934e+29,0.03468,7.36468e-05,1.79301e-13,8.89689e-67,7.68146e+15,1.45993e+16,1.49525e+11,2.22809e+16,1.21208e+17,2.88601e+09
2.51551e+07,214142,4.91946e+06,1.52067e+28,1.34339e+24,1.39622e+13,2.6098,4.93899e+29,0.03468,7.23017e-05,1.6761e-13,7.67454e-67,7.60366e+15,1.44657e+16,1.47693e+11,2.20696e+16,1.23116e+17,2.86577e+09
2.56551e+07,212813,4.90402e+06,1.60725e+28,1.4054e+24,1.42418e+13,2.62718,4.78632e+29,0.03468,7.09551e-05,1.56471e-13,6.60068e-67,7.52512e+15,1.43308e+16,1.45848e+11,2.18561e+16,1.24893e+17,2.84528e+09
2.61551e+07,211465,4.88834e+06,1.69671e+28,1.46828e+24,1.45214e+13,2.64502,4.63553e+29,0.03468,6.9608e-05,1.45877e-13,5.66042e-67,7.44588e+15,1.41945e+16,1.43991e+11,2.16405e+16,1.26538e+17,2.82454e+09
2.66551e+07,210100,4.8724e+06,1.78906e+28,1.53194e+24,1.48012e+13,2.66332,4.48675e+29,0.03468,6.82614e-05,1.35818e-13,4.83986e-67,7.36597e+15,1.40569e+16,1.42122e+11,2.1423e+16,1.28048e+17,2.80355e+09
2.71551e+07,208719,4.85622e+06,1.88432e+28,1.59633e+24,1.50811e+13,2.6821,4.34008e+29,0.03468,6.69164e-05,1.26283e-13,4.12611e-67,7.28544e+15,1.39181e+16,1.40244e+11,2.12037e+16,1.29422e+17,2.78234e+09
2.76551e+07,207322,4.8398e+06,1.98249e+28,1.66137e+24,1.53611e+13,2.70135,4.19564e+29,0.03468,6.55737e-05,1.1726e-13,3.5073e-67,7.20432e+15,1.37782e+16,1.38356e+11,2.09827e+16,1.30658e+17,2.7609e+09
2.81551e+07,205908,4.82314e+06,2.08359e+28,1.72699e+24,1.56412e+13,2.7211,4.05353e+29,0.03468,6.42345e-05,1.08736e-13,2.97256e-67,7.12265e+15,1.36372e+16,1.36461e+11,2.076e+16,1.31755e+17,2.73924e+09
2.86551e+07,204480,4.80624e+06,2.18763e+28,1.79312e+24,1.59215e+13,2.74134,3.91384e+29,0.03468,6.28995e-05,1.00697e-13,2.51197e-67,7.04048e+15,1.34951e+16,1.34559e+11,2.05357e+16,1.32712e+17,2.71737e+09
2.91551e+07,203036,4.78911e+06,2.2946e+28,1.8597e+24,1.62018e+13,2.76208,3.77665e+29,0.03468,6.15698e-05,9.31275e-14,2.11653e-67,6.95784e+15,1.33521e+16,1.3265e+11,2.03101e+16,1.3353e+17,2.69529e+09
2.96551e+07,201578,4.77174e+06,2.40453e+28,1.92666e+24,1.64824e+13,2.78334,3.64205e+29,0.03468,6.0246e-05,8.60119e-14,1.77812e-67,6.87478e+15,1.32081e+16,1.30737e+11,2.0083e+16,1.34209e+17,2.67302e+09
3.01551e+07,200107,4.75415e+06,2.5174e+28,1.99392e+24,1.6763e+13,2.80513,3.5101e+29,0.03468,5.89291e-05,7.93338e-14,1.48944e-67,6.79132e+15,1.30634e+16,1.2882e+11,1.98548e+16,1.34748e+17,2.65056e+09
3.06551e+07,198621,4.73634e+06,2.63321e+28,2.06141e+24,1.70438e+13,2.82745,3.38086e+29,0.03468,5.76199e-05,7.30764e-14,1.24398e-67,6.70751e+15,1.29178e+16,1.269e+11,1.96255e+16,1.35149e+17,2.62793e+09
3.11551e+07,197123,4.7183e+06,2.75197e+28,2.12907e+24,1.73247e+13,2.8503,3.2544e+29,0.03468,5.63192e-05,6.72227e-14,1.03594e-67,6.62339e+15,1.27715e+16,1.24978e+11,1.93951e+16,1.35413e+17,2.60511e+09
3.16551e+07,195612,4.70005e+06,2.87368e+28,2.19683e+24,1.76058e+13,2.87372,3.13076e+29,0.03468,5.50277e-05,6.17554e-14,8.60161e-68,6.53899e+15,1.26246e+16,1.23055e+11,1.91637e+16,1.35542e+17,2.58214e+09
3.21551e+07,194089,4.68158e+06,2.99831e+28,2.26462e+24,1.78869e+13,2.89769,3.00998e+29,0.03468,5.37461e-05,5.6657e-14,7.12123e-68,6.45435e+15,1.24771e+16,1.21132e+11,1.89316e+16,1.35537e+17,2.55901e+09
3.26551e+07,192554,4.6629e+06,3.12588e+28,2.33237e+24,1.81683e+13,2.92224,2.89209e+29,0.03468,5.24751e-05,5.19101e-14,5.87841e-68,6.36952e+15,1.23291e+16,1.19211e+11,1.86987e+16,1.354e+17,2.53572e+09
3.31551e+07,191008,4.64401e+06,3.25637e+28,2.40003e+24,1.84497e+13,2.94738,2.77713e+29,0.03468,5.12155e-05,4.74976e-14,4.83832e-68,6.28452e+15,1.21805e+16,1.17291e+11,1.84652e+16,1.35134e+17,2.5123e+09
3.36551e+07,189452,4.62492e+06,3.38976e+28,2.46752e+24,1.87314e+13,2.97311,2.66512e+29,0.03468,4.99678e-05,4.34021e-14,3.97062e-68,6.19939e+15,1.20316e+16,1.15374e+11,1.82311e+16,1.34741e+17,2.48874e+09
3.41551e+07,187885,4.60562e+06,3.52605e+28,2.53478e+24,1.90131e+13,2.99944,2.55606e+29,0.03468,4.87327e-05,3.96069e-14,3.24902e-68,6.11417e+15,1.18823e+16,1.1346e+11,1.79966e+16,1.34225e+17,2.46505e+09
3.46551e+07,186308,4.58613e+06,3.66522e+28,2.60175e+24,1.9295e+13,3.0264,2.44997e+29,0.03468,4.75108e-05,3.60954e-14,2.6508e-68,6.02889e+15,1.17327e+16,1.11551e+11,1.77617e+16,1.33588e+17,2.44125e+09
3.51551e+07,184722,4.56644e+06,3.80725e+28,2.66838e+24,1.95771e+13,3.05399,2.34686e+29,0.03468,4.63025e-05,3.28514e-14,2.15641e-68,5.94359e+15,1.15829e+16,1.09648e+11,1.75266e+16,1.32834e+17,2.41733e+09
3.56551e+07,183127,4.54656e+06,3.95213e+28,2.7346e+24,1.98593e+13,3.08222,2.24672e+29,0.03468,4.51085e-05,2.9859e-14,1.74911e-68,5.85831e+15,1.14329e+16,1.07751e+11,1.72913e+16,1.31967e+17,2.39331e+09
3.61551e+07,181524,4.52649e+06,4.09983e+28,2.80036e+24,2.01416e+13,3.11111,2.14954e+29,0.03468,4.39292e-05,2.71031e-14,1.41461e-68,5.77307e+15,1.12827e+16,1.05861e+11,1.70559e+16,1.30989e+17,2.36919e+09
3.66551e+07,179912,4.50623e+06,4.25034e+28,2.86561e+24,2.04241e+13,3.14067,2.05532e+29,0.03468,4.27651e-05,2.45688e-14,1.14073e-68,5.68792e+15,1.11326e+16,1.03978e+11,1.68206e+16,1.29906e+17,2.34498e+09
3.71551e+07,178294,4.48579e+06,4.40363e+28,2.93028e+24,2.07068e+13,3.17092,1.96403e+29,0.03468,4.16167e-05,2.22418e-14,9.17199e-69,5.60288e+15,1.09823e+16,1.02105e+11,1.65853e+16,1.28721e+17,2.32069e+09
3.76551e+07,176668,4.46517e+06,4.55968e+28,2.99435e+24,2.09896e+13,3.20186,1.87565e+29,0.03468,4.04842e-05,2.01084e-14,7.35318e-69,5.51798e+15,1.08322e+16,1.0024e+11,1.63503e+16,1.27438e+17,2.29632e+09
3.81551e+07,175035,4.44438e+06,4.71845e+28,3.05774e+24,2.12726e+13,3.23352,1.79016e+29,0.03468,3.93682e-05,1.81554e-14,5.87785e-69,5.43326e+15,1.06821e+16,9.83863e+10,1.61155e+16,1.26063e+17,2.27189e+09
3.86551e+07,173397,4.42341e+06,4.87992e+28,3.12043e+24,2.15557e+13,3.2659,1.70753e+29,0.03468,3.82689e-05,1.63703e-14,4.68483e-69,5.34875e+15,1.05322e+16,9.65429e+10,1.5881e+16,1.24598e+17,2.24739e+09
3.91551e+07,171752,4.40228e+06,5.04407e+28,3.18236e+24,2.1839e+13,3.29903,1.62772e+29,0.03468,3.71868e-05,1.4741e-14,3.72306e-69,5.26448e+15,1.03825e+16,9.4711e+10,1.5647e+16,1.23049e+17,2.22285e+09
3.96551e+07,170103,4.38098e+06,5.21085e+28,3.2435e+24,2.21225e+13,3.33291,1.5507e+29,0.03468,3.6122e-05,1.32562e-14,2.95011e-69,5.18048e+15,1.0233e+16,9.28914e+10,1.54136e+16,1.2142e+17,2.19825e+09
4.01551e+07,168448,4.35952e+06,5.38024e+28,3.3038e+24,2.24061e+13,3.36758,1.47642e+29,0.03468,3.50749e-05,1.19051e-14,2.33082e-69,5.09678e+15,1.00838e+16,9.10845e+10,1.51807e+16,1.19717e+17,2.17362e+09
4.06551e+07,166789,4.3379e+06,5.5522e+28,3.36323e+24,2.26899e+13,3.40303,1.40485e+29,0.03468,3.40457e-05,1.06775e-14,1.83616e-69,5.0134e+15,9.93501e+15,8.9291e+10,1.49485e+16,1.17942e+17,2.14896e+09
4.11551e+07,165127,4.31612e+06,5.7267e+28,3.42176e+24,2.29738e+13,3.43929,1.33593e+29,0.03468,3.30346e-05,9.56369e-15,1.44226e-69,4.93038e+15,9.78659e+15,8.75116e+10,1.47171e+16,1.16103e+17,2.12427e+09
4.16551e+07,163460,4.2942e+06,5.9037e+28,3.47936e+24,2.32579e+13,3.47639,1.26962e+29,0.03468,3.20417e-05,8.55467e-15,1.12956e-69,4.84774e+15,9.63862e+15,8.57468e+10,1.44864e+16,1.14202e+17,2.09956e+09
4.21551e+07,161791,4.27212e+06,6.08316e+28,3.53599e+24,2.35422e+13,3.51432,1.20587e+29,0.03468,3.10674e-05,7.64191e-15,8.82076e-70,4.76551e+15,9.49114e+15,8.39971e+10,1.42567e+16,1.12246e+17,2.07484e+09
4.26551e+07,160119,4.2499e+06,6.26504e+28,3.59163e+24,2.38266e+13,3.55312,1.14462e+29,0.03468,3.01116e-05,6.81744e-15,6.86804e-70,4.68371e+15,9.3442e+15,8.22631e+10,1.4028e+16,1.10237e+17,2.05012e+09
4.31551e+07,158445,4.22754e+06,6.4493e+28,3.64625e+24,2.41113e+13,3.59281,1.08582e+29,0.03468,2.91746e-05,6.07382e-15,5.33201e-70,4.60237e+15,9.19785e+15,8.05454e+10,1.38003e+16,1.08182e+17,2.02539e+09
4.36551e+07,156769,4.20504e+06,6.63589e+28,3.69984e+24,2.43961e+13,3.6334,1.02941e+29,0.03468,2.82563e-05,5.40409e-15,4.12742e-70,4.52152e+15,9.05212e+15,7.88443e+10,1.35737e+16,1.06085e+17,2.00068e+09
4.41551e+07,155091,4.1824e+06,6.82478e+28,3.75237e+24,2.4681e+13,3.67491,9.75342e+28,0.03468,2.73569e-05,4.8018e-15,3.18564e-70,4.44117e+15,8.90705e+15,7.71603e+10,1.33483e+16,1.0395e+17,1.97598e+09
4.46551e+07,153413,4.15964e+06,7.01591e+28,3.80382e+24,2.49662e+13,3.71737,9.23549e+28,0.03468,2.64764e-05,4.26094e-15,2.45157e-70,4.36136e+15,8.7627e+15,7.54939e+10,1.31241e+16,1.01783e+17,1.9513e+09
4.51551e+07,151734,4.13674e+06,7.20925e+28,3.85418e+24,2.52515e+13,3.76079,8.73972e+28,0.03468,2.56149e-05,3.77596e-15,1.88113e-70,4.28209e+15,8.6191e+15,7.38455e+10,1.29013e+16,9.95861e+16,1.92665e+09
4.56551e+07,150055,4.11372e+06,7.40474e+28,3.90343e+24,2.5537e+13,3.8052,8.26553e+28,0.03468,2.47723e-05,3.34171e-15,1.43921e-70,4.2034e+15,8.47628e+15,7.22155e+10,1.26798e+16,9.73653e+16,1.90203e+09
4.61551e+07,148376,4.09058e+06,7.60234e+28,3.95157e+24,2.58226e+13,3.85063,7.81229e+28,0.03468,2.39486e-05,2.95345e-15,1.09788e-70,4.12531e+15,8.33429e+15,7.06043e+10,1.24597e+16,9.51243e+16,1.87745e+09
4.66551e+07,146697,4.06732e+06,7.80199e+28,3.99858e+24,2.61084e+13,3.89709,7.3794e+28,0.03468,2.31437e-05,2.60681e-15,0,4.04783e+15,8.19316e+15,6.90122e+10,1.22411e+16,9.28675e+16,1.85291e+09
4.71551e+07,145020,4.04395e+06,8.00365e+28,4.04447e+24,2.63945e+13,3.94461,6.96623e+28,0.03468,2.23577e-05,2.29778e-15,0,3.97098e+15,8.05293e+15,6.74395e+10,1.2024e+16,9.05988e+16,1.82843e+09
4.76551e+07,143344,4.02047e+06,8.20727e+28,4.08921e+24,2.66807e+13,3.99322,6.57218e+28,0.03468,2.15904e-05,2.02267e-15,0,3.89478e+15,7.91364e+15,6.58865e+10,1.18085e+16,8.83221e+16,1.80401e+09
4.81551e+07,141670,3.99688e+06,8.41278e+28,4.13282e+24,2.6967e+13,4.04294,6.19662e+28,0.03468,2.08418e-05,1.77811e-15,0,3.81926e+15,7.77531e+15,6.43536e+10,1.15946e+16,8.60412e+16,1.77964e+09
4.86551e+07,139997,3.97318e+06,8.62015e+28,4.17528e+24,2.72536e+13,4.09379,5.83895e+28,0.03468,2.01117e-05,1.56103e-15,0,3.74442e+15,7.63798e+15,6.2841e+10,1.13825e+16,8.37598e+16,1.75535e+09
4.91551e+07,138328,3.94938e+06,8.82931e+28,4.21661e+24,2.75403e+13,4.14581,5.49854e+28,0.03468,1.94e-05,1.36862e-15,0,3.67029e+15,7.50168e+15,6.1349e+10,1.1172e+16,8.14813e+16,1.73113e+09
4.96551e+07,136661,3.92549e+06,9.04021e+28,4.25679e+24,2.78272e+13,4.19903,5.17481e+28,0.03468,1.87066e-05,1.19831e-15,0,3.59687e+15,7.36645e+15,5.98776e+10,1.09634e+16,7.92093e+16,1.70699e+09
5.01551e+07,134997,3.9015e+06,9.25279e+28,4.29584e+24,2.81143e+13,4.25347,4.86715e+28,0.03468,1.80313e-05,1.04778e-15,0,3.52419e+15,7.2323e+15,5.84273e+10,1.07565e+16,7.69468e+16,1.68293e+09
5.06551e+07,133337,3.87742e+06,9.46701e+28,4.33377e+24,2.84016e+13,4.30916,4.57497e+28,0.03468,1.73739e-05,9.14929e-16,0,3.45225e+15,7.09927e+15,5.69981e+10,1.05516e+16,7.4697e+16,1.65896e+09
5.11551e+07,131681,3.85325e+06,9.68279e+28,4.37057e+24,2.86891e+13,4.36613,4.29768e+28,0.03468,1.67342e-05,7.97847e-16,0,3.38108e+15,6.96738e+15,5.55902e+10,1.03485e+16,7.24629e+16,1.63509e+09
5.16551e+07,130029,3.82899e+06,9.90009e+28,4.40626e+24,2.89767e+13,4.42442,4.03471e+28,0.03468,1.61122e-05,6.9481e-16,0,3.31068e+15,6.83667e+15,5.42037e+10,1.01474e+16,7.02473e+16,1.61132e+09
5.21551e+07,128381,3.80466e+06,1.01188e+29,4.44085e+24,2.92646e+13,4.48406,3.7855e+28,0.03468,1.55075e-05,6.04263e-16,0,3.24106e+15,6.70715e+15,5.28388e+10,9.94826e+15,6.80527e+16,1.58765e+09
5.26551e+07,126739,3.78025e+06,1.0339e+29,4.47434e+24,2.95526e+13,4.54508,3.54948e+28,0.03468,1.49199e-05,5.24806e-16,0,3.17224e+15,6.57884e+15,5.14956e+10,9.75114e+15,6.58817e+16,1.56409e+09
5.31551e+07,125101,3.75576e+06,1.05605e+29,4.50676e+24,2.98408e+13,4.60752,3.32613e+28,0.03468,1.43492e-05,4.5518e-16,0,3.10423e+15,6.45178e+15,5.01742e+10,9.55606e+15,6.37366e+16,1.54064e+09
5.36551e+07,123469,3.7312e+06,1.07832e+29,4.53811e+24,3.01292e+13,4.67141,3.11489e+28,0.03468,1.37952e-05,3.94256e-16,0,3.03703e+15,6.32598e+15,4.88746e+10,9.36306e+15,6.16195e+16,1.51731e+09
5.41551e+07,121843,3.70657e+06,1.10072e+29,4.56841e+24,3.04178e+13,4.7368,2.91527e+28,0.03468,1.32576e-05,3.41024e-16,0,2.97066e+15,6.20146e+15,4.75968e+10,9.17217e+15,5.95326e+16,1.49411e+09
5.46551e+07,120223,3.68187e+06,1.12323e+29,4.59767e+24,3.07065e+13,4.80371,2.72674e+28,0.03468,1.27362e-05,2.94578e-16,0,2.90513e+15,6.07824e+15,4.6341e+10,8.98341e+15,5.74777e+16,1.47103e+09
5.51551e+07,118610,3.65712e+06,1.14586e+29,4.62591e+24,3.09955e+13,4.87219,2.54882e+28,0.03468,1.22307e-05,2.54111e-16,0,2.84043e+15,5.95634e+15,4.51072e+10,8.79682e+15,5.54565e+16,1.44808e+09
5.56551e+07,117003,3.6323e+06,1.16858e+29,4.65316e+24,3.12846e+13,4.94227,2.38103e+28,0.03468,1.17408e-05,2.18904e-16,0,2.77659e+15,5.83577e+15,4.38952e+10,8.61241e+15,5.34706e+16,1.42527e+09
5.61551e+07,115403,3.60743e+06,1.19141e+29,4.67941e+24,3.15739e+13,5.01401,2.22289e+28,0.03468,1.12663e-05,1.88318e-16,0,2.7136e+15,5.71656e+15,4.27052e+10,8.4302e+15,5.15214e+16,1.4026e+09
5.66551e+07,113810,3.5825e+06,1.21432e+29,4.7047e+24,3.18634e+13,5.08745,2.07395e+28,0.03468,1.08069e-05,1.61783e-16,0,2.65147e+15,5.59871e+15,4.15371e+10,8.25022e+15,4.96103e+16,1.38007e+09
5.71551e+07,112225,3.55753e+06,1.23732e+29,4.72905e+24,3.21531e+13,5.16262,1.93379e+28,0.03468,1.03624e-05,1.38797e-16,0,2.59021e+15,5.48225e+15,4.03909e+10,8.07249e+15,4.77384e+16,1.35769e+09
5.76551e+07,110648,3.5325e+06,1.2604e+29,4.75247e+24,3.2443e+13,5.23958,1.80196e+28,0.03468,9.93228e-06,1.18913e-16,0,2.52982e+15,5.36717e+15,3.92664e+10,7.89703e+15,4.59068e+16,1.33545e+09
5.81551e+07,109078,3.50744e+06,1.28355e+29,4.77498e+24,3.27331e+13,5.31837,1.67807e+28,0.03468,9.51644e-06,1.01737e-16,0,2.4703e+15,5.25351e+15,3.81637e+10,7.72384e+15,4.41162e+16,1.31337e+09
5.86551e+07,107517,3.48233e+06,1.30676e+29,4.79661e+24,3.30233e+13,5.39904,1.5617e+28,0.03468,9.11452e-06,8.6922e-17,0,2.41166e+15,5.14125e+15,3.70826e+10,7.55295e+15,4.23676e+16,1.29145e+09
5.91551e+07,105965,3.45718e+06,1.33004e+29,4.81738e+24,3.33138e+13,5.48164,1.45249e+28,0.03468,8.72625e-06,7.41616e-17,0,2.3539e+15,5.03043e+15,3.6023e+10,7.38436e+15,4.06615e+16,1.26969e+09
5.96551e+07,104421,3.432e+06,1.35337e+29,4.8373e+24,3.36044e+13,5.56623,1.35006e+28,0.03468,8.35131e-06,6.31867e-17,0,2.29702e+15,4.92103e+15,3.49849e+10,7.21809e+15,3.89985e+16,1.24809e+09
6.01551e+07,102886,3.40679e+06,1.37674e+29,4.8564e+24,3.38952e+13,5.65286,1.25405e+28,0.03468,7.98941e-06,5.3761e-17,0,2.24103e+15,4.81309e+15,3.39681e+10,7.05415e+15,3.7379e+16,1.22666e+09
6.06551e+07,101361,3.38155e+06,1.40016e+29,4.8747e+24,3.41862e+13,5.74159,1.16413e+28,0.03468,7.64024e-06,4.56777e-17,0,2.18593e+15,4.70659e+15,3.29724e+10,6.89255e+15,3.58032e+16,1.2054e+09
6.11551e+07,99844.8,3.35628e+06,1.42361e+29,4.89222e+24,3.44774e+13,5.83246,1.07997e+28,0.03468,7.30351e-06,3.87554e-17,0,2.13171e+15,4.60154e+15,3.19978e+10,6.73328e+15,3.42714e+16,1.18431e+09
6.16551e+07,98338.3,3.33098e+06,1.4471e+29,4.90899e+24,3.47688e+13,5.92555,1.00125e+28,0.03468,6.97892e-06,3.28361e-17,0,2.07837e+15,4.49796e+15,3.10441e+10,6.57636e+15,3.27838e+16,1.16339e+09
6.21551e+07,96841.8,3.30567e+06,1.4706e+29,4.92503e+24,3.50604e+13,6.02092,9.2767e+27,0.03468,6.66615e-06,2.77818e-17,0,2.02592e+15,4.39584e+15,3.01111e+10,6.4218e+15,3.13402e+16,1.14265e+09
6.26551e+07,95355.2,3.28033e+06,1.49412e+29,4.94036e+24,3.53521e+13,6.11862,8.58945e+27,0.03468,6.36492e-06,2.34723e-17,0,1.97436e+15,4.2952e+15,2.91986e+10,6.26958e+15,2.99406e+16,1.1221e+09
6.31551e+07,93878.9,3.25499e+06,1.51765e+29,4.95499e+24,3.5644e+13,6.21873,7.94797e+27,0.03468,6.07492e-06,1.98032e-17,0,1.92367e+15,4.19602e+15,2.83065e+10,6.11972e+15,2.85848e+16,1.10172e+09
6.36551e+07,92413,3.22962e+06,1.54118e+29,4.96896e+24,3.59361e+13,6.32131,7.34962e+27,0.03468,5.79585e-06,1.6684e-17,0,1.87387e+15,4.09832e+15,2.74346e+10,5.97222e+15,2.72726e+16,1.08153e+09
6.41551e+07,90957.7,3.20425e+06,1.56471e+29,4.98229e+24,3.62284e+13,6.42643,6.7919e+27,0.03468,5.52743e-06,1.4036e-17,0,1.82495e+15,4.00209e+15,2.65826e+10,5.82707e+15,2.60037e+16,1.06153e+09
6.46551e+07,89513.2,3.17887e+06,1.58823e+29,4.99498e+24,3.65209e+13,6.53417,6.2724e+27,0.03468,5.26934e-06,1.17914e-17,0,1.7769e+15,3.90734e+15,2.57504e+10,5.68427e+15,2.47776e+16,1.04171e+09
6.51551e+07,88079.7,3.15349e+06,1.61174e+29,5.00708e+24,3.68136e+13,6.6446,5.78883e+27,0.03468,5.02131e-06,9.8916e-18,0,1.72973e+15,3.81406e+15,2.49377e+10,5.54381e+15,2.35939e+16,1.02209e+09
6.56551e+07,86657.2,3.1281e+06,1.63523e+29,5.0186e+24,3.71064e+13,6.75779,5.33903e+27,0.03468,4.78305e-06,8.28591e-18,0,1.68342e+15,3.72226e+15,2.41443e+10,5.4057e+15,2.24521e+16,1.00266e+09
6.61551e+07,85245.9,3.10272e+06,1.65869e+29,5.02955e+24,3.73994e+13,6.87384,4.92093e+27,0.03468,4.55427e-06,6.93083e-18,0,1.63798e+15,3.63192e+15,2.337e+10,5.26992e+15,2.13515e+16,9.83421e+08
6.66551e+07,83846.1,3.07733e+06,1.68212e+29,5.03997e+24,3.76926e+13,6.99282,4.53256e+27,0.03468,4.33469e-06,5.78895e-18,0,1.59339e+15,3.54306e+15,2.26146e+10,5.13647e+15,2.02916e+16,9.6438e+08
6.71551e+07,82457.8,3.05196e+06,1.70552e+29,5.04986e+24,3.7986e+13,7.11482,4.17206e+27,0.03468,4.12402e-06,4.82814e-18,0,1.54967e+15,3.45566e+15,2.18778e+10,5.00535e+15,1.92717e+16,9.45536e+08
6.76551e+07,81081.2,3.02659e+06,1.72886e+29,5.05925e+24,3.82795e+13,7.23993,3.83766e+27,0.03468,3.922e-06,4.02091e-18,0,1.50679e+15,3.36972e+15,2.11593e+10,4.87653e+15,1.82911e+16,9.26892e+08
6.81551e+07,79716.4,3.00123e+06,1.75216e+29,5.06817e+24,3.85733e+13,7.36825,3.52769e+27,0.03468,3.72836e-06,3.34372e-18,0,1.46475e+15,3.28524e+15,2.0459e+10,4.75001e+15,1.73489e+16,9.08448e+08
6.86551e+07,78363.5,2.97588e+06,1.77541e+29,5.07662e+24,3.88672e+13,7.49986,3.24057e+27,0.03468,3.54282e-06,2.77647e-18,0,1.42356e+15,3.20221e+15,1.97765e+10,4.62578e+15,1.64444e+16,8.90206e+08
6.91551e+07,77022.6,2.95054e+06,1.79859e+29,5.08463e+24,3.91612e+13,7.63487,2.9748e+27,0.03468,3.36513e-06,2.30202e-18,0,1.38319e+15,3.12062e+15,1.91117e+10,4.50383e+15,1.55768e+16,8.72167e+08
6.96551e+07,75693.9,2.92523e+06,1.82171e+29,5.09221e+24,3.94555e+13,7.77337,2.72896e+27,0.03468,3.19503e-06,1.90581e-18,0,1.34365e+15,3.04047e+15,1.84641e+10,4.38414e+15,1.47452e+16,8.54331e+08
7.01551e+07,74377.4,2.89993e+06,1.84475e+29,5.09939e+24,3.97499e+13,7.91549,2.50173e+27,0.03468,3.03227e-06,1.57542e-18,0,1.30493e+15,2.96176e+15,1.78337e+10,4.2667e+15,1.39488e+16,8.36701e+08
7.06551e+07,73073.3,2.87466e+06,1.86772e+29,5.10617e+24,4.00445e+13,8.06132,2.29183e+27,0.03468,2.87659e-06,1.30035e-18,0,1.26702e+15,2.88446e+15,1.722e+10,4.1515e+15,1.31866e+16,8.19276e+08
7.11551e+07,71781.7,2.84941e+06,1.8906e+29,5.11258e+24,4.03392e+13,8.21099,2.09809e+27,0.03468,2.72776e-06,1.07167e-18,0,1.22991e+15,2.80859e+15,1.66229e+10,4.03852e+15,1.24578e+16,8.02057e+08
7.16551e+07,70502.5,2.82418e+06,1.9134e+29,5.11864e+24,4.06341e+13,8.36461,1.91939e+27,0.03468,2.58553e-06,8.81868e-19,0,1.1936e+15,2.73412e+15,1.6042e+10,3.92774e+15,1.17614e+16,7.85046e+08
7.21551e+07,69236,2.79898e+06,1.9361e+29,5.12436e+24,4.09292e+13,8.52231,1.75468e+27,0.03468,2.44968e-06,7.24568e-19,0,1.15808e+15,2.66105e+15,1.54772e+10,3.81914e+15,1.10965e+16,7.68243e+08
7.26551e+07,67982.2,2.77382e+06,1.95871e+29,5.12975e+24,4.12245e+13,8.68421,1.60298e+27,0.03468,2.31997e-06,5.94408e-19,0,1.12334e+15,2.58937e+15,1.4928e+10,3.71272e+15,1.04621e+16,7.51648e+08
7.31551e+07,66741.1,2.74868e+06,1.98121e+29,5.13483e+24,4.15199e+13,8.85044,1.46335e+27,0.03468,2.19618e-06,4.86873e-19,0,1.08937e+15,2.51906e+15,1.43942e+10,3.60844e+15,9.85737e+15,7.35262e+08
7.36551e+07,65512.9,2.72358e+06,2.0036e+29,5.13962e+24,4.18154e+13,9.02115,1.33494e+27,0.03468,2.0781e-06,3.9817e-19,0,1.05616e+15,2.45012e+15,1.38756e+10,3.5063e+15,9.28129e+15,7.19085e+08
7.41551e+07,64297.6,2.69852e+06,2.02588e+29,5.14412e+24,4.21112e+13,9.19648,1.21691e+27,0.03468,1.9655e-06,3.25117e-19,0,1.02371e+15,2.38254e+15,1.33719e+10,3.40627e+15,8.73294e+15,7.03117e+08
7.46551e+07,63095.2,2.6735e+06,2.04804e+29,5.14836e+24,4.2407e+13,9.37658,1.10852e+27,0.03468,1.85819e-06,2.65047e-19,0,9.92001e+14,2.31631e+15,1.28828e+10,3.30832e+15,8.21138e+15,6.87359e+08
7.51551e+07,61905.8,2.64851e+06,2.07008e+29,5.15234e+24,4.27031e+13,9.56159,1.00906e+27,0.03468,1.75596e-06,2.15732e-19,0,9.6103e+14,2.25141e+15,1.24079e+10,3.21245e+15,7.71568e+15,6.71811e+08
7.56551e+07,60729.4,2.62357e+06,2.092e+29,5.15608e+24,4.29993e+13,9.75169,9.17839e+26,0.03468,1.65862e-06,1.75311e-19,0,9.30787e+14,2.18783e+15,1.19471e+10,3.11863e+15,7.24491e+15,6.56473e+08
7.61551e+07,59566.2,2.59867e+06,2.11377e+29,5.1596e+24,4.32956e+13,9.94704,8.34252e+26,0.03468,1.56597e-06,1.42234e-19,0,9.01262e+14,2.12555e+15,1.15e+10,3.02683e+15,6.79815e+15,6.41344e+08
7.66551e+07,58416,2.57382e+06,2.13542e+29,5.16289e+24,4.35921e+13,10.1478,7.57715e+26,0.03468,1.47783e-06,1.1521e-19,0,8.72445e+14,2.06458e+15,1.10664e+10,2.93703e+15,6.37452e+15,6.26426e+08
7.71551e+07,57279,2.54902e+06,2.15692e+29,5.16598e+24,4.38887e+13,10.3542,6.87683e+26,0.03468,1.39401e-06,9.31681e-20,0,8.44327e+14,2.00488e+15,1.06459e+10,2.84922e+15,5.9731e+15,6.11717e+08
7.76551e+07,56155.2,2.52427e+06,2.17828e+29,5.16887e+24,4.41854e+13,10.5663,6.23654e+26,0.03468,1.31434e-06,7.52187e-20,0,8.16898e+14,1.94646e+15,1.02384e+10,2.76337e+15,5.59303e+15,5.97217e+08
7.81551e+07,55044.5,2.49957e+06,2.19949e+29,5.17158e+24,4.44823e+13,10.7845,5.65157e+26,0.03468,1.23865e-06,6.06263e-20,0,7.90148e+14,1.88929e+15,9.84348e+09,2.67945e+15,5.23344e+15,5.82926e+08
7.86551e+07,53947.1,2.47492e+06,2.22054e+29,5.17411e+24,4.47794e+13,11.0088,5.11753e+26,0.03468,1.16677e-06,4.87829e-20,0,7.64068e+14,1.83337e+15,9.46092e+09,2.59744e+15,4.89349e+15,5.68844e+08
7.91551e+07,52862.9,2.45032e+06,2.24144e+29,5.17648e+24,4.50766e+13,11.2396,4.63038e+26,0.03468,1.09855e-06,3.91868e-20,0,7.38647e+14,1.77867e+15,9.09042e+09,2.51732e+15,4.57235e+15,5.54971e+08
7.96551e+07,51791.9,2.42579e+06,2.26217e+29,5.17869e+24,4.53739e+13,11.4769,4.18634e+26,0.03468,1.03383e-06,3.14246e-20,0,7.13874e+14,1.72518e+15,8.73174e+09,2.43907e+15,4.26921e+15,5.41305e+08
8.01551e+07,50734.2,2.40131e+06,2.28275e+29,5.18075e+24,4.56713e+13,11.7211,3.78191e+26,0.03468,9.72451e-07,2.51567e-20,0,6.89741e+14,1.6729e+15,8.38458e+09,2.36265e+15,3.98328e+15,5.27846e+08
8.06551e+07,49689.7,2.37689e+06,2.30315e+29,5.18268e+24,4.59688e+13,11.9724,3.41383e+26,0.03468,9.14276e-07,2.0104e-20,0,6.66237e+14,1.62179e+15,8.04869e+09,2.28804e+15,3.71379e+15,5.14594e+08
8.11551e+07,48658.4,2.35253e+06,2.32338e+29,5.18447e+24,4.62665e+13,12.231,3.07911e+26,0.03468,8.59161e-07,1.6038e-20,0,6.43351e+14,1.57186e+15,7.7238e+09,2.21522e+15,3.45998e+15,5.01548e+08
8.16551e+07,47640.4,2.32823e+06,2.34343e+29,5.18614e+24,4.65643e+13,12.4973,2.77497e+26,0.03468,8.06971e-07,1.27717e-20,0,6.21074e+14,1.52308e+15,7.40964e+09,2.14416e+15,3.22114e+15,4.88707e+08
8.21551e+07,46635.5,2.304e+06,2.36331e+29,5.1877e+24,4.68622e+13,12.7713,2.49883e+26,0.03468,7.57575e-07,1.01525e-20,0,5.99395e+14,1.47544e+15,7.10596e+09,2.07484e+15,2.99655e+15,4.76071e+08
8.26551e+07,45643.9,2.27984e+06,2.383e+29,5.18914e+24,4.71602e+13,13.0536,2.24832e+26,0.03468,7.10844e-07,8.05588e-21,0,5.78303e+14,1.42892e+15,6.8125e+09,2.00723e+15,2.78552e+15,4.63638e+08
8.31551e+07,44665.4,2.25574e+06,2.4025e+29,5.19049e+24,4.74584e+13,13.3443,2.02123e+26,0.03468,6.66658e-07,6.38061e-21,0,5.57789e+14,1.3835e+15,6.52899e+09,1.9413e+15,2.58739e+15,4.51408e+08
8.36551e+07,43700,2.23171e+06,2.42182e+29,5.19173e+24,4.77566e+13,13.6437,1.81556e+26,0.03468,6.24897e-07,5.04443e-21,0,5.37842e+14,1.33918e+15,6.2552e+09,1.87703e+15,2.40151e+15,4.3938e+08
8.41551e+07,42747.8,2.20775e+06,2.44095e+29,5.19289e+24,4.80549e+13,13.9522,1.62943e+26,0.03468,5.85449e-07,3.98066e-21,0,5.18452e+14,1.29594e+15,5.99086e+09,1.8144e+15,2.22728e+15,4.27553e+08
8.46551e+07,41808.7,2.18386e+06,2.45988e+29,5.19396e+24,4.83534e+13,14.2701,1.46112e+26,0.03468,5.48204e-07,3.13531e-21,0,4.99608e+14,1.25375e+15,5.73574e+09,1.75337e+15,2.06407e+15,4.15925e+08
8.51551e+07,40882.6,2.16004e+06,2.47861e+29,5.19496e+24,4.86519e+13,14.5977,1.30906e+26,0.03468,5.13056e-07,2.4648e-21,0,4.81301e+14,1.21261e+15,5.48959e+09,1.69392e+15,1.91133e+15,4.04497e+08
8.56551e+07,39969.6,2.1363e+06,2.49714e+29,5.19588e+24,4.89505e+13,14.9355,1.1718e+26,0.03468,4.79904e-07,1.93396e-21,0,4.63519e+14,1.1725e+15,5.25217e+09,1.63602e+15,1.76848e+15,3.93266e+08
8.61551e+07,39069.5,2.11263e+06,2.51547e+29,5.19673e+24,4.92492e+13,15.2837,1.048e+26,0.03468,4.48651e-07,1.5145e-21,0,4.46253e+14,1.1334e+15,5.02325e+09,1.57966e+15,1.635e+15,3.82231e+08
8.66551e+07,38182.4,2.08904e+06,2.5336e+29,5.19752e+24,4.9548e+13,15.6429,9.36439e+25,0.03468,4.19203e-07,1.18369e-21,0,4.29493e+14,1.09529e+15,4.80259e+09,1.52479e+15,1.51038e+15,3.71392e+08
8.71551e+07,37308.1,2.06552e+06,2.55152e+29,5.19824e+24,4.98469e+13,16.0134,8.35991e+25,0.03468,3.91471e-07,9.23296e-22,0,4.13229e+14,1.05817e+15,4.58997e+09,1.4714e+15,1.39411e+15,3.60747e+08
8.76551e+07,36446.7,2.04209e+06,2.56922e+29,5.19891e+24,5.01458e+13,16.3956,7.45631e+25,0.03468,3.65367e-07,7.18736e-22,0,3.97449e+14,1.022e+15,4.38516e+09,1.41946e+15,1.28574e+15,3.50295e+08
8.81551e+07,35598,2.01873e+06,2.58672e+29,5.19953e+24,5.04448e+13,16.7901,6.64419e+25,0.03468,3.4081e-07,5.58357e-22,0,3.82145e+14,9.86789e+14,4.18794e+09,1.36894e+15,1.1848e+15,3.40035e+08
8.86551e+07,34762.1,1.99545e+06,2.604e+29,5.2001e+24,5.07439e+13,17.1972,5.91493e+25,0.03468,3.1772e-07,4.3287e-22,0,3.67307e+14,9.52506e+14,3.99809e+09,1.31982e+15,1.09086e+15,3.29964e+08
8.91551e+07,33938.9,1.97225e+06,2.62106e+29,5.20062e+24,5.1043e+13,17.6175,5.26068e+25,0.03468,2.96022e-07,3.34883e-22,0,3.52924e+14,9.19138e+14,3.8154e+09,1.27207e+15,1.00351e+15,3.20083e+08
8.96551e+07,33128.2,1.94914e+06,2.63791e+29,5.2011e+24,5.13422e+13,18.0516,4.67426e+25,0.03468,2.75642e-07,2.58528e-22,0,3.38986e+14,8.86669e+14,3.63966e+09,1.22566e+15,9.22366e+14,3.10389e+08
9.01551e+07,32330.1,1.92611e+06,2.65454e+29,5.20155e+24,5.16414e+13,18.4999,4.14914e+25,0.03468,2.56511e-07,1.99154e-22,0,3.25485e+14,8.55084e+14,3.47066e+09,1.18057e+15,8.47039e+14,3.00881e+08
9.06551e+07,31544.5,1.90316e+06,2.67095e+29,5.20195e+24,5.19407e+13,18.9631,3.67934e+25,0.03468,2.38562e-07,1.53082e-22,0,3.1241e+14,8.24366e+14,3.3082e+09,1.13678e+15,7.77176e+14,2.91558e+08
9.11551e+07,30771.3,1.8803e+06,2.68713e+29,5.20233e+24,5.224e+13,19.4417,3.25944e+25,0.03468,2.21732e-07,1.17408e-22,0,2.99752e+14,7.94499e+14,3.15208e+09,1.09425e+15,7.12437e+14,2.82418e+08
9.16551e+07,30010.4,1.85752e+06,2.70309e+29,5.20267e+24,5.25393e+13,19.9364,2.88451e+25,0.03468,2.05961e-07,8.98461e-23,0,2.87501e+14,7.65468e+14,3.00211e+09,1.05297e+15,6.52499e+14,2.7346e+08
9.21551e+07,29261.8,1.83483e+06,2.71882e+29,5.20298e+24,5.28387e+13,20.4479,2.55005e+25,0.03468,1.91189e-07,6.85979e-23,0,2.75648e+14,7.37256e+14,2.85809e+09,1.01291e+15,5.97054e+14,2.64681e+08
9.26551e+07,28525.4,1.81223e+06,2.73433e+29,5.20327e+24,5.31381e+13,20.9769,2.25199e+25,0.03468,1.77362e-07,5.2254e-23,0,2.64183e+14,7.09849e+14,2.71984e+09,9.74035e+14,5.45811e+14,2.56082e+08
9.31551e+07,27801.1,1.78972e+06,2.74961e+29,5.20353e+24,5.34375e+13,21.5241,1.98664e+25,0.03468,1.64428e-07,3.97109e-23,0,2.53098e+14,6.8323e+14,2.58718e+09,9.36331e+14,4.98495e+14,2.47659e+08
9.36551e+07,27088.9,1.76729e+06,2.76466e+29,5.20377e+24,5.37369e+13,22.0902,1.75065e+25,0.03468,1.52335e-07,3.01068e-23,0,2.42383e+14,6.57384e+14,2.45993e+09,8.9977e+14,4.54844e+14,2.39412e+08
9.41551e+07,26388.5,1.74496e+06,2.77948e+29,5.20398e+24,5.40363e+13,22.6762,1.54099e+25,0.03468,1.41036e-07,2.27703e-23,0,2.3203e+14,6.32296e+14,2.33791e+09,8.64329e+14,4.14613e+14,2.31339e+08
9.46551e+07,25700.1,1.72271e+06,2.79407e+29,5.20418e+24,5.43357e+13,23.2829,1.35491e+25,0.03468,1.30485e-07,1.71793e-23,0,2.22029e+14,6.0795e+14,2.22096e+09,8.29982e+14,3.77567e+14,2.23437e+08
9.51551e+07,25023.5,1.70056e+06,2.80843e+29,5.20436e+24,5.46351e+13,23.9111,1.18994e+25,0.03468,1.20639e-07,1.29287e-23,0,2.12372e+14,5.84331e+14,2.1089e+09,7.96705e+14,3.43486e+14,2.15707e+08
9.56551e+07,24358.5,1.67849e+06,2.82255e+29,5.20452e+24,5.49345e+13,24.5619,1.04384e+25,0.03468,1.11457e-07,9.70507e-24,0,2.0305e+14,5.61424e+14,2.00157e+09,7.64476e+14,3.12164e+14,2.08145e+08
9.61551e+07,23705.2,1.65652e+06,2.83645e+29,5.20467e+24,5.52338e+13,25.2362,9.14601e+24,0.03468,1.02899e-07,7.26641e-24,0,1.94054e+14,5.39214e+14,1.89881e+09,7.33271e+14,2.83405e+14,2.00751e+08
9.66551e+07,23063.4,1.63465e+06,2.85011e+29,5.20481e+24,5.55332e+13,25.9351,8.00398e+24,0.03468,9.49279e-08,5.42622e-24,0,1.85377e+14,5.17687e+14,1.80047e+09,7.03066e+14,2.57025e+14,1.93523e+08
9.71551e+07,22433,1.61286e+06,2.86353e+29,5.20493e+24,5.58324e+13,26.6598,6.99597e+24,0.03468,8.75088e-08,4.04121e-24,0,1.7701e+14,4.96827e+14,1.70639e+09,6.73838e+14,2.32852e+14,1.86458e+08
9.76551e+07,21814,1.59117e+06,2.87673e+29,5.20504e+24,5.61317e+13,27.4114,6.10729e+24,0.03468,8.06079e-08,3.00151e-24,0,1.68944e+14,4.7662e+14,1.61643e+09,6.45565e+14,2.10723e+14,1.79555e+08
9.81551e+07,21206.2,1.56957e+06,2.88969e+29,5.20514e+24,5.64309e+13,28.1912,5.32473e+24,0.03468,7.41934e-08,2.22311e-24,0,1.61172e+14,4.57051e+14,1.53044e+09,6.18224e+14,1.90486e+14,1.72814e+08
9.86551e+07,20609.6,1.54807e+06,2.90241e+29,5.20523e+24,5.673e+13,29.0005,4.63643e+24,0.03468,6.82353e-08,1.64192e-24,0,1.53685e+14,4.38107e+14,1.44829e+09,5.91794e+14,1.71999e+14,1.66231e+08
9.91551e+07,20024,1.52666e+06,2.91491e+29,5.20532e+24,5.7029e+13,29.8407,4.03179e+24,0.03468,6.27048e-08,1.20917e-24,0,1.46477e+14,4.19773e+14,1.36982e+09,5.66251e+14,1.55128e+14,1.59805e+08
9.96551e+07,19449.4,1.50535e+06,2.92716e+29,5.20539e+24,5.7328e+13,30.7133,3.50128e+24,0.03468,5.75751e-08,8.87864e-25,0,1.39539e+14,4.02036e+14,1.29492e+09,5.41576e+14,1.39749e+14,1.53534e+08
1.00155e+08,18885.7,1.48414e+06,2.93919e+29,5.20546e+24,5.76268e+13,31.6199,3.03641e+24,0.03468,5.28205e-08,6.4998e-25,0,1.32863e+14,3.84881e+14,1.22345e+09,5.17745e+14,1.25745e+14,1.47417e+08
1.00655e+08,18332.7,1.46302e+06,2.95098e+29,5.20551e+24,5.79256e+13,32.5621,2.62957e+24,0.03468,4.8417e-08,4.74376e-25,0,1.26443e+14,3.68295e+14,1.15528e+09,4.94739e+14,1.13007e+14,1.41453e+08
1.01155e+08,17790.4,1.44199e+06,2.96254e+29,5.20557e+24,5.82243e+13,33.5417,2.27399e+24,0.03468,4.43417e-08,3.45133e-25,0,1.20271e+14,3.52264e+14,1.09029e+09,4.72536e+14,1.01434e+14,1.35638e+08
1.01655e+08,17258.7,1.42106e+06,2.97387e+29,5.20562e+24,5.85228e+13,34.5607,1.96362e+24,0.03468,4.05731e-08,2.50301e-25,0,1.1434e+14,3.36776e+14,1.02836e+09,4.51117e+14,9.09313e+13,1.29972e+08
1.02155e+08,16737.4,1.40023e+06,2.98496e+29,5.20566e+24,5.88213e+13,35.6209,1.69309e+24,0.03468,3.70908e-08,1.80934e-25,0,1.08642e+14,3.21817e+14,9.69377e+08,4.3046e+14,8.14112e+13,1.24453e+08
1.02655e+08,16226.5,1.3795e+06,2.99583e+29,5.2057e+24,5.91195e+13,36.7246,1.4576e+24,0.03468,3.38757e-08,1.30356e-25,0,1.03172e+14,3.07374e+14,9.13225e+08,4.10547e+14,7.27921e+13,1.19079e+08
1.03155e+08,15725.9,1.35886e+06,3.00646e+29,5.20573e+24,5.94177e+13,37.8739,1.25292e+24,0.03468,3.09097e-08,9.35963e-26,0,9.79211e+13,2.93435e+14,8.59794e+08,3.91356e+14,6.49981e+13,1.13848e+08
1.03655e+08,15235.4,1.33833e+06,3.01687e+29,5.20576e+24,5.97157e+13,39.0713,1.07526e+24,0.03468,2.81758e-08,6.69687e-26,0,9.28841e+13,2.79986e+14,8.08978e+08,3.72871e+14,5.79591e+13,1.08759e+08
1.04155e+08,14755,1.31788e+06,3.02705e+29,5.20579e+24,6.00135e+13,40.3193,9.21284e+23,0.03468,2.5658e-08,4.77457e-26,0,8.80541e+13,2.67016e+14,7.60674e+08,3.5507e+14,5.16099e+13,1.03809e+08
1.04655e+08,14284.5,1.29754e+06,3.03699e+29,5.20582e+24,6.03111e+13,41.6207,7.88043e+23,0.03468,2.33413e-08,3.39164e-26,0,8.34247e+13,2.54511e+14,7.14782e+08,3.37937e+14,4.58904e+13,9.89983e+07
1.05155e+08,13823.9,1.27729e+06,3.04672e+29,5.20584e+24,6.06086e+13,42.9783,6.7292e+23,0.03468,2.12115e-08,2.40027e-26,0,7.89897e+13,2.42461e+14,6.71203e+08,3.21452e+14,4.07448e+13,9.43238e+07
1.05655e+08,13373.1,1.25715e+06,3.05621e+29,5.20586e+24,6.09058e+13,44.3954,5.73609e+23,0.03468,1.92552e-08,1.69218e-26,0,7.47428e+13,2.30854e+14,6.29844e+08,3.05597e+14,3.61219e+13,8.9784e+07
1.06155e+08,12931.8,1.2371e+06,3.06549e+29,5.20587e+24,6.12028e+13,45.8751,4.88077e+23,0.03468,1.74602e-08,1.18829e-26,0,7.06781e+13,2.19677e+14,5.90613e+08,2.90355e+14,3.19742e+13,8.53773e+07
1.06655e+08,12500.1,1.21714e+06,3.07454e+29,5.20589e+24,6.14996e+13,47.421,4.14535e+23,0.03468,1.58146e-08,8.31097e-27,0,6.67898e+13,2.08919e+14,5.53422e+08,2.75709e+14,2.82582e+13,8.1102e+07
1.07155e+08,12077.9,1.19729e+06,3.08337e+29,5.2059e+24,6.17961e+13,49.0371,3.51409e+23,0.03468,1.43074e-08,5.78874e-27,0,6.3072e+13,1.98568e+14,5.18185e+08,2.61641e+14,2.49338e+13,7.69565e+07
1.07655e+08,11665,1.17753e+06,3.09198e+29,5.20591e+24,6.20924e+13,50.7272,2.97319e+23,0.03468,1.29285e-08,4.01488e-27,0,5.95191e+13,1.88615e+14,4.84819e+08,2.48134e+14,2.19639e+13,7.2939e+07
1.08155e+08,11261.2,1.15787e+06,3.10037e+29,5.20592e+24,6.23885e+13,52.4958,2.51054e+23,0.03468,1.16682e-08,2.77248e-27,0,5.61257e+13,1.79047e+14,4.53244e+08,2.35173e+14,1.9315e+13,6.9048e+07
1.08655e+08,10866.6,1.13831e+06,3.10854e+29,5.20593e+24,6.26842e+13,54.3476,2.11555e+23,0.03468,1.05175e-08,1.90599e-27,0,5.28863e+13,1.69854e+14,4.23382e+08,2.22741e+14,1.69558e+13,6.52817e+07
1.09155e+08,10481,1.11885e+06,3.1165e+29,5.20594e+24,6.29796e+13,56.2877,1.77895e+23,0.03468,9.46807e-09,1.30429e-27,0,4.97958e+13,1.61026e+14,3.95158e+08,2.10822e+14,1.48581e+13,6.16386e+07
1.09655e+08,10104.4,1.09948e+06,3.12424e+29,5.20595e+24,6.32748e+13,58.3213,1.49268e+23,0.03468,8.51201e-09,8.88319e-28,0,4.68489e+13,1.52551e+14,3.685e+08,1.99401e+14,1.2996e+13,5.81169e+07
1.10155e+08,9736.46,1.08021e+06,3.13178e+29,5.20595e+24,6.35695e+13,60.4545,1.24969e+23,0.03468,7.64203e-09,6.02074e-28,0,4.40406e+13,1.44421e+14,3.43338e+08,1.88462e+14,1.13456e+13,5.47152e+07
1.10655e+08,9377.25,1.06104e+06,3.1391e+29,5.20596e+24,6.3864e+13,62.6934,1.04386e+23,0.03468,6.85131e-09,4.06025e-28,0,4.13661e+13,1.36624e+14,3.19604e+08,1.7799e+14,9.88557e+12,5.14319e+07
1.11155e+08,9026.63,1.04196e+06,3.14621e+29,5.20596e+24,6.41581e+13,65.0449,8.69875e+22,0.03468,6.13349e-09,2.72403e-28,0,3.88205e+13,1.29151e+14,2.97233e+08,1.67972e+14,8.59612e+12,4.82652e+07
1.11655e+08,8684.49,1.02298e+06,3.15312e+29,5.20597e+24,6.44518e+13,67.5163,7.23127e+22,0.03468,5.48268e-09,1.81786e-28,0,3.63992e+13,1.21992e+14,2.76161e+08,1.58392e+14,7.4594e+12,4.52138e+07
1.12155e+08,8350.73,1.0041e+06,3.15983e+29,5.20597e+24,6.47451e+13,70.1156,5.99629e+22,0.03468,4.89336e-09,1.20648e-28,0,3.40977e+13,1.15139e+14,2.56329e+08,1.49237e+14,6.45921e+12,4.22759e+07
1.12655e+08,8025.24,985313,3.16633e+29,5.20597e+24,6.50379e+13,72.8513,4.95936e+22,0.03468,4.36044e-09,7.96201e-29,0,3.19116e+13,1.08581e+14,2.37677e+08,1.40492e+14,5.58084e+12,3.94502e+07
1.13155e+08,7707.91,966622,3.17264e+29,5.20598e+24,6.53304e+13,75.7327,4.09079e+22,0.03468,3.87917e-09,5.22376e-29,0,2.98364e+13,1.02309e+14,2.20149e+08,1.32146e+14,4.81098e+12,3.6735e+07
1.13655e+08,7398.65,948026,3.17874e+29,5.20598e+24,6.56224e+13,78.77,3.36504e+22,0.03468,3.44516e-09,3.40658e-29,0,2.7868e+13,9.63148e+13,2.03691e+08,1.24183e+14,4.13761e+12,3.4129e+07
1.14155e+08,7097.34,929526,3.18466e+29,5.20598e+24,6.59139e+13,81.9743,2.76014e+22,0.03468,3.05434e-09,2.2077e-29,0,2.60023e+13,9.05895e+13,1.88251e+08,1.16592e+14,3.54988e+12,3.16306e+07
1.14655e+08,6803.89,911120,3.19038e+29,5.20598e+24,6.62049e+13,85.3574,2.2573e+22,0.03468,2.70294e-09,1.42153e-29,0,2.42352e+13,8.51243e+13,1.73777e+08,1.0936e+14,3.03802e+12,2.92383e+07
1.15155e+08,6518.19,892809,3.19591e+29,5.20598e+24,6.64953e+13,88.9324,1.84044e+22,0.03468,2.38747e-09,9.09208e-30,0,2.2563e+13,7.9911e+13,1.60223e+08,1.02474e+14,2.59323e+12,2.69508e+07
1.15655e+08,6240.15,874592,3.20125e+29,5.20599e+24,6.67853e+13,92.7137,1.4958e+22,0.03468,2.10471e-09,5.77511e-30,0,2.09818e+13,7.49412e+13,1.47541e+08,9.59232e+13,2.20763e+12,2.47666e+07
1.16155e+08,5969.65,856468,3.2064e+29,5.20599e+24,6.70746e+13,96.7168,1.21172e+22,0.03468,1.85169e-09,3.64197e-30,0,1.9488e+13,7.0207e+13,1.35686e+08,8.96951e+13,1.87415e+12,2.26842e+07
1.16655e+08,5706.6,838437,3.21138e+29,5.20599e+24,6.73634e+13,100.959,9.78252e+21,0.03468,1.62568e-09,2.27969e-30,0,1.80779e+13,6.57004e+13,1.24615e+08,8.37784e+13,1.58646e+12,2.07025e+07
1.17155e+08,5450.89,820498,3.21617e+29,5.20599e+24,6.76515e+13,105.458,7.86977e+21,0.03468,1.42414e-09,1.41596e-30,0,1.6748e+13,6.14137e+13,1.14288e+08,7.81619e+13,1.33892e+12,1.88199e+07
1.17655e+08,5202.43,802652,3.22079e+29,5.20599e+24,6.7939e+13,110.236,6.30779e+21,0.03468,1.24477e-09,8.72441e-31,0,1.54951e+13,5.73395e+13,1.04664e+08,7.28347e+13,1.12649e+12,1.70352e+07
1.18155e+08,4961.12,784897,3.22523e+29,5.20599e+24,6.82258e+13,115.316,5.03653e+21,0.03468,1.08544e-09,5.33074e-31,0,1.43159e+13,5.34703e+13,9.57062e+07,6.77862e+13,9.44712e+11,1.53471e+07
1.18655e+08,4726.85,767232,3.2295e+29,5.20599e+24,6.85119e+13,120.721,4.00552e+21,0.03468,9.44181e-10,3.22893e-31,0,1.3207e+13,4.97988e+13,8.73772e+07,6.30059e+13,7.89605e+11,1.37542e+07
1.19155e+08,4499.53,749659,3.2336e+29,5.20599e+24,6.87972e+13,126.48,3.17238e+21,0.03468,8.19214e-10,1.93817e-31,0,1.21655e+13,4.63182e+13,7.96424e+07,5.84837e+13,6.57657e+11,1.22554e+07
1.19655e+08,4279.06,732174,3.23753e+29,5.20599e+24,6.90818e+13,132.623,2.5017e+21,0.03468,7.08896e-10,1.15244e-31,0,1.11883e+13,4.30213e+13,7.24683e+07,5.42097e+13,5.45762e+11,1.08493e+07
1.20155e+08,4065.35,714779,3.24131e+29,5.20599e+24,6.93656e+13,139.185,1.96393e+21,0.03468,6.11732e-10,6.78514e-32,0,1.02726e+13,3.99016e+13,6.5823e+07,5.01743e+13,4.51184e+11,9.53483e+06
1.20655e+08,3858.29,697472,3.24492e+29,5.20599e+24,6.96485e+13,146.204,1.53451e+21,0.03468,5.26355e-10,3.95387e-32,0,9.4155e+12,3.69524e+13,5.96758e+07,4.6368e+13,3.71514e+11,8.31075e+06
1.21155e+08,3657.8,680253,3.24837e+29,5.20599e+24,6.99305e+13,153.721,1.19309e+21,0.03468,4.51521e-10,2.27932e-32,0,8.61425e+12,3.41673e+13,5.39973e+07,4.27816e+13,3.04643e+11,7.17591e+06
1.21655e+08,3463.77,663121,3.25167e+29,5.20599e+24,7.02117e+13,161.784,9.22867e+20,0.03468,3.86096e-10,1.29923e-32,0,7.86622e+12,3.154e+13,4.87597e+07,3.94063e+13,2.48722e+11,6.12916e+06
1.22155e+08,3276.11,646075,3.25482e+29,5.20599e+24,7.04918e+13,170.446,7.09994e+20,0.03468,3.29053e-10,7.3186e-33,0,7.16885e+12,2.90644e+13,4.39361e+07,3.62333e+13,2.02143e+11,5.16939e+06
1.22655e+08,3094.73,629114,3.25782e+29,5.20599e+24,7.0771e+13,179.767,5.43134e+20,0.03468,2.79458e-10,4.07174e-33,0,6.51964e+12,2.67346e+13,3.9501e+07,3.32543e+13,1.63501e+11,4.2955e+06
1.23155e+08,2919.54,612238,3.26068e+29,5.20599e+24,7.10491e+13,189.813,4.1302e+20,0.03468,2.36468e-10,2.23599e-33,0,5.9162e+12,2.45446e+13,3.543e+07,3.04608e+13,1.31584e+11,3.50639e+06
1.23655e+08,2750.45,595446,3.26339e+29,5.20599e+24,7.13261e+13,200.66,3.12113e+20,0.03468,1.99319e-10,1.21117e-33,0,5.3562e+12,2.24888e+13,3.17e+07,2.7845e+13,1.05338e+11,2.80099e+06
1.24155e+08,2587.35,578736,3.26597e+29,5.20599e+24,7.1602e+13,212.394,2.34306e+20,0.03468,1.67322e-10,6.46639e-34,0,4.83739e+12,2.05616e+13,2.82887e+07,2.5399e+13,8.38589e+10,2.17822e+06
1.24655e+08,2430.17,562109,3.26841e+29,5.20599e+24,7.18767e+13,225.113,1.74675e+20,0.03468,1.3986e-10,3.40018e-34,0,4.35759e+12,1.87576e+13,2.51751e+07,2.31152e+13,6.63684e+10,1.63697e+06
1.25155e+08,2278.81,545562,3.27072e+29,5.20599e+24,7.21501e+13,238.928,1.29265e+20,0.03468,1.16376e-10,1.75934e-34,0,3.91471e+12,1.70716e+13,2.23392e+07,2.09863e+13,5.22009e+10,1.1761e+06
1.25655e+08,2133.19,529096,3.2729e+29,5.20599e+24,7.24222e+13,253.967,9.49188e+19,0.03468,9.63701e-11,8.94952e-35,0,3.50672e+12,1.54983e+13,1.97618e+07,1.90051e+13,4.0789e+10,794362
1.26155e+08,1993.22,512708,3.27496e+29,5.20599e+24,7.26929e+13,270.376,6.91255e+19,0.03468,7.93982e-11,4.47105e-35,0,3.13167e+12,1.40328e+13,1.74249e+07,1.71645e+13,3.16508e+10,490364
1.26655e+08,1858.8,496398,3.2769e+29,5.20599e+24,7.29622e+13,288.325,4.99022e+19,0.03468,6.50624e-11,2.19128e-35,0,2.78766e+12,1.26702e+13,1.53113e+07,1.54579e+13,2.43791e+10,262382
1.27155e+08,1729.86,480166,3.27871e+29,5.20599e+24,7.323e+13,308.01,3.56906e+19,0.03468,5.30091e-11,1.05228e-35,0,2.47287e+12,1.14057e+13,1.34046e+07,1.38786e+13,1.86311e+10,108010
1.27655e+08,1606.3,464008,3.28042e+29,5.20599e+24,7.34962e+13,329.659,2.52741e+19,0.03468,4.29246e-11,4.94461e-36,0,2.18557e+12,1.02347e+13,1.16894e+07,1.24202e+13,1.41195e+10,32907.4
1.28155e+08,1488.05,447926,3.28201e+29,5.20599e+24,7.37607e+13,353.539,1.77089e+19,0.03468,3.45317e-11,2.27016e-36,0,1.92404e+12,9.15259e+12,1.01511e+07,1.10766e+13,1.06051e+10,11423.9
1.28655e+08,1375.02,431916,3.28349e+29,5.20599e+24,7.40235e+13,379.965,1.22682e+19,0.03468,2.75856e-11,1.01671e-36,0,1.68668e+12,8.15508e+12,8.77583e+06,9.84177e+12,7.88959e+09,3541.38
1.29155e+08,1267.12,415979,3.28487e+29,5.20599e+24,7.42844e+13,409.308,8.3961e+18,0.03468,2.18715e-11,4.43374e-37,0,1.47191e+12,7.23786e+12,7.55047e+06,8.70978e+12,5.80938e+09,1284.1
1.29655e+08,1164.28,400111,3.28616e+29,5.20599e+24,7.45435e+13,442.011,5.67136e+18,0.03468,1.72011e-11,1.87888e-37,0,1.27825e+12,6.39674e+12,6.4627e+06,7.675e+12,4.23062e+09,157.737
1.30155e+08,1066.41,384313,3.28734e+29,5.20599e+24,7.48004e+13,478.601,3.77713e+18,0.03468,1.34104e-11,7.71982e-38,0,1.10423e+12,5.62769e+12,5.50088e+06,6.73193e+12,3.04438e+09,22.7667
1.30655e+08,973.433,368583,3.28843e+29,5.20599e+24,7.50552e+13,519.717,2.47742e+18,0.03468,1.03567e-11,3.06759e-38,0,9.4848e+11,4.92676e+12,4.65405e+06,5.87525e+12,2.16267e+09,3.21914
1.31155e+08,885.266,352918,3.28943e+29,5.20599e+24,7.53078e+13,566.131,1.59822e+18,0.03468,7.91675e-12,1.17553e-38,0,8.0967e+11,4.29011e+12,3.9119e+06,5.09979e+12,1.51496e+09,0.448392
1.31655e+08,801.831,337318,3.29035e+29,5.20599e+24,7.55579e+13,618.792,1.01258e+18,0.03468,5.98436e-12,4.33028e-39,0,6.86525e+11,3.71401e+12,3.26475e+06,4.40054e+12,1.04517e+09,0.0624672
1.32155e+08,723.049,321781,3.29118e+29,5.20599e+24,7.58054e+13,678.866,6.29002e+17,0.03468,4.46872e-12,1.52774e-39,0,5.77827e+11,3.19483e+12,2.70352e+06,3.77266e+12,7.09134e+08,0.00870853
1.32655e+08,648.841,306304,3.29194e+29,5.20599e+24,7.60503e+13,747.809,3.82356e+17,0.03468,3.29247e-12,5.14049e-40,0,4.82409e+11,2.72905e+12,2.21972e+06,3.21146e+12,4.7241e+08,0.000762529
1.33155e+08,579.13,290885,3.29262e+29,5.20599e+24,7.62923e+13,827.453,2.26941e+17,0.03468,2.39022e-12,1.64163e-40,0,3.99158e+11,2.31323e+12,1.80541e+06,2.71239e+12,3.08418e+08,0
1.33655e+08,513.838,275523,3.29323e+29,5.20599e+24,7.65312e+13,920.131,1.3118e+17,0.03468,1.70701e-12,4.94787e-41,0,3.2701e+11,1.94404e+12,1.45319e+06,2.27105e+12,1.96898e+08,0
1.34155e+08,452.887,260216,3.29378e+29,5.20599e+24,7.67669e+13,1028.85,7.36252e+16,0.03468,1.19701e-12,1.39819e-41,0,2.64952e+11,1.61824e+12,1.15618e+06,1.8832e+12,1.22606e+08,0
1.34655e+08,396.2,244960,3.29426e+29,5.20599e+24,7.6999e+13,1157.53,3.99799e+16,0.03468,8.22376e-13,3.67574e-42,0,2.1202e+11,1.33269e+12,907967,1.54471e+12,7.42404e+07,0
1.35155e+08,343.701,229753,3.29469e+29,5.20599e+24,7.72274e+13,1311.4,2.09158e+16,0.03468,5.5208e-13,8.90687e-43,0,1.67296e+11,1.08433e+12,702645,1.25163e+12,4.35569e+07,0
1.35655e+08,295.311,214593,3.29505e+29,5.20599e+24,7.74518e+13,1497.51,1.04883e+16,0.03468,3.61006e-13,1.96724e-43,0,1.29912e+11,8.70191e+11,534749,1.0001e+12,2.46534e+07,0
1.36155e+08,250.953,199475,3.29537e+29,5.20599e+24,7.76718e+13,1725.55,5.00989e+15,0.03468,2.29047e-13,3.90685e-44,0,9.90462e+10,6.87387e+11,399252,7.86434e+11,1.33904e+07,0
1.36655e+08,210.547,184397,3.29564e+29,5.20599e+24,7.78871e+13,2009.22,2.26204e+15,0.03468,1.40329e-13,6.85987e-45,0,7.39211e+10,5.33121e+11,291548,6.07042e+11,6.93358e+06,0
1.37155e+08,174.015,169355,3.29587e+29,5.20599e+24,7.80972e+13,2368.32,9.56126e+14,0.03468,8.25201e-14,1.04263e-45,0,5.38061e+10,4.04676e+11,207437,4.58482e+11,3.39454e+06,0
1.37655e+08,141.275,154345,3.29606e+29,5.20599e+24,7.83017e+13,2832.38,3.73668e+14,0.03468,4.62176e-14,1.33502e-46,0,3.80154e+10,2.99417e+11,143106,3.37433e+11,1.55477e+06,0
1.38155e+08,112.242,139360,3.29621e+29,5.20599e+24,7.85e+13,3447.05,1.32849e+14,0.03468,2.44054e-14,1.38983e-47,0,2.59085e+10,2.1479e+11,95114.4,2.40698e+11,657028,0
1.38655e+08,86.8283,124397,3.29633e+29,5.20599e+24,7.86914e+13,4286.07,4.20376e+13,0.03468,1.19859e-14,1.12148e-48,0,1.68897e+10,1.48317e+11,60384.3,1.65207e+11,251429,0
1.39155e+08,64.9428,109447,3.29642e+29,5.20599e+24,7.88752e+13,5475.01,1.14849e+13,0.03468,5.37182e-15,6.56333e-50,0,1.04089e+10,9.76012e+10,36183,1.0801e+11,84890.8,0
1.39655e+08,46.4863,94503.3,3.29649e+29,5.20599e+24,7.90503e+13,7242.52,2.59247e+12,0.03468,2.13741e-15,2.53021e-51,0,5.96202e+09,6.03243e+10,20113,6.62863e+10,24352.1,0
1.40155e+08,31.3507,79555.7,3.29654e+29,5.20599e+24,7.92154e+13,10042.7,4.52062e+11,0.03468,7.23951e-16,5.54692e-53,0,3.09217e+09,3.42483e+10,10101.3,3.73405e+10,5602.53,0
1.40655e+08,19.4141,64591.8,3.29657e+29,5.20599e+24,7.9369e+13,14889.7,5.45366e+10,0.03468,1.94807e-16,5.43369e-55,0,1.39117e+09,1.72193e+10,4389.36,1.86105e+10,940.25,0
1.41155e+08,10.5334,49594.8,3.29659e+29,5.20599e+24,7.95087e+13,24468,3.72597e+09,0.03468,3.67358e-17,1.53528e-57,0,5.02111e+08,7.17341e+09,1525.58,7.67552e+09,96.886,0
1.41655e+08,4.52931,34540.4,3.2966e+29,5.20599e+24,7.96314e+13,48073,9.41883e+07,0.03468,3.71638e-18,4.93398e-61,0,1.23e+08,2.14823e+09,358.923,2.27123e+09,4.2445,0
1.42155e+08,1.45459,19325.8,3.2966e+29,5.20599e+24,7.97189e+13,165678,286834,0.03468,1.16967e-19,1.5181e-66,0,1.85248e+07,3.8601e+08,35.1752,4.04534e+08,0.0432055,0
1.42426e+08,0.476945,11071.3,3.2966e+29,5.20599e+24,7.97301e+13,533408,1091.57,0.03468,4.13084e-21,0,0,2.88823e+06,7.25082e+07,3.78864,7.53965e+07,0.000502221,0
