X = 0.734
Y = 0.25
Z = 0.016
mu = 0.601142
    Radius,    Density,       Temp,       Mass,        Lum,       OptD,        Kff,         KH,        Kes,         PP,        CNO,         3a,        Deg,        Gas,        Rad,    TotPres,       dLdr,     dPdT,      dTRad,     dTConv
         0,          0,          0,          0,          0,          0,       -nan,          0,    0.03468,          0,          0,          0,          0,          0,          0,          0,          0,          0,       -nan,       -nan
      0.01,    66879.9, 5.22396e+06,     280146,     8.0437,    62636.6,   0.936554, 4.7389e+29,    0.03468, 2.87125e-05, 1.72956e-13, 1.05165e-66, 1.09314e+15, 4.79751e+15, 1.87798e+11, 5.89085e+15, 0.00241311, 9.46352e+08, 1.09395e-05, 4.5345e-06
1.0033e+06,    66875.6, 5.22374e+06, 2.82914e+23, 8.12204e+18, 6.2844e+10,   0.936652, 4.73693e+29,    0.03468, 2.87058e-05, 1.72798e-13, 1.04954e-66, 1.09303e+15,  4.797e+15, 1.87766e+11, 5.89022e+15, 2.42832e+13, 9.46289e+08, 0.00109755, 0.000454926
2.0083e+06,    66862.7, 5.22307e+06, 2.26882e+24, 6.51069e+19,  1.258e+11,   0.936947,  4.731e+29,    0.03468, 2.86855e-05, 1.72324e-13, 1.04322e-66, 1.09268e+15, 4.79546e+15, 1.87669e+11, 5.88832e+15, 9.72102e+13, 9.46099e+08, 0.00219688, 0.000910515
3.0083e+06,    66841.4, 5.22196e+06, 7.62423e+24, 2.18634e+20, 1.88453e+11,   0.937436, 4.72119e+29,    0.03468, 2.86519e-05, 1.7154e-13, 1.03283e-66, 1.0921e+15, 4.79291e+15, 1.87509e+11, 5.88519e+15, 2.17796e+14, 9.45781e+08, 0.00329607, 0.00136588
4.0133e+06,    66811.3, 5.22039e+06, 1.80976e+25, 5.18457e+20, 2.51434e+11,   0.938124, 4.70742e+29,    0.03468, 2.86048e-05, 1.70444e-13, 1.0184e-66, 1.09128e+15, 4.78932e+15, 1.87285e+11, 5.88079e+15, 3.86813e+14, 9.45337e+08, 0.00439505, 0.00182092
5.0183e+06,    66772.7, 5.21838e+06,  3.537e+25, 1.01199e+21, 3.14436e+11,    0.93901, 4.68977e+29,    0.03468, 2.85442e-05, 1.69044e-13, 1.00012e-66, 1.09023e+15, 4.78471e+15, 1.86996e+11, 5.87512e+15, 6.0317e+14, 9.44766e+08, 0.00549373, 0.00227552
6.0803e+06,    66722.6, 5.21577e+06, 6.28849e+25, 1.79626e+21, 3.81039e+11,   0.940162, 4.66694e+29,    0.03468, 2.84658e-05, 1.67244e-13, 9.76871e-67, 1.08886e+15, 4.77873e+15, 1.86622e+11, 5.86778e+15, 8.82381e+14, 9.44045e+08, 0.00662652, 0.00274382
7.1803e+06,    66660.7, 5.21254e+06, 1.03504e+26, 2.9505e+21, 4.50062e+11,    0.94159, 4.63885e+29,    0.03468, 2.8369e-05, 1.65042e-13, 9.48848e-67, 1.08718e+15, 4.77133e+15, 1.86161e+11, 5.8587e+15, 1.2252e+15, 9.43133e+08, 0.00782816,    0.00324
8.2803e+06,    66588.5, 5.20878e+06, 1.5863e+26, 4.51119e+21, 5.19129e+11,   0.943257, 4.6063e+29,    0.03468, 2.82565e-05, 1.62511e-13, 9.17187e-67, 1.08522e+15, 4.76273e+15, 1.85624e+11, 5.84813e+15, 1.62114e+15, 9.4207e+08,  0.0090292, 0.00373525
9.2803e+06,    66514.1, 5.2049e+06, 2.23173e+26, 6.33115e+21, 5.81961e+11,   0.944982, 4.57294e+29,    0.03468, 2.81409e-05, 1.59939e-13,  8.856e-67, 1.0832e+15, 4.75386e+15, 1.85071e+11, 5.83724e+15, 2.02575e+15, 9.40973e+08,  0.0101205, 0.00418455
1.03803e+07,    66422.5, 5.20012e+06, 3.12052e+26, 8.82586e+21, 6.5113e+11,    0.94711, 4.53217e+29,    0.03468, 2.79991e-05, 1.56826e-13, 8.48188e-67, 1.08071e+15, 4.74296e+15, 1.84392e+11, 5.82386e+15, 2.5182e+15, 9.39623e+08,  0.0113202, 0.00467761
1.14803e+07,    66320.9, 5.19481e+06, 4.21753e+26, 1.18886e+22, 7.20364e+11,   0.949483, 4.48727e+29,    0.03468, 2.78423e-05, 1.53436e-13, 8.08437e-67, 1.07796e+15, 4.73086e+15, 1.83641e+11, 5.80901e+15, 3.05824e+15, 9.38125e+08,  0.0125191, 0.00516933
1.25803e+07,    66209.1, 5.18897e+06, 5.54412e+26, 1.55706e+22, 7.89668e+11,   0.952102, 4.43836e+29,    0.03468, 2.76707e-05, 1.49789e-13, 7.66833e-67, 1.07493e+15, 4.71759e+15, 1.82817e+11, 5.7927e+15, 3.64359e+15, 9.36477e+08,  0.0137171, 0.00565956
1.36803e+07,    66087.4, 5.18261e+06, 7.12143e+26, 1.99202e+22, 8.59049e+11,   0.954968, 4.38557e+29,    0.03468, 2.74846e-05, 1.45907e-13, 7.23859e-67, 1.07164e+15, 4.70314e+15, 1.81922e+11, 5.77496e+15, 4.27178e+15, 9.34682e+08,  0.0149142, 0.00614816
1.47803e+07,    65955.7, 5.17572e+06, 8.97039e+26, 2.49832e+22, 9.28515e+11,   0.958085, 4.32907e+29,    0.03468, 2.72842e-05, 1.41812e-13, 6.79994e-67, 1.06808e+15, 4.68753e+15, 1.80956e+11, 5.75579e+15, 4.94015e+15, 9.3274e+08,  0.0161103, 0.00663499
1.58803e+07,    65814.1, 5.16831e+06, 1.11117e+27, 3.08023e+22, 9.98072e+11,   0.961455,  4.269e+29,    0.03468,  2.707e-05, 1.37529e-13, 6.35702e-67, 1.06426e+15, 4.67076e+15, 1.79922e+11, 5.73521e+15, 5.64592e+15, 9.30652e+08,  0.0173054, 0.00711991
1.69803e+07,    65662.6, 5.16038e+06, 1.35656e+27, 3.74169e+22, 1.06773e+12,    0.96508, 4.20554e+29,    0.03468, 2.68423e-05, 1.33082e-13, 5.91424e-67, 1.06018e+15, 4.65286e+15, 1.7882e+11, 5.71322e+15, 6.38614e+15, 9.28419e+08,  0.0184995, 0.00760279
1.80803e+07,    65501.3, 5.15192e+06, 1.63524e+27, 4.48633e+22, 1.13749e+12,   0.968964, 4.13886e+29,    0.03468, 2.66014e-05, 1.28494e-13, 5.47569e-67, 1.05585e+15, 4.63383e+15, 1.77651e+11, 5.68986e+15, 7.15773e+15, 9.26041e+08,  0.0196925, 0.00808349
1.91803e+07,    65330.4, 5.14296e+06, 1.94918e+27, 5.31742e+22, 1.20736e+12,   0.973109, 4.06914e+29,    0.03468, 2.63477e-05, 1.23791e-13, 5.04515e-67, 1.05126e+15, 4.61369e+15, 1.76417e+11, 5.66513e+15, 7.95752e+15, 9.2352e+08,  0.0208845, 0.00856188
2.02803e+07,    65149.8, 5.13347e+06, 2.30033e+27, 6.2379e+22, 1.27735e+12,    0.97752, 3.99657e+29,    0.03468, 2.60816e-05, 1.18997e-13, 4.62596e-67, 1.04642e+15, 4.59245e+15, 1.7512e+11, 5.63905e+15, 8.78224e+15, 9.20858e+08,  0.0220755, 0.00903782
2.13803e+07,    64959.6, 5.12348e+06, 2.6906e+27, 7.25031e+22, 1.34747e+12,   0.982198, 3.92135e+29,    0.03468, 2.58035e-05, 1.14137e-13, 4.22106e-67, 1.04133e+15, 4.57013e+15, 1.7376e+11, 5.61164e+15, 9.62852e+15, 9.18054e+08,  0.0232655, 0.00951117
2.24803e+07,    64759.9, 5.11297e+06, 3.12187e+27, 8.35684e+22, 1.41772e+12,   0.987149, 3.84366e+29,    0.03468, 2.55139e-05, 1.09232e-13, 3.83294e-67, 1.03601e+15, 4.54674e+15, 1.72339e+11, 5.58292e+15, 1.04929e+16, 9.15111e+08,  0.0244544, 0.00998182
2.35803e+07,    64550.9, 5.10196e+06, 3.59599e+27, 9.55929e+22, 1.48811e+12,   0.992376, 3.76372e+29,    0.03468, 2.52132e-05, 1.04308e-13, 3.46363e-67, 1.03044e+15, 4.52231e+15, 1.7086e+11, 5.55292e+15, 1.1372e+16, 9.12029e+08,  0.0256425,  0.0104496
2.46803e+07,    64332.5, 5.09045e+06, 4.11474e+27, 1.08591e+23, 1.55865e+12,   0.997884, 3.68173e+29,    0.03468, 2.49018e-05, 9.93851e-14, 3.11472e-67, 1.02463e+15, 4.49684e+15, 1.69323e+11, 5.52164e+15, 1.22623e+16, 9.08811e+08,  0.0268296,  0.0109145
2.57803e+07,    64104.9, 5.07844e+06, 4.6799e+27, 1.22573e+23, 1.62935e+12,    1.00368, 3.59789e+29,    0.03468, 2.45804e-05, 9.4485e-14, 2.78735e-67, 1.0186e+15, 4.47036e+15, 1.6773e+11, 5.48912e+15, 1.31603e+16, 9.05457e+08,   0.028016,  0.0113762
2.68803e+07,    63868.2, 5.06593e+06, 5.29319e+27, 1.37545e+23, 1.70021e+12,    1.00976, 3.5124e+29,    0.03468, 2.42492e-05, 8.96275e-14, 2.48228e-67, 1.01234e+15, 4.44288e+15, 1.66084e+11, 5.45538e+15, 1.40624e+16, 9.01969e+08,  0.0292017,  0.0118347
2.79803e+07,    63622.5, 5.05293e+06, 5.95626e+27, 1.5351e+23, 1.77123e+12,    1.01614, 3.42548e+29,    0.03468, 2.39088e-05, 8.48312e-14, 2.19984e-67, 1.00586e+15, 4.41442e+15, 1.64385e+11, 5.42045e+15, 1.49652e+16, 8.98348e+08,  0.0303868,  0.0122899
2.90803e+07,    63367.8, 5.03943e+06, 6.67077e+27, 1.70468e+23, 1.84244e+12,    1.02282, 3.33733e+29,    0.03468, 2.35598e-05, 8.01134e-14, 1.94005e-67, 9.99155e+14, 4.38501e+15, 1.62636e+11, 5.38433e+15, 1.58653e+16, 8.94597e+08,  0.0315715,  0.0127416
3.01803e+07,    63104.4, 5.02545e+06, 7.43828e+27, 1.88412e+23, 1.91382e+12,     1.0298, 3.24816e+29,    0.03468, 2.32026e-05,  7.549e-14, 1.70261e-67, 9.92241e+14, 4.35467e+15, 1.60839e+11, 5.34707e+15, 1.67592e+16, 8.90716e+08,  0.0327559,  0.0131898
3.12803e+07,    62832.2, 5.01099e+06, 8.26033e+27, 2.07334e+23, 1.98541e+12,     1.0371, 3.15817e+29,    0.03468, 2.28378e-05, 7.09753e-14, 1.48694e-67, 9.85119e+14, 4.32341e+15, 1.58996e+11, 5.30869e+15, 1.76436e+16, 8.86707e+08,  0.0339401,  0.0136342
3.23803e+07,    62551.4, 4.99605e+06, 9.1384e+27, 2.27223e+23, 2.05719e+12,    1.04471, 3.06756e+29,    0.03468, 2.24658e-05, 6.65821e-14, 1.29225e-67, 9.77793e+14, 4.29126e+15, 1.57108e+11, 5.26921e+15, 1.85153e+16, 8.82573e+08,  0.0351245,  0.0140748
3.34803e+07,    62262.2, 4.98064e+06, 1.00739e+28, 2.48062e+23, 2.12917e+12,    1.05265, 2.97652e+29,    0.03468, 2.20872e-05, 6.23216e-14, 1.11757e-67, 9.70268e+14, 4.25824e+15, 1.55178e+11, 5.22866e+15, 1.93711e+16, 8.78314e+08,  0.0363091,  0.0145115
3.45803e+07,    61964.6, 4.96476e+06, 1.10683e+28, 2.69832e+23, 2.20138e+12,    1.06092, 2.88524e+29,    0.03468, 2.17025e-05, 5.82038e-14, 9.61774e-68, 9.62551e+14, 4.22437e+15, 1.53208e+11, 5.18707e+15, 2.02079e+16, 8.74337e+08,  0.0373865,   0.014905
3.56803e+07,    61658.7, 4.9484e+06, 1.21229e+28, 2.92512e+23, 2.2738e+12,    1.06953, 2.79392e+29,    0.03468, 2.13123e-05, 5.42367e-14, 8.23643e-68, 9.54646e+14, 4.18967e+15,  1.512e+11, 5.14447e+15, 2.10229e+16, 8.69846e+08,  0.0385724,  0.0153339
3.67803e+07,    61344.8, 4.93159e+06, 1.32388e+28, 3.16074e+23, 2.34646e+12,    1.07849, 2.70273e+29,    0.03468, 2.09171e-05, 5.0427e-14, 7.01894e-68, 9.46558e+14, 4.15418e+15, 1.49155e+11, 5.10089e+15, 2.18132e+16, 8.65237e+08,  0.0397594,  0.0157585
3.78803e+07,    61022.8, 4.91432e+06, 1.44175e+28, 3.40491e+23, 2.41936e+12,     1.0878, 2.61186e+29,    0.03468, 2.05174e-05,  4.678e-14, 5.95207e-68, 9.38294e+14, 4.11791e+15, 1.47077e+11, 5.05635e+15, 2.25763e+16, 8.60511e+08,  0.0409477,  0.0161787
3.89803e+07,      60693, 4.8966e+06,  1.566e+28, 3.65731e+23, 2.4925e+12,    1.09747, 2.52146e+29,    0.03468, 2.01138e-05, 4.32996e-14, 5.02255e-68, 9.29857e+14, 4.08088e+15, 1.44967e+11, 5.01088e+15, 2.33095e+16, 8.5567e+08,  0.0421377,  0.0165946
4.00803e+07,    60355.5, 4.87843e+06, 1.69674e+28, 3.9176e+23, 2.5659e+12,    1.10751, 2.4317e+29,    0.03468, 1.97067e-05, 3.99882e-14, 4.21735e-68, 9.21255e+14, 4.04313e+15, 1.42827e+11, 4.96453e+15, 2.40106e+16, 8.50717e+08,  0.0433298,  0.0170058
4.11803e+07,    60010.4, 4.85982e+06, 1.83408e+28, 4.18541e+23, 2.63956e+12,    1.11793, 2.34273e+29,    0.03468, 1.92967e-05, 3.68471e-14, 3.52379e-68, 9.12493e+14, 4.00467e+15, 1.4066e+11, 4.91731e+15, 2.46773e+16, 8.45653e+08,  0.0445244,  0.0174124
4.22803e+07,    59657.9, 4.84076e+06, 1.97812e+28, 4.46036e+23, 2.71349e+12,    1.12874, 2.25471e+29,    0.03468, 1.88843e-05, 3.38764e-14, 2.92976e-68, 9.03576e+14, 3.96554e+15, 1.38467e+11, 4.86926e+15, 2.53078e+16, 8.4048e+08,  0.0457219,  0.0178142
4.33803e+07,    59298.1, 4.82128e+06, 2.12894e+28, 4.74204e+23, 2.78771e+12,    1.13995, 2.16776e+29,    0.03468, 1.84699e-05, 3.1075e-14, 2.42384e-68, 8.94511e+14, 3.92576e+15, 1.36251e+11, 4.8204e+15, 2.59001e+16, 8.35202e+08,  0.0469227,  0.0182112
4.44803e+07,    58931.1, 4.80137e+06, 2.28665e+28, 5.03002e+23, 2.86221e+12,    1.15157, 2.08202e+29,    0.03468, 1.80543e-05, 2.8441e-14, 1.99536e-68, 8.85303e+14, 3.88535e+15, 1.34014e+11, 4.77078e+15, 2.64526e+16, 8.29819e+08,  0.0481273,  0.0186032
4.55803e+07,    58557.1, 4.78103e+06, 2.45131e+28, 5.32385e+23, 2.93701e+12,    1.16361, 1.99762e+29,    0.03468, 1.76377e-05, 2.59714e-14, 1.63449e-68, 8.75959e+14, 3.84434e+15, 1.31758e+11, 4.72043e+15, 2.6964e+16, 8.24334e+08,  0.0493363,  0.0189902
4.66803e+07,    58176.2, 4.76027e+06,  2.623e+28, 5.62307e+23, 3.01212e+12,    1.17608, 1.91466e+29,    0.03468, 1.72206e-05, 2.36627e-14, 1.33224e-68, 8.66484e+14, 3.80275e+15, 1.29485e+11, 4.66936e+15, 2.74329e+16, 8.18749e+08,  0.0505502,  0.0193721
4.77803e+07,    57788.6, 4.73911e+06, 2.80179e+28, 5.92721e+23, 3.08754e+12,    1.18899, 1.83325e+29,    0.03468, 1.68037e-05, 2.15102e-14, 1.08048e-68, 8.56884e+14, 3.76062e+15, 1.27197e+11, 4.61763e+15, 2.78583e+16, 8.13067e+08,  0.0517696,  0.0197488
4.88803e+07,    57394.5, 4.71753e+06, 2.98775e+28, 6.23579e+23, 3.16328e+12,    1.20235, 1.75348e+29,    0.03468, 1.63872e-05, 1.95092e-14, 8.71932e-69, 8.47165e+14, 3.71797e+15, 1.24897e+11, 4.56526e+15, 2.82393e+16, 8.0729e+08,  0.0529952,  0.0201202
4.99803e+07,    56993.9, 4.69556e+06, 3.18093e+28, 6.54831e+23, 3.23936e+12,    1.21619, 1.67544e+29,    0.03468, 1.59718e-05, 1.76541e-14, 7.00128e-69, 8.37334e+14, 3.67482e+15, 1.22586e+11, 4.51228e+15, 2.85752e+16, 8.01421e+08,  0.0542275,  0.0204862
5.10803e+07,    56587.1, 4.67319e+06, 3.38137e+28, 6.86428e+23, 3.31578e+12,     1.2305, 1.59922e+29,    0.03468, 1.55577e-05, 1.5939e-14, 5.59366e-69, 8.27397e+14, 3.63121e+15, 1.20266e+11, 4.45872e+15, 2.88656e+16, 7.95461e+08,  0.0554674,  0.0208468
5.21803e+07,    56174.2, 4.65043e+06, 3.58912e+28, 7.18319e+23, 3.39255e+12,    1.24531, 1.52487e+29,    0.03468, 1.51455e-05, 1.43576e-14, 4.44667e-69, 8.17359e+14, 3.58715e+15, 1.1794e+11, 4.40463e+15, 2.91101e+16, 7.89413e+08,  0.0567155,  0.0212019
5.32803e+07,    55755.3, 4.62728e+06, 3.80423e+28, 7.50453e+23, 3.46968e+12,    1.26063, 1.45246e+29,    0.03468, 1.47355e-05, 1.29036e-14, 3.51713e-69, 8.07227e+14, 3.54269e+15, 1.15609e+11, 4.35003e+15, 2.93086e+16, 7.83279e+08,  0.0579727,  0.0215514
5.43803e+07,    55330.7, 4.60376e+06, 4.02671e+28, 7.82781e+23, 3.54718e+12,    1.27647, 1.38205e+29,    0.03468, 1.43282e-05, 1.15702e-14, 2.76792e-69, 7.97007e+14, 3.49783e+15, 1.13276e+11, 4.29495e+15, 2.94612e+16, 7.77063e+08,  0.0592398,  0.0218952
5.54803e+07,    54900.5, 4.57986e+06, 4.25659e+28, 8.15251e+23, 3.62506e+12,    1.29285, 1.31367e+29,    0.03468, 1.39239e-05, 1.03508e-14, 2.16733e-69, 7.86704e+14, 3.45262e+15, 1.10943e+11, 4.23943e+15, 2.95681e+16, 7.70765e+08,  0.0605177,  0.0222333
5.65803e+07,    54464.8, 4.5556e+06, 4.4939e+28, 8.47814e+23, 3.70334e+12,    1.30978, 1.24737e+29,    0.03468, 1.3523e-05, 9.23857e-15, 1.68849e-69, 7.76326e+14, 3.40707e+15, 1.0861e+11, 4.18351e+15, 2.96298e+16, 7.6439e+08,  0.0618074,  0.0225657
5.76803e+07,    54023.8, 4.53097e+06, 4.73863e+28, 8.8042e+23, 3.78201e+12,    1.32729, 1.18316e+29,    0.03468, 1.31258e-05, 8.22684e-15, 1.30879e-69, 7.65879e+14, 3.36122e+15, 1.06281e+11, 4.1272e+15, 2.96467e+16, 7.57939e+08,  0.0631098,  0.0228922
5.87803e+07,    53577.7, 4.50599e+06, 4.9908e+28, 9.13021e+23, 3.86109e+12,    1.34539, 1.12108e+29,    0.03468, 1.27327e-05, 7.30896e-15, 1.00932e-69, 7.55367e+14, 3.31509e+15, 1.03957e+11, 4.07056e+15, 2.96196e+16, 7.51415e+08,   0.064426,  0.0232127
5.98803e+07,    53126.6, 4.48067e+06, 5.2504e+28, 9.45568e+23, 3.94059e+12,     1.3641, 1.06113e+29,    0.03468, 1.23441e-05, 6.47844e-15, 7.74424e-70, 7.44798e+14, 3.2687e+15, 1.01639e+11, 4.0136e+15, 2.95494e+16, 7.4482e+08,  0.0657571,  0.0235274
6.09803e+07,    52670.7,  4.455e+06, 5.51743e+28, 9.78014e+23, 4.02053e+12,    1.38343, 1.00333e+29,    0.03468, 1.19601e-05, 5.72894e-15, 5.91164e-70, 7.34177e+14, 3.22209e+15, 9.93299e+10, 3.95636e+15, 2.9437e+16, 7.38157e+08,  0.0671042,   0.023836
6.20803e+07,    52210.3, 4.42899e+06, 5.79188e+28, 1.01031e+24, 4.1009e+12,    1.40342, 9.47661e+28,    0.03468, 1.15812e-05, 5.05436e-15, 4.48965e-70, 7.2351e+14, 3.17528e+15, 9.70309e+10, 3.89888e+15, 2.92836e+16, 7.31428e+08,  0.0684687,  0.0241385
6.31803e+07,    51745.3, 4.40266e+06, 6.07371e+28, 1.04242e+24, 4.18173e+12,    1.42407, 8.94131e+28,    0.03468, 1.12075e-05, 4.44879e-15, 3.39224e-70, 7.12804e+14, 3.12829e+15, 9.47437e+10, 3.84119e+15, 2.90905e+16, 7.24636e+08,  0.0698517,   0.024435
6.42803e+07,    51276.1,  4.376e+06, 6.36291e+28, 1.0743e+24, 4.26302e+12,    1.44542, 8.42724e+28,    0.03468, 1.08393e-05, 3.9066e-15, 2.5499e-70, 7.02064e+14, 3.08115e+15, 9.24699e+10, 3.78331e+15, 2.8859e+16, 7.17784e+08,  0.0712547,  0.0247253
6.53803e+07,    50802.7, 4.34903e+06, 6.65944e+28, 1.1059e+24, 4.34479e+12,    1.46748, 7.93423e+28,    0.03468, 1.04769e-05, 3.42244e-15, 1.90686e-70, 6.91295e+14, 3.03389e+15, 9.0211e+10, 3.72528e+15, 2.85906e+16, 7.10874e+08,   0.072679,  0.0250094
6.64803e+07,    50325.4, 4.32175e+06, 6.96326e+28, 1.13719e+24, 4.42704e+12,    1.49029, 7.46203e+28,    0.03468, 1.01205e-05, 2.99121e-15, 1.41861e-70, 6.80504e+14, 2.98653e+15, 8.79685e+10, 3.66713e+15, 2.82868e+16, 7.03908e+08,  0.0741263,  0.0252872
6.75803e+07,    49844.4, 4.29416e+06, 7.27432e+28, 1.16812e+24, 4.50979e+12,    1.51385, 7.01038e+28,    0.03468, 9.77023e-06, 2.60815e-15, 1.04991e-70, 6.69697e+14, 2.9391e+15, 8.57438e+10, 3.60889e+15, 2.79493e+16, 6.9689e+08,  0.0755981,  0.0255589
6.86803e+07,    49359.7, 4.26628e+06, 7.59258e+28, 1.19866e+24, 4.59305e+12,    1.53821, 6.57895e+28,    0.03468, 9.42636e-06, 2.26875e-15,          0, 6.58879e+14, 2.89162e+15, 8.35384e+10, 3.55059e+15, 2.75798e+16, 6.89822e+08,   0.077096,  0.0258242
6.97803e+07,    48871.5, 4.2381e+06, 7.91798e+28, 1.22878e+24, 4.67683e+12,    1.56338, 6.16738e+28,    0.03468, 9.08903e-06, 1.96883e-15,          0, 6.48055e+14, 2.84412e+15, 8.13534e+10, 3.49226e+15,  2.718e+16, 6.82705e+08,  0.0786219,  0.0260831
7.08803e+07,    48380.1, 4.20964e+06, 8.25045e+28, 1.25845e+24, 4.76115e+12,     1.5894, 5.77527e+28,    0.03468, 8.7584e-06, 1.70448e-15,          0, 6.37231e+14, 2.79662e+15, 7.91903e+10, 3.43393e+15, 2.67518e+16, 6.75544e+08,  0.0801775,  0.0263358
7.19803e+07,    47885.6, 4.18091e+06, 8.58993e+28, 1.28763e+24, 4.84601e+12,     1.6163, 5.40219e+28,    0.03468, 8.4346e-06, 1.47209e-15,          0, 6.26413e+14, 2.74914e+15, 7.70502e+10, 3.37563e+15, 2.62971e+16, 6.6834e+08,   0.081765,   0.026582
7.30803e+07,    47388.2, 4.15191e+06, 8.93633e+28, 1.31629e+24, 4.93143e+12,     1.6441, 5.04769e+28,    0.03468, 8.11776e-06, 1.26834e-15,          0, 6.15605e+14, 2.70171e+15, 7.49342e+10, 3.31739e+15, 2.58177e+16, 6.61096e+08,  0.0833862,  0.0268218
7.41803e+07,      46888, 4.12264e+06, 9.28959e+28, 1.34442e+24, 5.01742e+12,    1.67285, 4.71126e+28,    0.03468, 7.80797e-06, 1.09015e-15,          0, 6.04814e+14, 2.65435e+15, 7.28435e+10, 3.25923e+15, 2.53156e+16, 6.53815e+08,  0.0850434,  0.0270552
7.52803e+07,    46385.2, 4.09311e+06, 9.6496e+28, 1.37198e+24, 5.10399e+12,    1.70257, 4.39241e+28,    0.03468, 7.50534e-06, 9.34734e-16,          0, 5.94043e+14, 2.60708e+15, 7.07791e+10, 3.20119e+15, 2.47926e+16, 6.46498e+08,  0.0867388,  0.0272822
7.63803e+07,      45880, 4.06334e+06, 1.00163e+29, 1.39895e+24, 5.19116e+12,     1.7333, 4.0906e+28,    0.03468, 7.20993e-06, 7.99527e-16,          0, 5.83299e+14, 2.55992e+15, 6.87419e+10, 3.14329e+15, 2.42509e+16, 6.3915e+08,  0.0884749,  0.0275027
7.74803e+07,    45372.6, 4.03332e+06, 1.03895e+29, 1.42532e+24, 5.27895e+12,    1.76507, 3.80531e+28,    0.03468, 6.92181e-06, 6.82211e-16,          0, 5.72586e+14, 2.51291e+15, 6.6733e+10, 3.08556e+15, 2.36922e+16, 6.31771e+08,  0.0902542,  0.0277167
7.85803e+07,      44863, 4.00306e+06, 1.07693e+29, 1.45107e+24, 5.36736e+12,    1.79793, 3.53596e+28,    0.03468, 6.64102e-06, 5.80685e-16,          0, 5.61909e+14, 2.46605e+15, 6.47531e+10, 3.02802e+15, 2.31185e+16, 6.24365e+08,  0.0920793,  0.0279243
7.96803e+07,    44351.5, 3.97258e+06, 1.11554e+29, 1.47618e+24, 5.45641e+12,    1.83193, 3.28199e+28,    0.03468, 6.36759e-06, 4.93054e-16,          0, 5.51272e+14, 2.41937e+15, 6.2803e+10, 2.9707e+15, 2.25318e+16, 6.16934e+08,  0.0939531,  0.0281254
8.07803e+07,    43838.3, 3.94187e+06, 1.15477e+29, 1.50064e+24, 5.54611e+12,    1.86709, 3.04285e+28,    0.03468, 6.10155e-06, 4.17614e-16,          0, 5.40681e+14, 2.37289e+15, 6.08836e+10, 2.91363e+15, 2.19338e+16, 6.09481e+08,  0.0958786,    0.02832
8.18803e+07,    43323.5, 3.91095e+06, 1.19462e+29, 1.52443e+24, 5.63648e+12,    1.90346, 2.81794e+28,    0.03468, 5.84289e-06, 3.52841e-16,          0, 5.3014e+14, 2.32662e+15, 5.89955e+10, 2.85682e+15, 2.13265e+16, 6.02008e+08,  0.0978588,  0.0285081
8.29803e+07,    42807.2, 3.87982e+06, 1.23507e+29, 1.54755e+24, 5.72754e+12,     1.9411, 2.60669e+28,    0.03468, 5.59162e-06, 2.97373e-16,          0, 5.19653e+14, 2.2806e+15, 5.71393e+10, 2.80031e+15, 2.07116e+16, 5.94517e+08,  0.0998971,  0.0286897
8.40803e+07,    42289.7, 3.84848e+06, 1.2761e+29, 1.56999e+24, 5.81929e+12,    1.98005, 2.40853e+28,    0.03468, 5.34771e-06, 2.49997e-16,          0, 5.09224e+14, 2.23483e+15, 5.53157e+10, 2.74411e+15, 2.0091e+16, 5.87011e+08,   0.101997,  0.0288649
8.51803e+07,      41771, 3.81695e+06, 1.31771e+29, 1.59175e+24, 5.91176e+12,    2.02037, 2.22289e+28,    0.03468, 5.11114e-06, 2.09642e-16,          0, 4.98858e+14, 2.18934e+15, 5.3525e+10, 2.68825e+15, 1.94662e+16, 5.79493e+08,   0.104162,  0.0290335
8.62803e+07,    41251.5, 3.78523e+06, 1.35989e+29, 1.61282e+24, 6.00496e+12,     2.0621, 2.0492e+28,    0.03468, 4.88186e-06, 1.75357e-16,          0, 4.88559e+14, 2.14414e+15, 5.17679e+10, 2.63275e+15, 1.8839e+16, 5.71964e+08,   0.106396,  0.0291957
8.73803e+07,    40731.1, 3.75333e+06, 1.40261e+29, 1.6332e+24, 6.09891e+12,     2.1053, 1.88689e+28,    0.03468, 4.65983e-06, 1.46307e-16,          0, 4.78331e+14, 2.09925e+15, 5.00447e+10, 2.57763e+15, 1.8211e+16, 5.64427e+08,   0.108704,  0.0293515
8.84803e+07,    40210.1, 3.72126e+06, 1.44586e+29, 1.65288e+24, 6.19362e+12,    2.15004, 1.73542e+28,    0.03468, 4.44498e-06, 1.21758e-16,          0, 4.68177e+14, 2.05468e+15, 4.83558e+10, 2.52291e+15, 1.75836e+16, 5.56885e+08,   0.111089,  0.0295008
8.95803e+07,    39688.6, 3.68901e+06, 1.48963e+29, 1.67188e+24, 6.28911e+12,    2.19637, 1.59424e+28,    0.03468, 4.23723e-06, 1.01069e-16,          0, 4.58101e+14, 2.01047e+15, 4.67015e+10, 2.46861e+15, 1.69583e+16, 5.49339e+08,   0.113556,  0.0296437
9.06803e+07,    39166.8, 3.65661e+06, 1.5339e+29, 1.69019e+24, 6.3854e+12,    2.24437, 1.46283e+28,    0.03468, 4.03652e-06, 8.36791e-17,          0, 4.48107e+14, 1.9666e+15, 4.5082e+10, 2.41476e+15, 1.63366e+16, 5.41792e+08,    0.11611,  0.0297802
9.17803e+07,    38644.8, 3.62405e+06, 1.57866e+29, 1.70782e+24, 6.48251e+12,     2.2941, 1.34066e+28,    0.03468, 3.84276e-06, 6.91018e-17,          0, 4.38199e+14, 1.92312e+15, 4.34976e+10, 2.36136e+15, 1.57197e+16, 5.34247e+08,   0.118756,  0.0299103
9.28803e+07,    38122.9, 3.59134e+06, 1.62389e+29, 1.72478e+24, 6.58045e+12,    2.34562, 1.22724e+28,    0.03468, 3.65584e-06, 5.69152e-17,          0, 4.28378e+14, 1.88002e+15, 4.19484e+10, 2.30844e+15, 1.51088e+16, 5.26705e+08,     0.1215,  0.0300341
9.39803e+07,      37601, 3.55849e+06, 1.66958e+29, 1.74107e+24, 6.67924e+12,    2.39903, 1.12207e+28,    0.03468, 3.47567e-06, 4.67549e-17,          0, 4.1865e+14, 1.83732e+15, 4.04346e+10, 2.25601e+15, 1.45051e+16, 5.19169e+08,   0.124348,  0.0301515
9.50803e+07,    37079.4, 3.52551e+06, 1.7157e+29, 1.75669e+24, 6.77891e+12,    2.45439, 1.02468e+28,    0.03468, 3.30213e-06, 3.83071e-17,          0, 4.09016e+14, 1.79504e+15, 3.89561e+10, 2.2041e+15, 1.39097e+16, 5.11641e+08,   0.127305,  0.0302626
9.61803e+07,    36558.3, 3.49239e+06, 1.76225e+29, 1.77167e+24, 6.87946e+12,     2.5118, 9.34613e+27,    0.03468, 3.13512e-06, 3.13024e-17,          0, 3.9948e+14, 1.75319e+15, 3.75131e+10, 2.15271e+15, 1.33236e+16, 5.04122e+08,   0.130378,  0.0303674
9.72803e+07,    36037.7, 3.45916e+06, 1.80919e+29, 1.78601e+24, 6.98093e+12,    2.57133, 8.51423e+27,    0.03468, 2.97452e-06, 2.55103e-17,          0, 3.90044e+14, 1.71178e+15, 3.61055e+10, 2.10186e+15, 1.27477e+16, 4.96616e+08,   0.133574,   0.030466
9.83803e+07,    35517.9, 3.42581e+06, 1.85652e+29, 1.79972e+24, 7.08333e+12,    2.63309, 7.74687e+27,    0.03468, 2.82018e-06, 2.07341e-17,          0, 3.80712e+14, 1.67083e+15, 3.47332e+10, 2.05157e+15, 1.21829e+16, 4.89125e+08,     0.1369,  0.0305584
9.94803e+07,    34998.9, 3.39236e+06, 1.90422e+29, 1.81282e+24, 7.18669e+12,    2.69717, 7.03998e+27,    0.03468,  2.672e-06, 1.68065e-17,          0, 3.71485e+14, 1.63033e+15, 3.33962e+10, 2.00185e+15, 1.16299e+16, 4.81649e+08,   0.140365,  0.0306446
1.0058e+08,    34480.8, 3.3588e+06, 1.95227e+29, 1.82531e+24, 7.29102e+12,    2.76367, 6.38964e+27,    0.03468, 2.52983e-06, 1.35858e-17,          0, 3.62367e+14, 1.59031e+15, 3.20942e+10, 1.95271e+15, 1.10893e+16, 4.74192e+08,   0.143976,  0.0307247
1.0168e+08,      33964, 3.32515e+06, 2.00065e+29, 1.83722e+24, 7.39634e+12,     2.8327, 5.79213e+27,    0.03468, 2.39353e-06, 1.09521e-17,          0, 3.53358e+14, 1.55078e+15, 3.08272e+10, 1.90417e+15, 1.05618e+16, 4.66755e+08,   0.147742,  0.0307987
1.0278e+08,    33448.3, 3.29141e+06, 2.04935e+29, 1.84855e+24, 7.50269e+12,    2.90437, 5.24388e+27,    0.03468, 2.26296e-06, 8.80462e-18,          0, 3.44463e+14, 1.51174e+15, 2.95949e+10, 1.85623e+15, 1.0048e+16, 4.59341e+08,   0.151673,  0.0308666
1.0388e+08,    32934.1, 3.25759e+06, 2.09833e+29, 1.85933e+24, 7.61007e+12,    2.97881, 4.74149e+27,    0.03468, 2.13798e-06, 7.0585e-18,          0, 3.35682e+14, 1.4732e+15, 2.83971e+10, 1.80891e+15, 9.54831e+15, 4.5195e+08,   0.155779,  0.0309285
1.0498e+08,    32421.4, 3.22369e+06, 2.14759e+29, 1.86956e+24, 7.71852e+12,    3.05614, 4.28175e+27,    0.03468, 2.01845e-06, 5.64279e-18,          0, 3.27017e+14, 1.43517e+15, 2.72334e+10, 1.76222e+15, 9.06307e+15, 4.44586e+08,    0.16007,  0.0309844
1.0608e+08,    31910.3, 3.18972e+06, 2.19711e+29, 1.87927e+24, 7.82806e+12,    3.13649, 3.8616e+27,    0.03468, 1.90422e-06, 4.49827e-18,          0, 3.18471e+14, 1.39767e+15, 2.61036e+10, 1.71616e+15, 8.59264e+15, 4.3725e+08,   0.164558,  0.0310345
1.0718e+08,      31401, 3.15569e+06, 2.24686e+29, 1.88847e+24, 7.93872e+12,    3.22001, 3.47816e+27,    0.03468, 1.79513e-06, 3.57568e-18,          0, 3.10045e+14, 1.36069e+15, 2.50073e+10, 1.67076e+15, 8.13728e+15, 4.29943e+08,   0.169255,  0.0310787
1.0828e+08,    30893.6, 3.1216e+06, 2.29683e+29, 1.89718e+24, 8.05052e+12,    3.30684, 3.12868e+27,    0.03468, 1.69104e-06, 2.83414e-18,          0, 3.0174e+14, 1.32424e+15, 2.39442e+10,  1.626e+15, 7.69718e+15, 4.22668e+08,   0.174174,   0.031117
1.0938e+08,    30388.2, 3.08746e+06, 2.34699e+29, 1.90541e+24, 8.16348e+12,    3.39714, 2.8106e+27,    0.03468, 1.5918e-06, 2.23987e-18,          0, 2.93558e+14, 1.28833e+15, 2.29138e+10, 1.58191e+15, 7.27247e+15, 4.15427e+08,   0.179329,  0.0311496
1.1048e+08,      29885, 3.05328e+06, 2.39733e+29, 1.91318e+24, 8.27764e+12,    3.49107, 2.52149e+27,    0.03468, 1.49726e-06, 1.76504e-18,          0,  2.855e+14, 1.25297e+15, 2.19158e+10, 1.53849e+15, 6.86323e+15, 4.0822e+08,   0.184735,  0.0311765
1.1158e+08,      29384, 3.01906e+06, 2.44783e+29, 1.92052e+24, 8.39302e+12,    3.58882, 2.25908e+27,    0.03468, 1.40726e-06, 1.38676e-18,          0, 2.77568e+14, 1.21816e+15, 2.09497e+10, 1.49574e+15, 6.46948e+15, 4.0105e+08,   0.190408,  0.0311977
1.1268e+08,    28885.3, 2.98481e+06, 2.49846e+29, 1.92742e+24, 8.50965e+12,    3.69056, 2.02123e+27,    0.03468, 1.32166e-06, 1.08631e-18,          0, 2.69762e+14, 1.1839e+15, 2.0015e+10, 1.45368e+15, 6.09119e+15, 3.93918e+08,   0.196366,  0.0312134
1.1378e+08,    28389.2, 2.95053e+06, 2.54921e+29, 1.93392e+24, 8.62756e+12,     3.7965, 1.80595e+27,    0.03468, 1.2403e-06,  8.484e-19,          0, 2.62083e+14, 1.1502e+15, 1.91113e+10, 1.4123e+15, 5.72828e+15, 3.86826e+08,   0.202625,  0.0312235
1.1488e+08,    27895.6, 2.91623e+06, 2.60006e+29, 1.94003e+24, 8.74677e+12,    3.90683, 1.61136e+27,    0.03468, 1.16305e-06, 6.60584e-19,          0, 2.54533e+14, 1.11706e+15, 1.8238e+10, 1.37161e+15, 5.38065e+15, 3.79776e+08,   0.209207,  0.0312281
1.1598e+08,    27404.7, 2.88192e+06, 2.65099e+29, 1.94577e+24, 8.86733e+12,    4.02178, 1.43573e+27,    0.03468, 1.08975e-06, 5.1277e-19,          0, 2.47111e+14, 1.08449e+15, 1.73946e+10, 1.33162e+15, 5.04811e+15, 3.72768e+08,   0.216132,  0.0312273
1.1708e+08,    26916.6, 2.84759e+06, 2.70197e+29, 1.95114e+24, 8.98926e+12,    4.14159, 1.27744e+27,    0.03468, 1.02025e-06, 3.96799e-19,          0, 2.3982e+14, 1.05249e+15, 1.65807e+10, 1.29233e+15, 4.73047e+15, 3.65805e+08,   0.223423,  0.0312212
1.1818e+08,    26431.4, 2.81327e+06, 2.75298e+29, 1.95618e+24, 9.11259e+12,    4.26649, 1.13498e+27,    0.03468, 9.5442e-07, 3.06097e-19,          0, 2.32658e+14, 1.02106e+15, 1.57955e+10, 1.25373e+15, 4.42751e+15, 3.58888e+08,   0.231105,  0.0312098
1.1928e+08,    25949.1, 2.77894e+06, 2.80402e+29, 1.96089e+24, 9.23736e+12,    4.39676, 1.00696e+27,    0.03468, 8.9211e-07, 2.35382e-19,          0, 2.25626e+14, 9.90201e+14, 1.50387e+10, 1.21584e+15, 4.13893e+15, 3.52018e+08,   0.239204,  0.0311932
1.2038e+08,      25470, 2.74463e+06, 2.85505e+29, 1.96529e+24, 9.3636e+12,    4.53266, 8.92069e+26,    0.03468, 8.33182e-07, 1.80425e-19,          0, 2.18726e+14, 9.59916e+14, 1.43095e+10, 1.17866e+15, 3.86447e+15, 3.45196e+08,   0.247749,  0.0311714
1.2148e+08,      24994, 2.71033e+06, 2.90605e+29, 1.9694e+24, 9.49136e+12,    4.67449, 7.89127e+26,    0.03468,  7.775e-07, 1.37853e-19,          0, 2.11956e+14, 9.30206e+14, 1.36075e+10, 1.14218e+15, 3.60378e+15, 3.38425e+08,   0.256769,  0.0311445
1.2258e+08,    24521.3, 2.67605e+06, 2.95701e+29, 1.97322e+24, 9.62065e+12,    4.82257, 6.97023e+26,    0.03468, 7.24929e-07, 1.04982e-19,          0, 2.05317e+14, 9.0107e+14, 1.2932e+10, 1.1064e+15, 3.35654e+15, 3.31705e+08,   0.266299,  0.0311126
1.2368e+08,      24052, 2.64179e+06, 3.00791e+29, 1.97678e+24, 9.75153e+12,    4.97722, 6.14741e+26,    0.03468, 6.75338e-07, 7.96843e-20,          0, 1.9881e+14, 8.7251e+14, 1.22824e+10, 1.07133e+15, 3.12236e+15, 3.25037e+08,   0.276374,  0.0310757
1.2478e+08,    23586.1, 2.60757e+06, 3.05872e+29, 1.9801e+24, 9.88403e+12,    5.13881, 5.41346e+26,    0.03468, 6.28598e-07, 6.02805e-20,          0, 1.92433e+14, 8.44524e+14, 1.16582e+10, 1.03697e+15, 2.90089e+15, 3.18423e+08,   0.287032,   0.031034
1.2588e+08,    23123.7, 2.57337e+06, 3.10943e+29, 1.98317e+24, 1.00182e+13,     5.3077, 4.75976e+26,    0.03468, 5.84582e-07, 4.54472e-20,          0, 1.86187e+14, 8.17112e+14, 1.10586e+10, 1.00331e+15, 2.69172e+15, 3.11863e+08,   0.298316,  0.0309875
1.2698e+08,      22665, 2.53922e+06, 3.16001e+29, 1.98602e+24, 1.01541e+13,     5.4843, 4.17846e+26,    0.03468, 5.43169e-07, 3.41464e-20,          0, 1.80071e+14, 7.90272e+14, 1.04832e+10, 9.70354e+14, 2.49444e+15, 3.0536e+08,   0.310271,  0.0309362
1.2808e+08,    22209.9, 2.50512e+06, 3.21045e+29, 1.98866e+24, 1.02917e+13,    5.66903, 3.66234e+26,    0.03468, 5.04238e-07, 2.55665e-20,          0, 1.74085e+14, 7.64003e+14, 9.93124e+09, 9.38099e+14, 2.30864e+15, 2.98913e+08,   0.322946,  0.0308803
1.2918e+08,    21758.6, 2.47107e+06, 3.26073e+29, 1.99111e+24, 1.04311e+13,    5.86236, 3.20481e+26,    0.03468, 4.67674e-07, 1.90751e-20,          0, 1.68229e+14, 7.38303e+14, 9.40214e+09, 9.06542e+14, 2.13391e+15, 2.92525e+08,   0.336394,  0.0308198
1.3028e+08,    21311.1, 2.43707e+06, 3.31083e+29, 1.99336e+24, 1.05723e+13,    6.06476, 2.79988e+26,    0.03468, 4.33362e-07, 1.4181e-20,          0, 1.62503e+14, 7.1317e+14, 8.89529e+09, 8.75682e+14, 1.96981e+15, 2.86195e+08,   0.350673,  0.0307548
1.3138e+08,    20867.5, 2.40313e+06, 3.36073e+29, 1.99544e+24, 1.07154e+13,    6.27675, 2.44207e+26,    0.03468, 4.01194e-07, 1.05045e-20,          0, 1.56904e+14, 6.88601e+14, 8.41005e+09, 8.45513e+14, 1.81591e+15, 2.79926e+08,   0.365847,  0.0306854
1.3248e+08,    20427.8, 2.36926e+06, 3.4104e+29, 1.99736e+24, 1.08605e+13,    6.49889, 2.12643e+26,    0.03468, 3.71062e-07, 7.75256e-21,          0, 1.51434e+14, 6.64592e+14, 7.94582e+09, 8.16034e+14, 1.67179e+15, 2.73718e+08,   0.381984,  0.0306116
1.3358e+08,    19992.2, 2.33545e+06, 3.45984e+29, 1.99912e+24, 1.10075e+13,    6.73176, 1.84843e+26,    0.03468, 3.42865e-07, 5.70026e-21,          0, 1.4609e+14, 6.41141e+14, 7.50198e+09, 7.87239e+14, 1.53702e+15, 2.67571e+08,   0.399159,  0.0305335
1.3458e+08,    19599.8, 2.30479e+06, 3.50456e+29, 2.0006e+24, 1.11429e+13,    6.95331, 1.62495e+26,    0.03468, 3.18826e-07, 4.29595e-21,          0, 1.41342e+14, 6.20303e+14, 7.11568e+09, 7.61652e+14, 1.42226e+15, 2.61487e+08,   0.417453,  0.0304513
1.3568e+08,    19172.1, 2.27114e+06, 3.55349e+29, 2.0021e+24, 1.12939e+13,    7.20848, 1.40784e+26,    0.03468, 2.94047e-07, 3.13578e-21,          0, 1.36239e+14, 5.97906e+14, 6.70907e+09, 7.34151e+14, 1.30416e+15, 2.55466e+08,   0.436956,  0.0303649
1.3678e+08,    18748.5, 2.23756e+06, 3.60213e+29, 2.00347e+24, 1.1447e+13,    7.47634, 1.21757e+26,    0.03468, 2.70923e-07, 2.28002e-21,          0, 1.3126e+14, 5.76055e+14, 6.32109e+09, 7.07321e+14, 1.19418e+15, 2.4951e+08,   0.457764,  0.0302744
1.3788e+08,    18329.3, 2.20408e+06, 3.65046e+29, 2.00473e+24, 1.16023e+13,    7.75768, 1.05111e+26,    0.03468, 2.49363e-07, 1.65124e-21,          0, 1.26404e+14, 5.54745e+14, 5.95113e+09, 6.81155e+14, 1.09192e+15, 2.43619e+08,   0.479984,    0.03018
1.3898e+08,    17914.3, 2.17069e+06, 3.69846e+29, 2.00588e+24, 1.17599e+13,    8.05332, 9.05751e+25,    0.03468, 2.29281e-07, 1.19106e-21,          0, 1.21671e+14, 5.33973e+14, 5.59861e+09, 6.55649e+14, 9.96976e+14, 2.37793e+08,   0.503733,  0.0300818
1.4008e+08,    17503.8, 2.13739e+06, 3.74611e+29, 2.00693e+24, 1.19197e+13,    8.36415, 7.79035e+25,    0.03468, 2.10594e-07, 8.5561e-22,          0, 1.17059e+14, 5.13732e+14, 5.26294e+09, 6.30796e+14, 9.08953e+14, 2.32033e+08,   0.529139,  0.0299797
1.4118e+08,    17097.6, 2.1042e+06, 3.79341e+29, 2.00788e+24, 1.2082e+13,    8.69113, 6.68776e+25,    0.03468, 1.93223e-07, 6.1208e-22,          0, 1.12567e+14, 4.94018e+14, 4.94354e+09, 6.0659e+14, 8.27471e+14, 2.26341e+08,   0.556343,  0.0298739
1.4228e+08,    16695.9, 2.07111e+06, 3.84032e+29, 2.00875e+24, 1.22467e+13,    9.03527, 5.73014e+25,    0.03468, 1.77092e-07, 4.36011e-22,          0, 1.08194e+14, 4.74825e+14, 4.63985e+09, 5.83023e+14, 7.52157e+14, 2.20716e+08,   0.585498,  0.0297644
1.4338e+08,    16298.7, 2.03813e+06, 3.88684e+29, 2.00954e+24, 1.24139e+13,    9.39768, 4.89999e+25,    0.03468, 1.62128e-07, 3.09251e-22,          0, 1.03938e+14, 4.56148e+14, 4.35129e+09, 5.6009e+14, 6.82651e+14, 2.15159e+08,   0.616776,  0.0296514
1.4448e+08,      15906, 2.00526e+06, 3.93295e+29, 2.01025e+24, 1.25837e+13,    9.77956, 4.18171e+25,    0.03468, 1.4826e-07, 2.1838e-22,          0, 9.9798e+13, 4.3798e+14, 4.07733e+09, 5.37782e+14, 6.18604e+14, 2.09671e+08,   0.650363,  0.0295349
1.4558e+08,      15518, 1.97251e+06, 3.97863e+29, 2.0109e+24, 1.27561e+13,    10.1822, 3.56144e+25,    0.03468, 1.35422e-07, 1.53521e-22,          0, 9.5773e+13, 4.20315e+14, 3.81741e+09, 5.16092e+14, 5.5968e+14, 2.04252e+08,   0.686466,   0.029415
1.4668e+08,    15134.5, 1.93988e+06, 4.02386e+29, 2.01149e+24, 1.29313e+13,    10.6069, 3.02686e+25,    0.03468, 1.23551e-07, 1.07433e-22,          0, 9.18612e+13, 4.03148e+14, 3.57102e+09, 4.95012e+14, 5.05554e+14, 1.98903e+08,   0.725315,  0.0292918
1.4778e+08,    14755.7, 1.90738e+06, 4.06864e+29, 2.01202e+24, 1.31093e+13,    11.0553, 2.56707e+25,    0.03468, 1.12585e-07, 7.48315e-23,          0, 8.80612e+13, 3.86471e+14, 3.33761e+09, 4.74535e+14, 4.55915e+14, 1.93624e+08,   0.767162,  0.0291653
1.4888e+08,    14381.6,  1.875e+06, 4.11295e+29, 2.01249e+24, 1.32902e+13,    11.5289, 2.1724e+25,    0.03468, 1.02467e-07, 5.18756e-23,          0, 8.43715e+13, 3.70278e+14, 3.11669e+09, 4.54653e+14, 4.10465e+14, 1.88414e+08,   0.812288,  0.0290357
1.4998e+08,    14012.2, 1.84275e+06, 4.15677e+29, 2.01292e+24, 1.34741e+13,    12.0295, 1.83435e+25,    0.03468, 9.31425e-08, 3.57876e-23,          0, 8.07906e+13, 3.54562e+14, 2.90775e+09, 4.35356e+14, 3.68919e+14, 1.83276e+08,   0.861004,  0.0289031
1.5108e+08,    13647.5, 1.81064e+06, 4.20008e+29, 2.0133e+24, 1.36611e+13,    12.5589, 1.54541e+25,    0.03468, 8.45583e-08, 2.45667e-23,          0, 7.73167e+13, 3.39317e+14, 2.7103e+09, 4.16636e+14, 3.31005e+14, 1.78209e+08,   0.913656,  0.0287674
1.5218e+08,    13287.6, 1.77866e+06, 4.24288e+29, 2.01365e+24, 1.38512e+13,    13.1193, 1.29897e+25,    0.03468, 7.66653e-08, 1.67787e-23,          0, 7.39485e+13, 3.24535e+14, 2.52387e+09, 3.98486e+14, 2.96464e+14, 1.73213e+08,   0.970629,  0.0286288
1.5328e+08,    12932.5, 1.74683e+06, 4.28515e+29, 2.01396e+24, 1.40446e+13,    13.7128, 1.08926e+25,    0.03468, 6.94164e-08, 1.14004e-23,          0, 7.06841e+13, 3.10209e+14, 2.34798e+09, 3.80895e+14, 2.6505e+14, 1.68289e+08,    1.03235,  0.0284874
1.5438e+08,    12582.2, 1.71514e+06, 4.32688e+29, 2.01423e+24, 1.42414e+13,    14.3418, 9.11197e+24,    0.03468, 6.27674e-08, 7.70506e-24,          0, 6.7522e+13, 2.96331e+14, 2.18219e+09, 3.63855e+14, 2.36529e+14, 1.63436e+08,    1.09931,  0.0283433
1.5548e+08,    12236.7, 1.6836e+06, 4.36805e+29, 2.01448e+24, 1.44416e+13,     15.009, 7.6036e+24,    0.03468, 5.66761e-08, 5.17934e-24,          0, 6.44605e+13, 2.82895e+14, 2.02604e+09, 3.47358e+14, 2.10681e+14, 1.58656e+08,    1.17203,  0.0281965
1.5658e+08,    11896.1, 1.65221e+06, 4.40866e+29, 2.0147e+24, 1.46455e+13,    15.7173, 6.32887e+24,    0.03468, 5.11028e-08, 3.46225e-24,          0, 6.14978e+13, 2.69893e+14, 1.87912e+09, 3.31392e+14, 1.87298e+14, 1.53947e+08,    1.25112,  0.0280471
1.5768e+08,    11560.3, 1.62098e+06, 4.44868e+29, 2.01489e+24, 1.4853e+13,    16.4697, 5.25419e+24,    0.03468, 4.60101e-08, 2.30127e-24,          0, 5.86322e+13, 2.57317e+14, 1.74099e+09, 3.15951e+14, 1.66184e+14, 1.49311e+08,    1.33726,  0.0278952
1.5878e+08,    11229.5, 1.5899e+06, 4.48811e+29, 2.01506e+24, 1.50644e+13,    17.2698, 4.3504e+24,    0.03468, 4.13629e-08, 1.52069e-24,          0, 5.58621e+13, 2.45159e+14, 1.61126e+09, 3.01023e+14, 1.47154e+14, 1.44748e+08,     1.4312,  0.0277409
1.5988e+08,    10903.5, 1.55898e+06, 4.52694e+29, 2.01522e+24, 1.52797e+13,    18.1211, 3.59225e+24,    0.03468, 3.71277e-08, 9.98871e-25,          0, 5.31855e+13, 2.33413e+14, 1.48952e+09,  2.866e+14, 1.30036e+14, 1.40257e+08,     1.5338,  0.0275842
1.6098e+08,    10582.4, 1.52822e+06, 4.56516e+29, 2.01535e+24, 1.54991e+13,    19.0277, 2.95792e+24,    0.03468, 3.32736e-08, 6.52088e-25,          0, 5.06008e+13, 2.2207e+14, 1.3754e+09, 2.72672e+14, 1.14667e+14, 1.35839e+08,    1.64602,  0.0274253
1.6208e+08,    10266.2, 1.49762e+06, 4.60276e+29, 2.01547e+24, 1.57228e+13,    19.9942, 2.4286e+24,    0.03468, 2.97711e-08, 4.23017e-25,          0, 4.81062e+13, 2.11122e+14, 1.26853e+09, 2.59229e+14, 1.00896e+14, 1.31494e+08,    1.76897,  0.0272642
1.6318e+08,    9954.93, 1.4672e+06, 4.63972e+29, 2.01557e+24, 1.59508e+13,    21.0254, 1.98811e+24,    0.03468, 2.65929e-08, 2.72639e-25,          0, 4.56999e+13, 2.00561e+14, 1.16854e+09, 2.46262e+14, 8.85827e+13, 1.27221e+08,    1.90387,   0.027101
1.6428e+08,    9648.57, 1.43694e+06, 4.67604e+29, 2.01566e+24, 1.61833e+13,    22.1267, 1.62257e+24,    0.03468, 2.37132e-08, 1.74549e-25,          0,  4.338e+13, 1.9038e+14, 1.07508e+09, 2.33761e+14, 7.75951e+13, 1.23021e+08,    2.05214,  0.0269357
1.6538e+08,    9347.14, 1.40685e+06, 4.7117e+29, 2.01574e+24, 1.64205e+13,    23.3041, 1.32009e+24,    0.03468, 2.1108e-08, 1.10984e-25,          0, 4.11449e+13, 1.80571e+14, 9.87832e+08, 2.21717e+14, 6.78115e+13, 1.18893e+08,    2.21539,  0.0267686
1.6648e+08,    9050.62, 1.37694e+06, 4.74671e+29, 2.01581e+24, 1.66626e+13,     24.564, 1.07054e+24,    0.03468, 1.87549e-08, 7.00687e-26,          0, 3.89926e+13, 1.71125e+14, 9.06462e+08, 2.10119e+14, 5.91191e+13, 1.14838e+08,    2.39543,  0.0265996
1.6758e+08,    8759.03, 1.3472e+06, 4.78105e+29, 2.01588e+24, 1.69097e+13,    25.9137, 8.65281e+23,    0.03468, 1.66328e-08, 4.39155e-26,          0, 3.69214e+13, 1.62035e+14, 8.3066e+08, 1.98958e+14, 5.14135e+13, 1.10856e+08,    2.59437,  0.0264287
1.6868e+08,    8472.36, 1.31765e+06, 4.81471e+29, 2.01593e+24, 1.7162e+13,    27.3611, 6.96982e+23,    0.03468, 1.47223e-08, 2.73175e-26,          0, 3.49295e+13, 1.53294e+14, 7.60126e+08, 1.88224e+14, 4.45984e+13, 1.06946e+08,    2.81462,  0.0262562
1.6978e+08,    8190.61, 1.28827e+06, 4.84769e+29, 2.01597e+24, 1.74197e+13,    28.9151, 5.59432e+23,    0.03468, 1.30052e-08, 1.68612e-26,          0, 3.30151e+13, 1.44892e+14, 6.94571e+08, 1.77907e+14, 3.85851e+13, 1.03109e+08,    3.05893,  0.0260821
1.7088e+08,    7913.77, 1.25907e+06, 4.87998e+29, 2.01601e+24, 1.76831e+13,    30.5854, 4.47388e+23,    0.03468, 1.14648e-08, 1.0324e-26,          0, 3.11763e+13, 1.36822e+14, 6.33718e+08, 1.67999e+14, 3.32922e+13, 9.93437e+07,    3.33049,  0.0259063
1.7198e+08,    7641.84, 1.23006e+06, 4.91158e+29, 2.01605e+24, 1.79523e+13,     32.383, 3.56433e+23,    0.03468, 1.00852e-08, 6.26901e-27,          0, 2.94114e+13, 1.29076e+14, 5.77299e+08, 1.58488e+14, 2.86451e+13, 9.56505e+07,    3.63299,  0.0257292
1.7308e+08,    7374.81, 1.20124e+06, 4.94247e+29, 2.01608e+24, 1.82276e+13,    34.3201, 2.8286e+23,    0.03468, 8.85207e-09, 3.77415e-27,          0, 2.77185e+13, 1.21647e+14, 5.25059e+08, 1.49366e+14, 2.45754e+13, 9.20292e+07,     3.9707,  0.0255506
1.7418e+08,    7112.67, 1.1726e+06, 4.97265e+29, 2.0161e+24, 1.85092e+13,      36.41, 2.23565e+23,    0.03468, 7.75196e-09, 2.25203e-27,          0, 2.60959e+13, 1.14526e+14, 4.76753e+08, 1.40622e+14, 2.1021e+13, 8.84797e+07,    4.34861,  0.0253707
1.7528e+08,    6855.42, 1.14415e+06, 5.00212e+29, 2.01612e+24, 1.87974e+13,    38.6681, 1.75958e+23,    0.03468, 6.7725e-09, 1.33144e-27,          0, 2.45419e+13, 1.07706e+14, 4.32145e+08, 1.32248e+14, 1.7925e+13, 8.50016e+07,    4.77251,  0.0251895
1.7638e+08,    6603.03, 1.1159e+06, 5.03088e+29, 2.01614e+24, 1.90925e+13,    41.1112, 1.37887e+23,    0.03468, 5.90224e-09, 7.7967e-28,          0, 2.30546e+13, 1.01179e+14, 3.9101e+08, 1.24234e+14, 1.5236e+13, 8.15949e+07,     5.2492,  0.0250071
1.7748e+08,    6355.51, 1.08783e+06, 5.05891e+29, 2.01616e+24, 1.93947e+13,    43.7585, 1.07564e+23,    0.03468, 5.13069e-09, 4.52046e-28,          0, 2.16323e+13, 9.49365e+13, 3.53134e+08, 1.16569e+14, 1.29073e+13, 7.82593e+07,    5.78667,  0.0248237
1.7858e+08,    6112.83, 1.05996e+06, 5.08622e+29, 2.01617e+24, 1.97044e+13,    46.6314, 8.35153e+22,    0.03468, 4.44816e-09, 2.59397e-28,          0, 2.02732e+13, 8.89721e+13, 3.18311e+08, 1.09246e+14, 1.08968e+13, 7.49945e+07,    6.39435,  0.0246392
1.7968e+08,    5874.99, 1.03229e+06, 5.11281e+29, 2.01618e+24, 2.00219e+13,    49.7542, 6.45263e+22,    0.03468, 3.84578e-09, 1.47257e-28,          0, 1.89757e+13, 8.32776e+13, 2.86346e+08, 1.02254e+14, 9.16648e+12, 7.18003e+07,    7.08338,  0.0244538
1.8078e+08,    5641.97, 1.00481e+06, 5.13866e+29, 2.01619e+24, 2.03476e+13,    53.1543, 4.96009e+22,    0.03468, 3.31541e-09, 8.26642e-29,          0, 1.77379e+13, 7.78456e+13, 2.57052e+08, 9.55838e+13, 7.68211e+12, 6.86764e+07,    7.86704,  0.0242674
1.8188e+08,    5413.76,     977525, 5.16378e+29, 2.0162e+24, 2.06818e+13,    56.8627, 3.79254e+22,    0.03468, 2.84961e-09, 4.58652e-29,          0, 1.65583e+13, 7.26686e+13, 2.30251e+08, 8.92272e+13, 6.41307e+12, 6.56227e+07,    8.76114,  0.0240803
1.8298e+08,    5190.33,     950441, 5.18817e+29, 2.0162e+24, 2.1025e+13,     60.915, 2.88373e+22,    0.03468, 2.44158e-09, 2.5139e-29,          0, 1.54351e+13, 6.77393e+13, 2.05774e+08, 8.31746e+13, 5.33194e+12, 6.26387e+07,    9.78466,  0.0238924
1.8408e+08,    4971.67,     923557, 5.21182e+29, 2.01621e+24, 2.13776e+13,    65.3514, 2.17999e+22,    0.03468, 2.08513e-09, 1.36041e-29,          0, 1.43667e+13, 6.30502e+13, 1.83461e+08, 7.74171e+13, 4.41428e+12, 5.97243e+07,    10.9605,  0.0237039
1.8518e+08,    4757.77,     896873, 5.23474e+29, 2.01621e+24,  2.174e+13,    70.2182, 1.63799e+22,    0.03468, 1.77461e-09, 7.26426e-30,          0, 1.33513e+13, 5.85943e+13, 1.6316e+08, 7.19458e+13, 3.63837e+12, 5.6879e+07,    12.3162,  0.0235147
1.8628e+08,    4548.61,     870391, 5.25693e+29, 2.01622e+24, 2.21127e+13,    75.5686, 1.22292e+22,    0.03468, 1.50491e-09,  3.825e-30,          0, 1.23875e+13, 5.43642e+13, 1.44726e+08, 6.67518e+13, 2.98492e+12, 5.41028e+07,    13.8855,   0.023325
1.8738e+08,    4344.16,     844110, 5.27838e+29, 2.01622e+24, 2.24964e+13,    81.4635, 9.06932e+21,    0.03468, 1.27139e-09, 1.98467e-30,          0, 1.14735e+13, 5.0353e+13, 1.28023e+08, 6.18266e+13, 2.43692e+12, 5.13951e+07,    15.7095,  0.0231348
1.8848e+08,    4144.41,     818032, 5.2991e+29, 2.01622e+24, 2.28915e+13,    87.9738, 6.67877e+21,    0.03468, 1.06985e-09,  1.014e-30,          0, 1.06077e+13, 4.65537e+13, 1.1292e+08, 5.71615e+13, 1.97936e+12, 4.87559e+07,    17.8389,  0.0229443
1.8958e+08,    3949.35,     792158, 5.31908e+29, 2.01622e+24, 2.32987e+13,    95.1813, 4.88202e+21,    0.03468, 8.96497e-10, 5.0971e-31,          0, 9.78874e+12, 4.29593e+13, 9.92974e+07, 5.27482e+13, 1.59908e+12, 4.63925e+07,    20.1164,   0.022769
1.9068e+08,    3758.94,     766488, 5.33834e+29, 2.01623e+24, 2.37187e+13,    103.182, 3.54087e+21,    0.03468, 7.47933e-10, 2.51862e-31,          0, 9.01489e+12, 3.95632e+13, 8.70385e+07, 4.85781e+13, 1.28454e+12, 4.40862e+07,    22.7639,  0.0225935
1.9178e+08,    3573.17,     741022, 5.35687e+29, 2.01623e+24, 2.41522e+13,    112.087, 2.54705e+21,    0.03468, 6.2109e-10, 1.22218e-31,          0, 8.28467e+12, 3.63585e+13, 7.60353e+07, 4.46432e+13, 1.02572e+12, 4.18369e+07,     25.855,  0.0224179
1.9288e+08,    3392.03,     715761, 5.37467e+29, 2.01623e+24, 2.46001e+13,    122.028, 1.81624e+21,    0.03468, 5.13226e-10, 5.8182e-32,          0, 7.59658e+12, 3.33387e+13, 6.61856e+07, 4.09353e+13, 8.13868e+11, 3.96443e+07,    29.4807,  0.0222421
1.9389e+08,    3229.76,     692748, 5.39039e+29, 2.01623e+24, 2.50247e+13,      132.2, 1.32067e+21,    0.03468, 4.28793e-10, 2.89109e-32,          0, 7.00061e+12, 3.07232e+13, 5.80753e+07, 3.77239e+13, 6.54245e+11, 3.75082e+07,    33.7549,  0.0220662
 1.949e+08,    3071.36,     669908, 5.4055e+29, 2.01623e+24, 2.54628e+13,    143.517, 9.5243e+20,    0.03468, 3.56589e-10, 1.41083e-32,          0, 6.43777e+12, 2.82531e+13, 5.07869e+07, 3.46909e+13, 5.22796e+11, 3.54284e+07,    38.8199,  0.0218904
1.9591e+08,     2916.8,     647242,   5.42e+29, 2.01623e+24, 2.59154e+13,    156.145, 6.80899e+20,    0.03468, 2.95086e-10, 6.75417e-33,          0, 5.90695e+12, 2.59235e+13, 4.42544e+07, 3.18305e+13, 4.15127e+11, 3.34047e+07,    44.8562,  0.0217145
1.9692e+08,    2766.09,     624749, 5.43391e+29, 2.01623e+24, 2.63831e+13,     170.28, 4.82295e+20,    0.03468, 2.4292e-10, 3.16845e-33,          0, 5.40706e+12, 2.37297e+13, 3.8416e+07, 2.91368e+13, 3.27431e+11, 3.14369e+07,    52.0935,  0.0215387
1.9793e+08,    2619.19,     602430, 5.44723e+29, 2.01623e+24, 2.68671e+13,    186.153, 3.38276e+20,    0.03468, 1.9887e-10, 1.45461e-33,          0,  4.937e+12, 2.16668e+13, 3.32136e+07, 2.66038e+13, 2.56431e+11, 2.95248e+07,    60.8269,  0.0213631
1.9894e+08,     2476.1,     580284, 5.45996e+29, 2.01623e+24, 2.73684e+13,    204.043, 2.34792e+20,    0.03468, 1.61848e-10, 6.52625e-34,          0, 4.49572e+12, 1.97301e+13, 2.85926e+07, 2.42259e+13, 1.99312e+11, 2.76683e+07,    71.4394,  0.0211876
1.9995e+08,    2336.81,     558313, 5.47211e+29, 2.01623e+24, 2.78881e+13,     224.28, 1.61153e+20,    0.03468, 1.30891e-10, 2.85711e-34,          0, 4.08217e+12, 1.79152e+13, 2.45019e+07, 2.19974e+13, 1.53669e+11, 2.58672e+07,    84.4326,  0.0210124
2.0096e+08,     2201.3,     536515, 5.48368e+29, 2.01623e+24, 2.84275e+13,    247.267, 1.09296e+20,    0.03468, 1.05144e-10, 1.21842e-34,          0, 3.69532e+12, 1.62174e+13, 2.08938e+07, 1.99128e+13, 1.17461e+11, 2.41215e+07,     100.47,  0.0208374
2.0197e+08,    2069.57,     514890, 5.49468e+29, 2.01623e+24, 2.89881e+13,    273.489, 7.31816e+19,    0.03468, 8.38522e-11, 5.05176e-35,          0, 3.33414e+12, 1.46324e+13, 1.77235e+07, 1.79665e+13, 8.89567e+10, 2.24309e+07,    120.441,  0.0206627
2.0298e+08,    1941.59,     493439, 5.50511e+29, 2.01623e+24, 2.95714e+13,    303.542, 4.83295e+19,    0.03468, 6.63542e-11, 2.03212e-35,          0, 2.99766e+12, 1.31557e+13, 1.49494e+07, 1.61533e+13, 6.67029e+10, 2.07955e+07,    145.549,  0.0204884
2.0399e+08,    1817.37,     472161, 5.51499e+29, 2.01623e+24, 3.01792e+13,    338.158, 3.1446e+19,    0.03468, 5.20692e-11, 7.91196e-36,          0, 2.68487e+12, 1.1783e+13, 1.25329e+07, 1.44678e+13, 4.94827e+10, 1.92152e+07,    177.451,  0.0203146
  2.05e+08,    1696.89,     451057, 5.52431e+29, 2.01623e+24, 3.08135e+13,    378.247, 2.01343e+19,    0.03468, 4.04906e-11, 2.97366e-36,          0, 2.39483e+12, 1.05101e+13, 1.04379e+07, 1.29049e+13, 3.6285e+10,  1.769e+07,    218.456,  0.0201412
2.0601e+08,    1580.15,     430124, 5.53309e+29, 2.01623e+24, 3.14766e+13,    424.948, 1.26685e+19,    0.03468, 3.11782e-11, 1.07562e-36,          0, 2.12658e+12, 9.33283e+12, 8.6311e+06, 1.14594e+13, 2.62746e+10, 1.62199e+07,    271.836,  0.0199683
2.0702e+08,    1467.14,     409364, 5.54134e+29, 2.01623e+24, 3.21708e+13,    479.702, 7.82091e+18,    0.03468, 2.37514e-11, 3.73168e-37,          0, 1.8792e+12, 8.24714e+12, 7.08159e+06, 1.01263e+13, 1.87671e+10, 1.48051e+07,    342.318,   0.019796
2.0803e+08,    1357.87,     388776, 5.54906e+29, 2.01623e+24, 3.28992e+13,    544.348, 4.72888e+18,    0.03468, 1.78827e-11, 1.23688e-37,          0, 1.65176e+12,  7.249e+12, 5.7609e+06, 8.90077e+12, 1.32055e+10, 1.34456e+07,    436.864,  0.0196243
2.0904e+08,    1252.32,     368360, 5.55626e+29, 2.01623e+24, 3.36651e+13,     621.26, 2.79474e+18,    0.03468, 1.32918e-11, 3.89924e-38,          0, 1.44337e+12, 6.33446e+12, 4.6428e+06, 7.77784e+12, 9.14048e+09, 1.21418e+07,    565.958,  0.0194533
2.1005e+08,    1150.51,     348115, 5.56295e+29, 2.01623e+24, 3.44722e+13,    713.545, 1.61056e+18,    0.03468, 9.73994e-12, 1.16307e-38,          0, 1.25315e+12, 5.49964e+12, 3.70322e+06, 6.75279e+12, 6.21304e+09, 1.08938e+07,    745.803,  0.0192829
2.1106e+08,    1052.44,     328040, 5.56915e+29, 2.01623e+24, 3.5325e+13,    825.318, 9.02543e+17,    0.03468, 7.02554e-12, 3.2627e-39,          0, 1.08023e+12, 4.74072e+12, 2.92009e+06, 5.82095e+12, 4.13905e+09, 9.70219e+06,    1002.16,  0.0191134
2.1207e+08,    958.118,     308135, 5.57485e+29, 2.01623e+24, 3.62286e+13,    962.113, 4.90239e+17,    0.03468, 4.97919e-12, 8.5468e-40,          0, 9.23741e+11, 4.05397e+12, 2.27328e+06, 4.97771e+12, 2.69617e+09, 8.56734e+06,    1377.35,  0.0189446
2.1308e+08,    867.559,     288399, 5.58009e+29, 2.01623e+24, 3.71893e+13,     1131.5, 2.57115e+17,    0.03468, 3.45981e-12, 2.07313e-40,          0, 7.82859e+11, 3.43569e+12, 1.74448e+06, 4.21855e+12, 1.71257e+09, 7.48996e+06,    1943.61,  0.0187767
2.1409e+08,    780.783,     268832, 5.58486e+29, 2.01623e+24, 3.74738e+13,    1344.04, 1.29608e+17,    0.03468, 2.35089e-12, 4.60953e-41,          0, 6.56753e+11, 2.88226e+12, 1.31709e+06, 3.53901e+12, 1.05722e+09, 6.47085e+06,    2829.82,  0.0186097
 2.151e+08,    697.815,     249434, 5.58918e+29, 2.01623e+24, 3.74738e+13,    1614.74, 6.24445e+16,    0.03468, 1.55717e-12, 9.28074e-42,          0, 5.44609e+11, 2.3901e+12,     976134, 2.93471e+12, 6.31782e+08, 5.51108e+06,    4278.31,  0.0184437
2.1611e+08,    618.687,     230202, 5.59306e+29, 2.01623e+24, 3.74738e+13,    1965.51, 2.85591e+16,    0.03468, 1.00157e-12, 1.66678e-42,          0, 4.45626e+11, 1.95569e+12,     708150, 2.40132e+12, 3.63676e+08, 4.61195e+06,    6774.68,  0.0182787
2.1712e+08,    543.442,     211137, 5.59652e+29, 2.01623e+24, 3.74738e+13,    2429.19, 1.22936e+16,    0.03468, 6.22563e-13, 2.62064e-43,          0, 3.5901e+11, 1.57557e+12,     501123, 1.93458e+12, 2.00423e+08, 3.77517e+06,    11370.9,  0.0181148
2.1813e+08,    472.132,     192237, 5.59957e+29, 2.01623e+24, 3.74738e+13,    3056.62, 4.92711e+15,    0.03468, 3.71694e-13, 3.52254e-44,          0, 2.83981e+11, 1.24629e+12,     344379, 1.53028e+12, 1.04928e+08, 3.00291e+06,    20582.4,  0.0179521
2.1914e+08,    404.822,     173502, 5.60222e+29, 2.01623e+24, 3.74738e+13,    3929.58, 1.81301e+15,    0.03468, 2.11474e-13, 3.92517e-45,          0, 2.19765e+11, 9.6447e+11,     228511, 1.18424e+12, 5.16625e+07, 2.29805e+06,      41250,  0.0177905
2.2015e+08,    341.597,     154931, 5.60451e+29, 2.01623e+24, 3.74738e+13,    5185.68, 6.01203e+14,    0.03468, 1.13459e-13, 3.48084e-46,          0, 1.65593e+11, 7.26727e+11,     145291, 8.9232e+11, 2.36048e+07, 1.66449e+06,    95564.8,  0.0176302
2.2116e+08,    282.561,     136522, 5.60643e+29, 2.01623e+24, 3.74738e+13,     7069.6, 1.7515e+14,    0.03468, 5.65846e-14, 2.32319e-47,          0, 1.20699e+11, 5.29706e+11,    87599.3, 6.50406e+11, 9.8273e+06, 1.10774e+06,     276693,  0.0174713
2.2217e+08,    227.849,     118275, 5.60802e+29, 2.01623e+24, 3.74738e+13,    10047.4, 4.32407e+13,    0.03468, 2.57038e-14, 1.07811e-48,          0, 8.43201e+10, 3.70051e+11,    49347.3, 4.54371e+11, 3.63267e+06,     636194, 1.18086e+06,  0.0173138
2.2318e+08,    177.638,     100189, 5.6093e+29, 2.01623e+24, 3.74738e+13,    15088.1, 8.57366e+12,    0.03468, 1.03178e-14, 3.09221e-50,          0, 5.56859e+10, 2.44385e+11,    25407.7, 3.00071e+11, 1.14721e+06,     264259, 9.80127e+06,  0.0171578
2.2419e+08,    132.161,    82261.7, 5.61028e+29, 2.01623e+24, 3.74738e+13,    24457.2, 1.25418e+12,    0.03468, 3.48875e-15, 4.54962e-52,          0, 3.40167e+10, 1.49287e+11,    11547.3, 1.83304e+11,     291218,    11732.2,    2.05383,  0.0169868
 2.252e+08,    91.7433,    64492.8, 5.61099e+29, 2.01623e+24, 3.74738e+13,    44395.5, 1.16928e+11,    0.03468, 9.14944e-16, 2.49049e-54,          0, 1.8513e+10, 8.12468e+10,    4362.49, 9.97597e+10,    53495.5,          0,       -nan,       -nan
2.2621e+08,     56.859,    46880.7, 5.61147e+29, 2.01623e+24, 3.74738e+13,    96985.4, 5.21645e+09,    0.03468, 1.58325e-16, 2.70408e-57,          0, 8.34033e+09, 3.66027e+10,    1218.05, 4.4943e+10,    5788.74,          0,       -nan,       -nan
2.2722e+08,    28.2723,      29424, 5.61174e+29, 2.01623e+24, 3.74738e+13,     303614, 5.55939e+07,    0.03468, 1.22164e-17, 1.26756e-61,          0, 2.60287e+09, 1.14231e+10,    189.016, 1.4026e+10,    224.083,          0,       -nan,       -nan
2.2878e+08,   0.813596,    2763.13, 5.61187e+29, 2.01623e+24, 3.75485e+13, 9.98182e+07, 0.00535599,    0.03468, 2.73393e-23,          0,          0, 7.03396e+06, 3.08695e+07,  0.0146992, 3.79035e+07,  1.463e-05,          0,       -nan,       -nan
