X = 0.734
Y = 0.25
Z = 0.016
mu = 0.601142
    Radius,    Density,       Temp,       Mass,        Lum,       OptD,        Kff,         KH,        Kes,         PP,        CNO,         3a,        Deg,        Gas,        Rad,    TotPres,       dLdr,     dPdT,      dTRad,     dTConv
         0,          0,          0,          0,          0,          0,       -nan,          0,    0.03468,          0,          0,          0,          0,          0,          0,          0,          0,          0,       -nan,       -nan
      0.01,    57804.5, 5.91562e+06,     242131,    9.88069,    31634.4,   0.547266,  1.349e+30,    0.03468, 4.08072e-05, 1.77501e-12, 1.86725e-64, 8.57276e+14, 4.6955e+15, 3.08809e+11, 5.55309e+15, 0.00296421, 9.46352e+08, 1.09395e-05, 4.5345e-06
1.0033e+06,    57801.5, 5.91542e+06, 2.44525e+23, 9.9773e+18, 3.17391e+10,   0.547312, 1.34855e+30,    0.03468, 4.07997e-05, 1.77373e-12, 1.86429e-64, 8.57203e+14, 4.6951e+15, 3.08767e+11, 5.55262e+15, 2.98307e+13, 9.46289e+08, 0.00109755, 0.000454926
2.0083e+06,    57792.7, 5.91482e+06, 1.96101e+24, 7.99877e+19, 6.35341e+10,   0.547448, 1.34722e+30,    0.03468, 4.07768e-05, 1.76988e-12, 1.8554e-64, 8.56985e+14, 4.69391e+15, 3.08642e+11, 5.5512e+15, 1.19441e+14, 9.46099e+08, 0.00219688, 0.000910515
3.0133e+06,      57778, 5.91381e+06, 6.62302e+24, 2.69995e+20, 9.53331e+10,   0.547675, 1.34499e+30,    0.03468, 4.07388e-05, 1.76347e-12, 1.84068e-64, 8.56621e+14, 4.69192e+15, 3.08433e+11, 5.54885e+15, 2.68574e+14, 9.45781e+08, 0.00329607, 0.00136588
4.0183e+06,    57757.4, 5.91241e+06, 1.57023e+25, 6.39622e+20, 1.27138e+11,   0.547993, 1.34188e+30,    0.03468, 4.06856e-05, 1.75453e-12, 1.82025e-64, 8.56112e+14, 4.68913e+15, 3.0814e+11, 5.54555e+15, 4.76806e+14, 9.45337e+08, 0.00439505, 0.00182092
5.0233e+06,    57730.9, 5.9106e+06, 3.06679e+25, 1.24798e+21, 1.58952e+11,   0.548403, 1.33789e+30,    0.03468, 4.06173e-05, 1.7431e-12, 1.79431e-64, 8.55457e+14, 4.68555e+15, 3.07764e+11, 5.54131e+15, 7.43544e+14, 9.44766e+08, 0.00549373, 0.00227552
6.0283e+06,    57698.5, 5.9084e+06, 5.29853e+25, 2.15349e+21, 1.90775e+11,   0.548905, 1.33303e+30,    0.03468, 4.0534e-05, 1.72923e-12, 1.7631e-64, 8.54658e+14, 4.68117e+15, 3.07305e+11, 5.53614e+15, 1.06803e+15, 9.44045e+08, 0.00662652, 0.00274382
7.07281e+06,    57658.7, 5.90568e+06, 8.55398e+25, 3.47134e+21, 2.23863e+11,   0.549524, 1.32706e+30,    0.03468, 4.04315e-05, 1.71229e-12, 1.72539e-64, 8.53675e+14, 4.67579e+15, 3.0674e+11, 5.52977e+15, 1.46548e+15, 9.43133e+08, 0.00782816,    0.00324
8.17281e+06,    57609.9, 5.90235e+06, 1.31913e+26, 5.34329e+21, 2.58725e+11,   0.550283, 1.31979e+30,    0.03468, 4.03063e-05, 1.69174e-12, 1.68025e-64, 8.52471e+14, 4.6692e+15, 3.06048e+11, 5.52198e+15, 1.94905e+15, 9.4207e+08,  0.0090292, 0.00373525
9.27281e+06,    57554.1, 5.89854e+06, 1.92554e+26, 7.78311e+21, 2.93608e+11,   0.551154, 1.3115e+30,    0.03468, 4.01634e-05, 1.66853e-12, 1.63003e-64, 8.51097e+14, 4.66167e+15, 3.05259e+11, 5.51307e+15, 2.4977e+15, 9.40973e+08,  0.0101205, 0.00418455
1.03728e+07,    57491.4, 5.89425e+06, 2.69355e+26, 1.08614e+22, 3.28513e+11,   0.552137, 1.30224e+30,    0.03468, 4.00031e-05, 1.64277e-12, 1.57526e-64, 8.49551e+14, 4.6532e+15, 3.04372e+11, 5.50306e+15, 3.10956e+15, 9.39623e+08,  0.0113202, 0.00467761
1.14728e+07,    57421.7, 5.88949e+06, 3.64191e+26, 1.46466e+22, 3.63444e+11,   0.553232, 1.29201e+30,    0.03468, 3.98256e-05, 1.61458e-12, 1.51651e-64, 8.47835e+14, 4.64381e+15, 3.03389e+11, 5.49194e+15, 3.78258e+15, 9.38125e+08,  0.0125191, 0.00516933
1.25728e+07,    57345.1, 5.88425e+06, 4.78927e+26, 1.92047e+22, 3.98402e+11,    0.55444, 1.28085e+30,    0.03468, 3.96311e-05, 1.58412e-12, 1.45437e-64, 8.45951e+14, 4.63348e+15, 3.02311e+11, 5.47974e+15, 4.51447e+15, 9.36477e+08,  0.0137171, 0.00565956
1.36728e+07,    57261.5, 5.87853e+06, 6.15412e+26, 2.45991e+22, 4.33392e+11,   0.555762, 1.26877e+30,    0.03468, 3.94198e-05, 1.55152e-12, 1.38945e-64, 8.43898e+14, 4.62224e+15, 3.01138e+11, 5.46644e+15, 5.30278e+15, 9.34682e+08,  0.0149142, 0.00614816
1.47728e+07,    57171.2, 5.87234e+06, 7.7548e+26, 3.08905e+22, 4.68416e+11,   0.557198, 1.25581e+30,    0.03468, 3.91921e-05, 1.51694e-12, 1.32234e-64, 8.41679e+14, 4.61009e+15, 2.99872e+11, 5.45207e+15, 6.14486e+15, 9.3274e+08,  0.0161103, 0.00663499
1.58728e+07,    57073.9, 5.86568e+06, 9.60948e+26, 3.81365e+22, 5.03476e+11,   0.558749, 1.24199e+30,    0.03468, 3.89483e-05, 1.48054e-12, 1.25366e-64, 8.39295e+14, 4.59703e+15, 2.98514e+11, 5.43662e+15, 7.03791e+15, 9.30652e+08,  0.0173054, 0.00711991
1.69728e+07,    56969.9, 5.85855e+06, 1.17361e+27, 4.63915e+22, 5.38575e+11,   0.560417, 1.22734e+30,    0.03468, 3.86886e-05, 1.4425e-12, 1.18399e-64, 8.36746e+14, 4.58307e+15, 2.97065e+11, 5.42011e+15, 7.97895e+15, 9.28419e+08,  0.0184995, 0.00760279
1.80728e+07,    56859.1, 5.85095e+06, 1.41526e+27, 5.57066e+22, 5.73716e+11,   0.562202, 1.21191e+30,    0.03468, 3.84134e-05, 1.40298e-12, 1.11392e-64, 8.34035e+14, 4.56822e+15, 2.95527e+11, 5.40255e+15, 8.96486e+15, 9.26041e+08,  0.0196925, 0.00808349
1.91728e+07,    56741.5, 5.84289e+06, 1.68763e+27, 6.61294e+22, 6.08901e+11,   0.564106, 1.19571e+30,    0.03468, 3.81229e-05, 1.36216e-12, 1.04397e-64, 8.31164e+14, 4.55249e+15,  2.939e+11, 5.38395e+15, 9.99238e+15, 9.2352e+08,  0.0208845, 0.00856188
2.02728e+07,    56617.3, 5.83435e+06, 1.99247e+27, 7.77039e+22, 6.44135e+11,   0.566129, 1.1788e+30,    0.03468, 3.78177e-05, 1.32021e-12, 9.7467e-65, 8.28132e+14, 4.53589e+15, 2.92187e+11, 5.36431e+15, 1.10581e+16, 9.20858e+08,  0.0220755, 0.00903782
2.13728e+07,    56486.4, 5.82536e+06, 2.33149e+27, 9.04701e+22, 6.79418e+11,   0.568274, 1.16119e+30,    0.03468, 3.74981e-05, 1.27733e-12, 9.06478e-65, 8.24944e+14, 4.51842e+15, 2.90389e+11, 5.34365e+15, 1.21587e+16, 9.18054e+08,  0.0232655, 0.00951117
2.24728e+07,    56348.8, 5.8159e+06, 2.70637e+27, 1.04464e+23, 7.14755e+11,   0.570541, 1.14294e+30,    0.03468, 3.71645e-05, 1.23367e-12, 8.39823e-65, 8.21599e+14, 4.5001e+15, 2.88508e+11, 5.32199e+15, 1.32904e+16, 9.15111e+08,  0.0244544, 0.00998182
2.35728e+07,    56204.8, 5.80598e+06, 3.11878e+27, 1.19719e+23, 7.50148e+11,   0.572932, 1.12408e+30,    0.03468, 3.68172e-05, 1.18942e-12, 7.75082e-65, 8.18101e+14, 4.48094e+15, 2.86544e+11, 5.29933e+15, 1.44496e+16, 9.12029e+08,  0.0256425,  0.0104496
2.46728e+07,    56054.2, 5.7956e+06, 3.57034e+27, 1.36262e+23, 7.85599e+11,   0.575448, 1.10464e+30,    0.03468, 3.64568e-05, 1.14475e-12, 7.12585e-65, 8.14451e+14, 4.46095e+15, 2.84502e+11, 5.27568e+15, 1.56327e+16, 9.08811e+08,  0.0268296,  0.0109145
2.57728e+07,    55897.1, 5.78477e+06, 4.06267e+27, 1.54118e+23, 8.21112e+11,   0.578092, 1.08468e+30,    0.03468, 3.60836e-05, 1.09983e-12, 6.52609e-65, 8.10651e+14, 4.44014e+15, 2.82381e+11, 5.25107e+15, 1.68358e+16, 9.05457e+08,   0.028016,  0.0113762
2.68728e+07,    55733.6, 5.77349e+06, 4.59733e+27, 1.73307e+23, 8.5669e+11,   0.580864, 1.06422e+30,    0.03468, 3.56982e-05, 1.05482e-12, 5.95383e-65, 8.06704e+14, 4.41851e+15, 2.80184e+11, 5.2255e+15, 1.80551e+16, 9.01969e+08,  0.0292017,  0.0118347
2.79728e+07,    55563.8, 5.76175e+06, 5.17588e+27, 1.93844e+23, 8.92335e+11,   0.583767, 1.04332e+30,    0.03468, 3.53009e-05, 1.00988e-12, 5.41086e-65, 8.02611e+14, 4.3961e+15, 2.77913e+11, 5.19899e+15, 1.92868e+16, 8.98348e+08,  0.0303868,  0.0122899
2.90728e+07,    55387.7, 5.74957e+06, 5.79981e+27, 2.15741e+23, 9.28051e+11,   0.586802, 1.02201e+30,    0.03468, 3.48924e-05, 9.65153e-13, 4.89847e-65, 7.98375e+14, 4.3729e+15, 2.7557e+11, 5.17155e+15, 2.05271e+16, 8.94597e+08,  0.0315715,  0.0127416
3.01728e+07,    55205.3, 5.73694e+06, 6.47062e+27, 2.39005e+23, 9.6384e+11,   0.589972, 1.00033e+30,    0.03468, 3.44729e-05, 9.20789e-13, 4.41751e-65, 7.93999e+14, 4.34892e+15, 2.73156e+11, 5.1432e+15, 2.17721e+16, 8.90716e+08,  0.0327559,  0.0131898
3.12728e+07,    55016.8, 5.72387e+06, 7.18974e+27, 2.6364e+23, 9.99705e+11,   0.593278, 9.78329e+29,    0.03468, 3.40431e-05, 8.76921e-13, 3.96842e-65, 7.89484e+14, 4.32419e+15, 2.70676e+11, 5.11395e+15, 2.3018e+16, 8.86707e+08,  0.0339401,  0.0136342
3.23728e+07,    54822.1, 5.71036e+06, 7.9586e+27, 2.89644e+23, 1.03565e+12,   0.596723, 9.56044e+29,    0.03468, 3.36035e-05, 8.33674e-13, 3.55123e-65, 7.84833e+14, 4.29872e+15, 2.68129e+11, 5.08382e+15, 2.42611e+16, 8.82573e+08,  0.0351245,  0.0140748
3.34728e+07,    54621.3, 5.69641e+06, 8.77856e+27, 3.17012e+23, 1.07168e+12,    0.60031, 9.33517e+29,    0.03468, 3.31546e-05, 7.91165e-13, 3.16562e-65, 7.8005e+14, 4.27252e+15, 2.65519e+11, 5.05284e+15, 2.54976e+16, 8.78314e+08,  0.0363091,  0.0145115
3.45728e+07,    54414.6, 5.68203e+06, 9.65096e+27, 3.45735e+23, 1.10779e+12,   0.604039, 9.10789e+29,    0.03468, 3.26968e-05, 7.49501e-13, 2.81098e-65, 7.75136e+14, 4.2456e+15, 2.62847e+11,  5.021e+15, 2.67239e+16, 8.74337e+08,  0.0373865,   0.014905
3.56728e+07,      54202, 5.66721e+06, 1.05771e+28,  3.758e+23, 1.14399e+12,   0.607915,  8.879e+29,    0.03468, 3.22307e-05, 7.08779e-13, 2.48642e-65, 7.70094e+14, 4.21799e+15, 2.60117e+11, 4.98834e+15, 2.79363e+16, 8.69846e+08,  0.0385724,  0.0153339
3.67728e+07,    53983.5, 5.65197e+06, 1.15582e+28, 4.07189e+23, 1.18028e+12,   0.611939, 8.6489e+29,    0.03468, 3.17568e-05, 6.69088e-13, 2.19082e-65, 7.64927e+14, 4.18969e+15, 2.5733e+11, 4.95487e+15, 2.91314e+16, 8.65237e+08,  0.0397594,  0.0157585
3.78728e+07,    53759.2, 5.63631e+06, 1.25956e+28, 4.39881e+23, 1.21667e+12,   0.616115, 8.41799e+29,    0.03468, 3.12757e-05, 6.30503e-13, 1.92288e-65, 7.59638e+14, 4.16072e+15, 2.54489e+11, 4.92061e+15, 3.03058e+16, 8.60511e+08,  0.0409477,  0.0161787
3.89728e+07,    53529.2, 5.62022e+06, 1.36904e+28, 4.73853e+23, 1.25315e+12,   0.620444, 8.18663e+29,    0.03468, 3.07879e-05, 5.93093e-13, 1.68116e-65, 7.54229e+14, 4.13109e+15, 2.51596e+11, 4.88557e+15, 3.14561e+16, 8.5567e+08,  0.0421377,  0.0165946
4.00728e+07,    53293.6, 5.60372e+06, 1.48437e+28, 5.09075e+23, 1.28973e+12,   0.624931, 7.95522e+29,    0.03468, 3.02939e-05, 5.56915e-13, 1.46412e-65, 7.48704e+14, 4.10083e+15, 2.48653e+11, 4.84978e+15, 3.25792e+16, 8.50717e+08,  0.0433298,  0.0170058
4.11728e+07,    53052.4, 5.5868e+06, 1.60567e+28, 5.45516e+23, 1.32642e+12,   0.629578, 7.7241e+29,    0.03468, 2.97943e-05, 5.22018e-13, 1.27015e-65, 7.43066e+14, 4.06995e+15, 2.45664e+11, 4.81326e+15, 3.3672e+16, 8.45653e+08,  0.0445244,  0.0174124
4.22728e+07,    52805.8, 5.56947e+06, 1.73304e+28, 5.83141e+23, 1.36321e+12,   0.634389, 7.49364e+29,    0.03468, 2.92895e-05, 4.8844e-13, 1.09759e-65, 7.37317e+14, 4.03846e+15, 2.4263e+11, 4.77602e+15, 3.47316e+16, 8.4048e+08,  0.0457219,  0.0178142
4.33728e+07,    52553.7, 5.55173e+06, 1.86658e+28, 6.21912e+23, 1.40012e+12,   0.639366, 7.26417e+29,    0.03468, 2.87801e-05, 4.56211e-13, 9.44778e-66, 7.31461e+14, 4.00638e+15, 2.39554e+11, 4.73808e+15, 3.57554e+16, 8.35202e+08,  0.0469227,  0.0182112
4.44728e+07,    52296.4, 5.53359e+06, 2.00639e+28, 6.61788e+23, 1.43714e+12,   0.644514, 7.03602e+29,    0.03468, 2.82667e-05, 4.25351e-13, 8.10071e-66, 7.25501e+14, 3.97374e+15, 2.36438e+11, 4.69947e+15, 3.67405e+16, 8.29819e+08,  0.0481273,  0.0186032
4.55728e+07,    52033.8, 5.51505e+06, 2.15257e+28, 7.02726e+23, 1.47427e+12,   0.649835, 6.80951e+29,    0.03468, 2.77497e-05, 3.95873e-13, 6.91859e-66, 7.19439e+14, 3.94053e+15, 2.33285e+11, 4.66021e+15, 3.76847e+16, 8.24334e+08,  0.0493363,  0.0189902
4.66728e+07,      51766, 5.49611e+06, 2.30519e+28, 7.44679e+23, 1.51153e+12,   0.655335, 6.58494e+29,    0.03468, 2.72297e-05, 3.67781e-13, 5.88588e-66, 7.1328e+14, 3.9068e+15, 2.30098e+11, 4.62031e+15, 3.85856e+16, 8.18749e+08,  0.0505502,  0.0193721
4.77728e+07,    51493.2, 5.47678e+06, 2.46434e+28, 7.87598e+23, 1.54891e+12,   0.661015, 6.3626e+29,    0.03468, 2.67072e-05, 3.41074e-13, 4.98773e-66, 7.07025e+14, 3.87254e+15, 2.26878e+11, 4.57979e+15, 3.94411e+16, 8.13067e+08,  0.0517696,  0.0197488
4.88728e+07,    51215.4, 5.45707e+06, 2.63011e+28, 8.31432e+23, 1.58641e+12,   0.666882, 6.14276e+29,    0.03468, 2.61827e-05, 3.15741e-13, 4.21007e-66, 7.0068e+14, 3.83778e+15, 2.23629e+11, 4.53869e+15, 4.02494e+16, 8.0729e+08,  0.0529952,  0.0201202
4.99728e+07,    50932.7, 5.43697e+06, 2.80256e+28, 8.76128e+23, 1.62405e+12,   0.672939, 5.92568e+29,    0.03468, 2.56566e-05, 2.91766e-13, 3.53971e-66, 6.94246e+14, 3.80254e+15, 2.20352e+11, 4.49701e+15, 4.10085e+16, 8.01421e+08,  0.0542275,  0.0204862
5.10728e+07,    50645.2, 5.41649e+06, 2.98177e+28, 9.21632e+23, 1.66182e+12,   0.679189, 5.71161e+29,    0.03468, 2.51296e-05, 2.6913e-13, 2.9644e-66, 6.87727e+14, 3.76684e+15, 2.17051e+11, 4.45478e+15, 4.1717e+16, 7.95461e+08,  0.0554674,  0.0208468
5.21728e+07,      50353, 5.39563e+06, 3.1678e+28, 9.67887e+23, 1.69973e+12,   0.685639, 5.50077e+29,    0.03468, 2.4602e-05, 2.47804e-13, 2.47283e-66, 6.81127e+14, 3.73068e+15, 2.13727e+11, 4.41203e+15, 4.23736e+16, 7.89413e+08,  0.0567155,  0.0212019
5.32728e+07,    50056.2, 5.37441e+06, 3.36071e+28, 1.01483e+24, 1.73777e+12,   0.692293, 5.29338e+29,    0.03468, 2.40744e-05, 2.27759e-13, 2.05465e-66, 6.74448e+14, 3.6941e+15, 2.10384e+11, 4.36876e+15, 4.29769e+16, 7.83279e+08,  0.0579727,  0.0215514
5.43728e+07,    49754.9, 5.35281e+06, 3.56055e+28, 1.06242e+24, 1.77596e+12,   0.699155, 5.08963e+29,    0.03468, 2.35472e-05, 2.08958e-13, 1.70044e-66, 6.67694e+14, 3.65711e+15, 2.07023e+11, 4.32501e+15, 4.3526e+16, 7.77063e+08,  0.0592398,  0.0218952
5.54728e+07,    49449.1, 5.33086e+06, 3.76738e+28, 1.11057e+24, 1.8143e+12,   0.706231, 4.8897e+29,    0.03468, 2.30209e-05, 1.91364e-13, 1.40174e-66, 6.60869e+14, 3.61973e+15, 2.03647e+11, 4.2808e+15, 4.40201e+16, 7.70765e+08,  0.0605177,  0.0222333
5.65728e+07,    49138.9, 5.30854e+06, 3.98125e+28, 1.15924e+24, 1.85279e+12,   0.713526, 4.69377e+29,    0.03468, 2.24959e-05, 1.74935e-13, 1.15093e-66, 6.53975e+14, 3.58197e+15, 2.00259e+11, 4.23614e+15, 4.44585e+16, 7.6439e+08,  0.0618074,  0.0225657
5.76728e+07,    48824.6, 5.28588e+06, 4.20218e+28, 1.20836e+24, 1.89144e+12,   0.721046, 4.50197e+29,    0.03468, 2.19727e-05, 1.59628e-13, 9.41256e-67, 6.47017e+14, 3.54386e+15, 1.9686e+11, 4.19107e+15, 4.48408e+16, 7.57939e+08,  0.0631098,  0.0228922
5.87728e+07,      48506, 5.26286e+06, 4.43022e+28, 1.25787e+24, 1.93025e+12,   0.728796, 4.31445e+29,    0.03468, 2.14516e-05, 1.45396e-13, 7.66719e-67, 6.39997e+14, 3.50541e+15, 1.93454e+11, 4.1456e+15, 4.51667e+16, 7.51415e+08,   0.064426,  0.0232127
5.98728e+07,    48183.5, 5.2395e+06, 4.6654e+28, 1.30771e+24, 1.96921e+12,   0.736783, 4.13132e+29,    0.03468, 2.09331e-05, 1.32193e-13, 6.22062e-67, 6.32919e+14, 3.46664e+15, 1.90042e+11, 4.09975e+15, 4.54361e+16, 7.4482e+08,  0.0657571,  0.0235274
6.09728e+07,    47856.9, 5.2158e+06, 4.90775e+28, 1.35781e+24, 2.00835e+12,   0.745012, 3.95268e+29,    0.03468, 2.04176e-05, 1.1997e-13, 5.02685e-67, 6.25786e+14, 3.42757e+15, 1.86627e+11, 4.05354e+15, 4.56491e+16, 7.38157e+08,  0.0671042,   0.023836
6.20728e+07,    47526.5, 5.19177e+06, 5.15728e+28, 1.40811e+24, 2.04765e+12,   0.753491, 3.77863e+29,    0.03468, 1.99055e-05, 1.0868e-13, 4.04595e-67, 6.18603e+14, 3.38822e+15, 1.83211e+11, 4.00701e+15, 4.58059e+16, 7.31428e+08,  0.0684687,  0.0241385
6.31728e+07,    47192.4, 5.1674e+06, 5.41401e+28, 1.45856e+24, 2.08713e+12,   0.762225, 3.60924e+29,    0.03468, 1.93971e-05, 9.82721e-14, 3.24342e-67, 6.11371e+14, 3.34861e+15, 1.79796e+11, 3.96016e+15, 4.5907e+16, 7.24636e+08,  0.0698517,   0.024435
6.42728e+07,    46854.6, 5.14271e+06, 5.67796e+28, 1.50909e+24, 2.12679e+12,   0.771222, 3.44458e+29,    0.03468, 1.88928e-05, 8.86988e-14, 2.58966e-67, 6.04094e+14, 3.30876e+15, 1.76384e+11, 3.91303e+15, 4.59529e+16, 7.17784e+08,  0.0712547,  0.0247253
6.53728e+07,    46513.2, 5.1177e+06, 5.94912e+28, 1.55964e+24, 2.16663e+12,   0.780489, 3.28468e+29,    0.03468, 1.8393e-05, 7.99114e-14, 2.05936e-67, 5.96777e+14, 3.26867e+15, 1.72978e+11, 3.86562e+15, 4.59444e+16, 7.10874e+08,   0.072679,  0.0250094
6.64728e+07,    46168.4, 5.09238e+06, 6.2275e+28, 1.61015e+24, 2.20666e+12,   0.790033, 3.12958e+29,    0.03468, 1.78979e-05, 7.18625e-14, 1.63106e-67, 5.89421e+14, 3.22839e+15, 1.69579e+11, 3.81798e+15, 4.58823e+16, 7.03908e+08,  0.0741263,  0.0252872
6.75728e+07,    45820.2, 5.06674e+06, 6.5131e+28, 1.66056e+24, 2.24688e+12,   0.799863, 2.97931e+29,    0.03468, 1.74079e-05, 6.45055e-14, 1.28663e-67, 5.82031e+14, 3.18791e+15, 1.6619e+11, 3.77011e+15, 4.57676e+16, 6.9689e+08,  0.0755981,  0.0255589
6.86728e+07,    45468.7, 5.0408e+06, 6.8059e+28, 1.71082e+24, 2.28729e+12,   0.809986, 2.83387e+29,    0.03468, 1.69233e-05, 5.77949e-14, 1.01082e-67, 5.7461e+14, 3.14726e+15, 1.62812e+11, 3.72203e+15, 4.56014e+16, 6.89822e+08,   0.077096,  0.0258242
6.97728e+07,    45114.2, 5.01456e+06, 7.1059e+28, 1.76086e+24, 2.3279e+12,   0.820411, 2.69326e+29,    0.03468, 1.64444e-05, 5.16868e-14, 7.90925e-68, 5.67161e+14, 3.10646e+15, 1.59448e+11, 3.67378e+15, 4.53852e+16, 6.82705e+08,  0.0786219,  0.0260831
7.08728e+07,    44756.5, 4.98802e+06, 7.41308e+28, 1.81065e+24, 2.36872e+12,   0.831146, 2.55747e+29,    0.03468, 1.59715e-05, 4.61386e-14, 6.16349e-68, 5.59687e+14, 3.06553e+15,  1.561e+11, 3.62537e+15, 4.51201e+16, 6.75544e+08,  0.0801775,  0.0263358
7.19728e+07,    44395.9, 4.96119e+06, 7.7274e+28, 1.86011e+24, 2.40974e+12,   0.842201, 2.42647e+29,    0.03468, 1.55047e-05, 4.11096e-14, 4.7835e-68, 5.52192e+14, 3.02447e+15, 1.52768e+11, 3.57682e+15, 4.48077e+16, 6.6834e+08,   0.081765,   0.026582
7.30728e+07,    44032.5, 4.93408e+06, 8.04885e+28, 1.90921e+24, 2.45098e+12,   0.853585, 2.30022e+29,    0.03468, 1.50443e-05, 3.65605e-14, 3.69734e-68, 5.44679e+14, 2.98332e+15, 1.49456e+11, 3.52815e+15, 4.44496e+16, 6.61096e+08,  0.0833862,  0.0268218
7.41728e+07,    43666.4, 4.90668e+06, 8.3774e+28, 1.95788e+24, 2.49243e+12,   0.865307, 2.17869e+29,    0.03468, 1.45907e-05, 3.24542e-14, 2.84611e-68, 5.37151e+14, 2.94209e+15, 1.46165e+11, 3.47938e+15, 4.40475e+16, 6.53815e+08,  0.0850434,  0.0270552
7.52728e+07,    43297.5, 4.87902e+06,  8.713e+28, 2.00609e+24, 2.53411e+12,   0.877379, 2.06183e+29,    0.03468, 1.41439e-05, 2.87552e-14, 2.18186e-68, 5.29611e+14, 2.90079e+15, 1.42896e+11, 3.43054e+15, 4.36031e+16, 6.46498e+08,  0.0867388,  0.0272822
7.63728e+07,    42926.2, 4.85108e+06, 9.05561e+28, 2.05379e+24, 2.57601e+12,    0.88981, 1.94956e+29,    0.03468, 1.37041e-05,  2.543e-14, 1.66576e-68, 5.22063e+14, 2.85944e+15, 1.39651e+11, 3.38165e+15, 4.31183e+16, 6.3915e+08,  0.0884749,  0.0275027
7.74728e+07,    42552.4, 4.82288e+06, 9.40518e+28, 2.10094e+24, 2.61814e+12,   0.902612, 1.84183e+29,    0.03468, 1.32717e-05, 2.24471e-14, 1.2665e-68, 5.14508e+14, 2.81807e+15, 1.36432e+11, 3.33271e+15, 4.2595e+16, 6.31771e+08,  0.0902542,  0.0277167
7.85728e+07,    42176.4, 4.79442e+06, 9.76167e+28, 2.14749e+24, 2.66051e+12,   0.915796, 1.73855e+29,    0.03468, 1.28466e-05, 1.97766e-14, 9.58947e-69, 5.06952e+14, 2.77668e+15, 1.3324e+11, 3.28376e+15, 4.20351e+16, 6.24365e+08,  0.0920793,  0.0279243
7.96728e+07,      41798, 4.7657e+06, 1.0125e+29, 2.19341e+24, 2.70312e+12,   0.929374, 1.63965e+29,    0.03468, 1.24291e-05, 1.7391e-14, 7.23069e-69, 4.99396e+14, 2.73529e+15, 1.30076e+11, 3.23482e+15, 4.14406e+16, 6.16934e+08,  0.0939531,  0.0281254
8.07728e+07,    41417.6, 4.73674e+06, 1.04952e+29, 2.23865e+24, 2.74597e+12,   0.943358, 1.54504e+29,    0.03468, 1.20193e-05, 1.5264e-14, 5.42942e-69, 4.91843e+14, 2.69392e+15, 1.26943e+11, 3.18589e+15, 4.08136e+16, 6.09481e+08,  0.0958786,    0.02832
8.18728e+07,    41035.2, 4.70754e+06, 1.0872e+29, 2.28318e+24, 2.78908e+12,   0.957762, 1.45462e+29,    0.03468, 1.16173e-05, 1.33718e-14, 4.05985e-69, 4.84297e+14, 2.65259e+15, 1.23841e+11, 3.13701e+15, 4.01561e+16, 6.02008e+08,  0.0978588,  0.0285081
8.29728e+07,    40650.8, 4.67809e+06, 1.12556e+29, 2.32698e+24, 2.83244e+12,   0.972598, 1.36831e+29,    0.03468, 1.12233e-05, 1.16917e-14, 3.02305e-69, 4.7676e+14, 2.61131e+15, 1.20772e+11, 3.08819e+15, 3.94703e+16, 5.94517e+08,  0.0998971,  0.0286897
8.40728e+07,    40264.6, 4.64842e+06, 1.16457e+29, 2.37001e+24, 2.87606e+12,   0.987881, 1.28599e+29,    0.03468, 1.08373e-05, 1.02032e-14, 2.24157e-69, 4.69236e+14, 2.5701e+15, 1.17736e+11, 3.03945e+15, 3.87583e+16, 5.87011e+08,   0.101997,  0.0288649
8.51728e+07,    39876.7, 4.61852e+06, 1.20424e+29, 2.41224e+24, 2.91995e+12,    1.00362, 1.20757e+29,    0.03468, 1.04594e-05, 8.88705e-15, 1.6551e-69, 4.61726e+14, 2.52896e+15, 1.14736e+11, 2.9908e+15, 3.80221e+16, 5.79493e+08,   0.104162,  0.0290335
8.62728e+07,    39487.3, 4.58839e+06, 1.24454e+29, 2.45365e+24, 2.96411e+12,    1.01984, 1.13293e+29,    0.03468, 1.00896e-05, 7.72576e-15, 1.2169e-69, 4.54234e+14, 2.48793e+15, 1.11772e+11, 2.94228e+15, 3.7264e+16, 5.71964e+08,   0.106396,  0.0291957
8.73728e+07,    39096.3, 4.55805e+06, 1.28549e+29, 2.49421e+24, 3.00855e+12,    1.03656, 1.06197e+29,    0.03468, 9.72811e-06, 6.70323e-15, 8.90926e-70, 4.46763e+14, 2.44701e+15, 1.08845e+11, 2.89388e+15, 3.6486e+16, 5.64427e+08,   0.108704,  0.0293515
8.84728e+07,    38703.9, 4.5275e+06, 1.32705e+29, 2.53391e+24, 3.05327e+12,    1.05378, 9.94571e+28,    0.03468, 9.37487e-06, 5.80475e-15, 6.49491e-70, 4.39315e+14, 2.40621e+15, 1.05956e+11, 2.84563e+15, 3.56903e+16, 5.56885e+08,   0.111089,  0.0295008
8.95728e+07,    38310.2, 4.49675e+06, 1.36924e+29, 2.57273e+24, 3.09828e+12,    1.07152, 9.30623e+28,    0.03468, 9.02993e-06, 5.0169e-15, 4.7146e-70, 4.31893e+14, 2.36556e+15, 1.03106e+11, 2.79755e+15, 3.48788e+16, 5.49339e+08,   0.113556,  0.0296437
9.06728e+07,    37915.3, 4.46579e+06, 1.41203e+29, 2.61064e+24, 3.14358e+12,    1.08981, 8.70011e+28,    0.03468, 8.69331e-06, 4.3275e-15, 3.4076e-70, 4.24499e+14, 2.32506e+15, 1.00296e+11, 2.74966e+15, 3.40537e+16, 5.41792e+08,    0.11611,  0.0297802
9.17728e+07,    37519.3, 4.43464e+06, 1.45541e+29, 2.64764e+24, 3.18918e+12,    1.10866, 8.12619e+28,    0.03468, 8.36501e-06, 3.72551e-15, 2.45233e-70, 4.17135e+14, 2.28473e+15, 9.75271e+10, 2.70196e+15, 3.32169e+16, 5.34247e+08,   0.118756,  0.0299103
9.28728e+07,    37122.4, 4.40331e+06, 1.49938e+29, 2.68371e+24, 3.23509e+12,    1.12809, 7.5833e+28,    0.03468, 8.04502e-06, 3.20094e-15, 1.75722e-70, 4.09805e+14, 2.24458e+15, 9.47995e+10, 2.65448e+15, 3.23706e+16, 5.26705e+08,     0.1215,  0.0300341
9.39728e+07,    36724.5, 4.37179e+06, 1.54393e+29, 2.71885e+24, 3.28132e+12,    1.14812, 7.0703e+28,    0.03468, 7.73334e-06, 2.74479e-15, 1.25367e-70, 4.02511e+14, 2.20463e+15, 9.2114e+10, 2.60723e+15, 3.15165e+16, 5.19169e+08,   0.124348,  0.0301515
9.50728e+07,    36325.8, 4.34009e+06, 1.58904e+29, 2.75305e+24, 3.32786e+12,    1.16878, 6.58604e+28,    0.03468, 7.42994e-06, 2.34896e-15,          0, 3.95255e+14, 2.16488e+15, 8.94714e+10, 2.56023e+15, 3.06565e+16, 5.11641e+08,   0.127305,  0.0302626
9.61728e+07,    35926.4, 4.30822e+06, 1.6347e+29, 2.7863e+24, 3.37472e+12,    1.19007, 6.12936e+28,    0.03468, 7.13477e-06, 2.00621e-15,          0, 3.88039e+14, 2.12536e+15, 8.68721e+10, 2.51348e+15, 2.97926e+16, 5.04122e+08,   0.130378,  0.0303674
9.72728e+07,    35526.4, 4.27618e+06, 1.6809e+29, 2.81859e+24, 3.42192e+12,    1.21204, 5.69913e+28,    0.03468, 6.8478e-06, 1.71003e-15,          0, 3.80865e+14, 2.08607e+15, 8.43167e+10, 2.46702e+15, 2.89265e+16, 4.96616e+08,   0.133574,   0.030466
9.83728e+07,    35125.9, 4.24398e+06, 1.72763e+29, 2.84993e+24, 3.46946e+12,    1.23469, 5.29424e+28,    0.03468, 6.56896e-06, 1.45464e-15,          0, 3.73736e+14, 2.04702e+15, 8.18056e+10, 2.42084e+15, 2.80598e+16, 4.89125e+08,     0.1369,  0.0305584
9.94728e+07,      34725, 4.21162e+06, 1.77487e+29, 2.88032e+24, 3.51734e+12,    1.25806, 4.91358e+28,    0.03468, 6.29821e-06, 1.2349e-15,          0, 3.66654e+14, 2.00823e+15, 7.93393e+10, 2.37496e+15, 2.71943e+16, 4.81649e+08,   0.140365,  0.0306446
1.00573e+08,    34323.8, 4.17912e+06, 1.82261e+29, 2.90976e+24, 3.56557e+12,    1.28217, 4.55606e+28,    0.03468, 6.03545e-06, 1.04621e-15,          0, 3.5962e+14, 1.9697e+15, 7.69181e+10, 2.3294e+15, 2.63315e+16, 4.74192e+08,   0.143976,  0.0307247
1.01673e+08,    33922.3, 4.14647e+06, 1.87085e+29, 2.93825e+24, 3.61416e+12,    1.30705, 4.22063e+28,    0.03468, 5.78062e-06, 8.84551e-16,          0, 3.52637e+14, 1.93145e+15, 7.45423e+10, 2.28417e+15, 2.5473e+16, 4.66755e+08,   0.147742,  0.0307987
1.02773e+08,    33520.8, 4.11368e+06, 1.91956e+29, 2.9658e+24, 3.66311e+12,    1.33272, 3.90623e+28,    0.03468, 5.53363e-06, 7.46334e-16,          0, 3.45707e+14, 1.8935e+15, 7.22122e+10, 2.23927e+15, 2.46201e+16, 4.59341e+08,   0.151673,  0.0308666
1.03873e+08,    33119.1, 4.08075e+06, 1.96873e+29, 2.99242e+24, 3.71244e+12,    1.35922, 3.61185e+28,    0.03468, 5.29438e-06, 6.28416e-16,          0, 3.38831e+14, 1.85584e+15, 6.99279e+10, 2.19474e+15, 2.37743e+16, 4.5195e+08,   0.155779,  0.0309285
1.04973e+08,    32717.6, 4.0477e+06, 2.01834e+29, 3.01811e+24, 3.76215e+12,    1.38658, 3.33651e+28,    0.03468, 5.06277e-06, 5.28031e-16,          0, 3.32011e+14, 1.81848e+15, 6.76896e+10, 2.15056e+15, 2.29368e+16, 4.44586e+08,    0.16007,  0.0309844
1.06073e+08,    32316.1, 4.01452e+06, 2.06839e+29, 3.04289e+24, 3.81225e+12,    1.41482, 3.07922e+28,    0.03468, 4.8387e-06, 4.42758e-16,          0, 3.2525e+14, 1.78145e+15, 6.54974e+10, 2.10676e+15, 2.21089e+16, 4.3725e+08,   0.164558,  0.0310345
1.07173e+08,    31914.9, 3.98122e+06, 2.11886e+29, 3.06675e+24, 3.86274e+12,    1.44399, 2.83906e+28,    0.03468, 4.62206e-06, 3.70477e-16,          0, 3.18548e+14, 1.74474e+15, 6.33514e+10, 2.06335e+15, 2.12916e+16, 4.29943e+08,   0.169255,  0.0310787
1.08273e+08,      31514, 3.94781e+06, 2.16973e+29, 3.08973e+24, 3.91364e+12,    1.47411, 2.61512e+28,    0.03468, 4.41272e-06, 3.09343e-16,          0, 3.11907e+14, 1.70837e+15, 6.12515e+10, 2.02034e+15, 2.04861e+16, 4.22668e+08,   0.174174,   0.031117
1.09373e+08,    31113.6, 3.9143e+06, 2.22099e+29, 3.11183e+24, 3.96495e+12,    1.50523, 2.40651e+28,    0.03468, 4.21057e-06, 2.5775e-16,          0, 3.05329e+14, 1.67234e+15, 5.91977e+10, 1.97773e+15, 1.96933e+16, 4.15427e+08,   0.179329,  0.0311496
1.10473e+08,    30713.6, 3.88068e+06, 2.27262e+29, 3.13306e+24, 4.01667e+12,    1.53738, 2.21239e+28,    0.03468, 4.01547e-06, 2.14304e-16,          0, 2.98815e+14, 1.63666e+15,  5.719e+10, 1.93553e+15, 1.89142e+16, 4.0822e+08,   0.184735,  0.0311765
1.11573e+08,    30314.2, 3.84696e+06, 2.32461e+29, 3.15345e+24, 4.06883e+12,     1.5706, 2.03195e+28,    0.03468, 3.8273e-06, 1.77799e-16,          0, 2.92367e+14, 1.60134e+15, 5.52282e+10, 1.89377e+15, 1.81496e+16, 4.0105e+08,   0.190408,  0.0311977
1.12673e+08,    29915.5, 3.81315e+06, 2.37694e+29,  3.173e+24, 4.12142e+12,    1.60494, 1.86438e+28,    0.03468, 3.64593e-06, 1.47194e-16,          0, 2.85986e+14, 1.56639e+15, 5.33122e+10, 1.85243e+15, 1.74001e+16, 3.93918e+08,   0.196366,  0.0312134
1.13773e+08,    29517.5, 3.77926e+06, 2.4296e+29, 3.19173e+24, 4.17446e+12,    1.64044, 1.70894e+28,    0.03468, 3.47121e-06, 1.21593e-16,          0, 2.79673e+14, 1.53182e+15, 5.14418e+10, 1.81154e+15, 1.66666e+16, 3.86826e+08,   0.202625,  0.0312235
1.14873e+08,    29120.4, 3.74528e+06, 2.48257e+29, 3.20967e+24, 4.22795e+12,    1.67714, 1.5649e+28,    0.03468, 3.30301e-06, 1.00225e-16,          0, 2.7343e+14, 1.49762e+15, 4.96166e+10, 1.7711e+15, 1.59496e+16, 3.79776e+08,   0.209207,  0.0312281
1.15973e+08,    28724.1, 3.71123e+06, 2.53583e+29, 3.22683e+24, 4.28191e+12,    1.71509, 1.43157e+28,    0.03468, 3.14118e-06, 8.24302e-17,          0, 2.67257e+14, 1.46381e+15, 4.78366e+10, 1.73112e+15, 1.52497e+16, 3.72768e+08,   0.216132,  0.0312273
1.17073e+08,    28328.9, 3.6771e+06, 2.58937e+29, 3.24322e+24, 4.33634e+12,    1.75435, 1.30827e+28,    0.03468, 2.98558e-06, 6.76449e-17,          0, 2.61156e+14, 1.43039e+15, 4.61013e+10, 1.6916e+15, 1.45673e+16, 3.65805e+08,   0.223423,  0.0312212
1.18173e+08,    27934.7, 3.64291e+06, 2.64317e+29, 3.25888e+24, 4.39125e+12,    1.79496, 1.19438e+28,    0.03468, 2.83606e-06, 5.53879e-17,          0, 2.55128e+14, 1.39738e+15, 4.44105e+10, 1.65255e+15, 1.39028e+16, 3.58888e+08,   0.231105,  0.0312098
1.19273e+08,    27541.7, 3.60866e+06, 2.69721e+29, 3.27382e+24, 4.44665e+12,    1.83699, 1.08928e+28,    0.03468, 2.69247e-06,  4.525e-17,          0, 2.49173e+14, 1.36476e+15, 4.27636e+10, 1.61398e+15, 1.32566e+16, 3.52018e+08,   0.239204,  0.0311932
1.20373e+08,    27149.8, 3.57435e+06, 2.75148e+29, 3.28805e+24, 4.50256e+12,    1.88049, 9.92411e+27,    0.03468, 2.55466e-06, 3.68841e-17,          0, 2.43293e+14, 1.33256e+15, 4.11605e+10, 1.57589e+15, 1.2629e+16, 3.45196e+08,   0.247749,  0.0311714
1.21473e+08,    26759.3,   3.54e+06, 2.80596e+29, 3.30161e+24, 4.55898e+12,    1.92552, 9.03216e+27,    0.03468, 2.42249e-06, 2.99964e-17,          0, 2.37489e+14, 1.30076e+15, 3.96005e+10, 1.53829e+15,  1.202e+16, 3.38425e+08,   0.256769,  0.0311445
1.22573e+08,    26370.2, 3.50559e+06, 2.86063e+29, 3.3145e+24, 4.61592e+12,    1.97215, 8.21178e+27,    0.03468, 2.2958e-06, 2.43389e-17,          0, 2.31761e+14, 1.26939e+15, 3.80833e+10, 1.50119e+15,  1.143e+16, 3.31705e+08,   0.266299,  0.0311126
1.23673e+08,    25982.5, 3.47114e+06, 2.91549e+29, 3.32676e+24, 4.6734e+12,    2.02045, 7.45804e+27,    0.03468, 2.17444e-06, 1.97028e-17,          0, 2.2611e+14, 1.23844e+15, 3.66084e+10, 1.46458e+15, 1.08589e+16, 3.25037e+08,   0.276374,  0.0310757
1.24773e+08,    25596.3, 3.43666e+06, 2.97049e+29, 3.3384e+24, 4.73142e+12,    2.07048, 6.76629e+27,    0.03468, 2.05826e-06, 1.59126e-17,          0, 2.20536e+14, 1.20791e+15, 3.51753e+10, 1.42848e+15, 1.03069e+16, 3.18423e+08,   0.287032,   0.031034
1.25873e+08,    25211.7, 3.40215e+06, 3.02565e+29, 3.34944e+24, 4.78999e+12,    2.12232, 6.13213e+27,    0.03468, 1.94711e-06, 1.28214e-17,          0, 2.15041e+14, 1.17781e+15, 3.37834e+10, 1.39289e+15, 9.77387e+15, 3.11863e+08,   0.298316,  0.0309875
1.26973e+08,    24828.7, 3.36761e+06, 3.08092e+29, 3.35991e+24, 4.84914e+12,    2.17605, 5.5514e+27,    0.03468, 1.84084e-06, 1.03061e-17,          0, 2.09625e+14, 1.14814e+15, 3.24322e+10, 1.3578e+15, 9.25982e+15, 3.0536e+08,   0.310271,  0.0309362
1.28073e+08,    24447.5, 3.33305e+06, 3.1363e+29, 3.36982e+24, 4.90886e+12,    2.23175, 5.02019e+27,    0.03468, 1.73931e-06, 8.26455e-18,          0, 2.04288e+14, 1.11891e+15, 3.11212e+10, 1.32323e+15, 8.76463e+15, 2.98913e+08,   0.322946,  0.0308803
1.29173e+08,      24068, 3.29847e+06, 3.19178e+29, 3.3792e+24, 4.96917e+12,     2.2895, 4.53482e+27,    0.03468, 1.64235e-06, 6.61141e-18,          0, 1.9903e+14, 1.09012e+15, 2.98496e+10, 1.28918e+15, 8.28816e+15, 2.92525e+08,   0.336394,  0.0308198
1.30273e+08,    23690.4, 3.26388e+06, 3.24732e+29, 3.38806e+24, 5.03009e+12,    2.34941, 4.09184e+27,    0.03468, 1.54983e-06, 5.27609e-18,          0, 1.93853e+14, 1.06176e+15, 2.8617e+10, 1.25564e+15, 7.83021e+15, 2.86195e+08,   0.350673,  0.0307548
1.31373e+08,    23314.7, 3.22928e+06, 3.30292e+29, 3.39643e+24, 5.09163e+12,    2.41156, 3.68801e+27,    0.03468, 1.46159e-06, 4.20014e-18,          0, 1.88757e+14, 1.03385e+15, 2.74227e+10, 1.22263e+15, 7.39057e+15, 2.79926e+08,   0.365847,  0.0306854
1.32473e+08,      22941, 3.19467e+06, 3.35856e+29, 3.40433e+24, 5.15379e+12,    2.47606, 3.32028e+27,    0.03468, 1.37751e-06, 3.33533e-18,          0, 1.83741e+14, 1.00637e+15, 2.62661e+10, 1.19014e+15, 6.96899e+15, 2.73718e+08,   0.381984,  0.0306116
1.33573e+08,    22569.3, 3.16007e+06, 3.41422e+29, 3.41177e+24, 5.2166e+12,    2.54302, 2.98581e+27,    0.03468, 1.29742e-06, 2.64197e-18,          0, 1.78806e+14, 9.79345e+14, 2.51465e+10, 1.15818e+15, 6.56517e+15, 2.67571e+08,   0.399159,  0.0305335
1.34673e+08,    22199.7, 3.12548e+06, 3.46988e+29, 3.41878e+24, 5.28006e+12,    2.61254, 2.68194e+27,    0.03468, 1.2212e-06, 2.08746e-18,          0, 1.73952e+14, 9.52761e+14, 2.40633e+10, 1.12674e+15, 6.1788e+15, 2.61487e+08,   0.417453,  0.0304513
1.35773e+08,    21832.2, 3.09089e+06, 3.52552e+29, 3.42537e+24, 5.3442e+12,    2.68474, 2.4062e+27,    0.03468, 1.14871e-06, 1.64514e-18,          0, 1.6918e+14, 9.26622e+14, 2.30157e+10, 1.09582e+15, 5.80955e+15, 2.55466e+08,   0.436956,  0.0303649
1.36873e+08,      21467, 3.05632e+06, 3.58114e+29, 3.43157e+24, 5.40902e+12,    2.75975, 2.15628e+27,    0.03468, 1.0798e-06, 1.2932e-18,          0, 1.64489e+14, 9.00929e+14, 2.20032e+10, 1.06544e+15, 5.45704e+15, 2.4951e+08,   0.457764,  0.0302744
1.37973e+08,      21104, 3.02177e+06, 3.6367e+29, 3.43738e+24, 5.47454e+12,    2.83771, 1.93002e+27,    0.03468, 1.01434e-06, 1.01391e-18,          0, 1.5988e+14, 8.75682e+14, 2.10249e+10, 1.03558e+15, 5.1209e+15, 2.43619e+08,   0.479984,    0.03018
1.39073e+08,    20743.3, 2.98724e+06, 3.6922e+29, 3.44284e+24, 5.54077e+12,    2.91874, 1.72543e+27,    0.03468, 9.52213e-07, 7.92849e-19,          0, 1.55352e+14, 8.50881e+14, 2.00803e+10, 1.00625e+15, 4.80072e+15, 2.37793e+08,   0.503733,  0.0300818
1.40173e+08,      20385, 2.95274e+06, 3.74761e+29, 3.44795e+24, 5.60774e+12,    3.00301, 1.54067e+27,    0.03468, 8.93277e-07, 6.18338e-19,          0, 1.50905e+14, 8.26525e+14, 1.91686e+10, 9.77449e+14, 4.49608e+15, 2.32033e+08,   0.529139,  0.0299797
1.41273e+08,    20029.1, 2.91827e+06, 3.80292e+29, 3.45273e+24, 5.67546e+12,    3.09066,  1.374e+27,    0.03468, 8.3741e-07, 4.80943e-19,          0, 1.46539e+14, 8.02615e+14, 1.8289e+10, 9.49173e+14, 4.20656e+15, 2.26341e+08,   0.556343,  0.0298739
1.42373e+08,    19675.7, 2.88383e+06, 3.85812e+29, 3.45721e+24, 5.74393e+12,    3.18185, 1.22385e+27,    0.03468, 7.84489e-07, 3.73061e-19,          0, 1.42255e+14, 7.79149e+14, 1.7441e+10, 9.21421e+14, 3.9317e+15, 2.20716e+08,   0.585498,  0.0297644
1.43473e+08,    19324.7, 2.84944e+06, 3.91318e+29, 3.46139e+24, 5.81319e+12,    3.27677, 1.08874e+27,    0.03468, 7.34393e-07, 2.88584e-19,          0, 1.38051e+14, 7.56125e+14, 1.66238e+10, 8.94193e+14, 3.67105e+15, 2.15159e+08,   0.616776,  0.0296514
1.44573e+08,    18976.4, 2.81509e+06, 3.96808e+29, 3.46529e+24, 5.88325e+12,     3.3756, 9.67319e+26,    0.03468, 6.87004e-07, 2.22616e-19,          0, 1.33929e+14, 7.33544e+14, 1.58365e+10, 8.67488e+14, 3.42417e+15, 2.09671e+08,   0.650363,  0.0295349
1.45673e+08,    18630.6, 2.78079e+06, 4.02282e+29, 3.46893e+24, 5.95412e+12,    3.47853, 8.58337e+26,    0.03468, 6.42208e-07, 1.71244e-19,          0, 1.29886e+14, 7.11403e+14, 1.50787e+10, 8.41304e+14, 3.19058e+15, 2.04252e+08,   0.686466,   0.029415
1.46773e+08,    18287.5, 2.74654e+06, 4.07738e+29, 3.47231e+24, 6.02583e+12,    3.58577, 7.60645e+26,    0.03468, 5.99893e-07, 1.31352e-19,          0, 1.25924e+14,  6.897e+14, 1.43494e+10, 8.15638e+14, 2.96981e+15, 1.98903e+08,   0.725315,  0.0292918
1.47873e+08,      17947, 2.71235e+06, 4.13173e+29, 3.47547e+24, 6.09839e+12,    3.69753, 6.73185e+26,    0.03468, 5.59951e-07, 1.00463e-19,          0, 1.22041e+14, 6.68434e+14, 1.36481e+10, 7.90489e+14, 2.7614e+15, 1.93624e+08,   0.767162,  0.0291653
1.48973e+08,    17609.3, 2.67821e+06, 4.18587e+29, 3.47839e+24, 6.17183e+12,    3.81406, 5.94989e+26,    0.03468, 5.22275e-07, 7.66133e-20,          0, 1.18238e+14, 6.47602e+14, 1.29739e+10, 7.65853e+14, 2.56487e+15, 1.88414e+08,   0.812288,  0.0290357
1.50073e+08,    17274.4, 2.64414e+06, 4.23977e+29, 3.48111e+24, 6.24616e+12,    3.93559, 5.25166e+26,    0.03468, 4.86764e-07, 5.82527e-20,          0, 1.14513e+14, 6.27203e+14, 1.23262e+10, 7.41728e+14, 2.37977e+15, 1.83276e+08,   0.861004,  0.0289031
1.51173e+08,    16942.2, 2.61014e+06, 4.29342e+29, 3.48363e+24, 6.3214e+12,    4.06239, 4.62904e+26,    0.03468, 4.53317e-07, 4.41595e-20,          0, 1.10867e+14, 6.07233e+14, 1.17043e+10, 7.18112e+14, 2.20562e+15, 1.78209e+08,   0.913656,  0.0287674
1.52273e+08,    16612.9, 2.57621e+06, 4.3468e+29, 3.48597e+24, 6.39758e+12,    4.19474, 4.07458e+26,    0.03468, 4.21839e-07, 3.33741e-20,          0, 1.07299e+14, 5.8769e+14, 1.11074e+10,   6.95e+14, 2.04196e+15, 1.73213e+08,   0.970629,  0.0286288
1.53373e+08,    16286.5, 2.54235e+06, 4.39991e+29, 3.48813e+24, 6.47472e+12,    4.33293, 3.58149e+26,    0.03468, 3.92235e-07, 2.51452e-20,          0, 1.03808e+14, 5.68571e+14, 1.05349e+10, 6.7239e+14, 1.88835e+15, 1.68289e+08,    1.03235,  0.0284874
1.54473e+08,      15963, 2.50857e+06, 4.45271e+29, 3.49013e+24, 6.55284e+12,    4.47727, 3.14359e+26,    0.03468, 3.64415e-07, 1.88861e-20,          0, 1.00394e+14, 5.49872e+14, 9.9861e+09, 6.50277e+14, 1.74432e+15, 1.63436e+08,    1.09931,  0.0283433
1.55573e+08,    15642.5, 2.47487e+06, 4.50521e+29, 3.49197e+24, 6.63197e+12,    4.62811, 2.75524e+26,    0.03468, 3.38293e-07,  1.414e-20,          0, 9.70569e+13, 5.31592e+14, 9.46024e+09, 6.28658e+14, 1.60944e+15, 1.58656e+08,    1.17203,  0.0281965
1.56673e+08,    15324.9, 2.44126e+06, 4.55737e+29, 3.49367e+24, 6.71212e+12,     4.7858, 2.41132e+26,    0.03468, 3.13783e-07, 1.05526e-20,          0, 9.37949e+13, 5.13726e+14, 8.95667e+09, 6.0753e+14, 1.48328e+15, 1.53947e+08,    1.25112,  0.0280471
1.57773e+08,    15010.3, 2.40774e+06, 4.6092e+29, 3.49524e+24, 6.79333e+12,    4.95071, 2.10719e+26,    0.03468, 2.90804e-07, 7.84954e-21,          0, 9.06079e+13, 4.9627e+14, 8.47472e+09, 5.86887e+14, 1.36541e+15, 1.49311e+08,    1.33726,  0.0278952
1.58873e+08,    14698.7, 2.3743e+06, 4.66066e+29, 3.49668e+24, 6.87561e+12,    5.12325, 1.83863e+26,    0.03468, 2.69277e-07, 5.81953e-21,          0, 8.74953e+13, 4.79222e+14, 8.01372e+09, 5.66725e+14, 1.25542e+15, 1.44748e+08,     1.4312,  0.0277409
1.59973e+08,    14390.2, 2.34096e+06, 4.71176e+29,  3.498e+24, 6.95901e+12,    5.30386, 1.60183e+26,    0.03468, 2.49128e-07, 4.29997e-21,          0, 8.44562e+13, 4.62576e+14, 7.57303e+09, 5.4704e+14, 1.1529e+15, 1.40257e+08,     1.5338,  0.0275842
1.61073e+08,    14084.8, 2.30772e+06, 4.76247e+29, 3.49922e+24, 7.04353e+12,    5.49298, 1.39335e+26,    0.03468, 2.30284e-07, 3.16631e-21,          0, 8.14901e+13, 4.4633e+14, 7.15197e+09, 5.27828e+14, 1.05747e+15, 1.35839e+08,    1.64602,  0.0274253
1.62173e+08,    13782.5, 2.27459e+06, 4.81278e+29, 3.50033e+24, 7.12922e+12,    5.69113, 1.21008e+26,    0.03468, 2.12674e-07, 2.32341e-21,          0, 7.85961e+13, 4.30479e+14, 6.74993e+09, 5.09082e+14, 9.68747e+14, 1.31494e+08,    1.76897,  0.0272642
1.63273e+08,    13483.4, 2.24155e+06, 4.86268e+29, 3.50135e+24, 7.21611e+12,    5.89882, 1.04922e+26,    0.03468, 1.96232e-07, 1.69887e-21,          0, 7.57734e+13, 4.15019e+14, 6.36627e+09, 4.90799e+14, 8.86353e+14, 1.27221e+08,    1.90387,   0.027101
1.64373e+08,    13187.4, 2.20862e+06, 4.91215e+29, 3.50228e+24, 7.30421e+12,    6.11661, 9.08252e+25,    0.03468, 1.80893e-07, 1.23773e-21,          0, 7.30214e+13, 3.99946e+14, 6.00037e+09, 4.72974e+14, 8.09937e+14, 1.23021e+08,    2.05214,  0.0269357
1.65473e+08,    12894.6, 2.17581e+06, 4.96118e+29, 3.50313e+24, 7.39358e+12,    6.34511, 7.84908e+25,    0.03468, 1.66596e-07, 8.98456e-22,          0, 7.03391e+13, 3.85255e+14, 5.65161e+09,  4.556e+14, 7.39155e+14, 1.18893e+08,    2.21539,  0.0267686
1.66573e+08,      12605, 2.1431e+06, 5.00975e+29, 3.50391e+24, 7.48422e+12,    6.58496, 6.7716e+25,    0.03468, 1.53282e-07, 6.49748e-22,          0, 6.77258e+13, 3.70942e+14, 5.31941e+09, 4.38673e+14, 6.73675e+14, 1.14838e+08,    2.39543,  0.0265996
1.67673e+08,    12318.6, 2.11052e+06, 5.05786e+29, 3.50462e+24, 7.57619e+12,    6.83686, 5.8319e+25,    0.03468, 1.40894e-07, 4.68102e-22,          0, 6.51806e+13, 3.57001e+14, 5.00318e+09, 4.22187e+14, 6.13178e+14, 1.10856e+08,    2.59437,  0.0264287
1.68773e+08,    12035.4, 2.07805e+06, 5.10549e+29, 3.50526e+24, 7.66952e+12,    7.10155, 5.01375e+25,    0.03468, 1.29378e-07, 3.35932e-22,          0, 6.27026e+13, 3.43429e+14, 4.70233e+09, 4.06136e+14, 5.57359e+14, 1.06946e+08,    2.81462,  0.0262562
1.69873e+08,    11755.5, 2.0457e+06, 5.15263e+29, 3.50585e+24, 7.76424e+12,    7.37982, 4.30261e+25,    0.03468, 1.18682e-07, 2.4013e-22,          0, 6.0291e+13, 3.3022e+14, 4.41631e+09, 3.90516e+14, 5.05923e+14, 1.03109e+08,    3.05893,  0.0260821
1.70973e+08,    11478.8, 2.01348e+06, 5.19927e+29, 3.50638e+24, 7.86039e+12,    7.67253, 3.68557e+25,    0.03468, 1.08758e-07, 1.70958e-22,          0, 5.79449e+13, 3.1737e+14, 4.14457e+09, 3.75319e+14, 4.58591e+14, 9.93437e+07,    3.33049,  0.0259063
1.72073e+08,    11205.5, 1.98138e+06, 5.2454e+29, 3.50686e+24, 7.95801e+12,    7.98061, 3.15111e+25,    0.03468, 9.95592e-08, 1.21213e-22,          0, 5.56633e+13, 3.04873e+14, 3.88656e+09, 3.60541e+14, 4.15093e+14, 9.56505e+07,    3.63299,  0.0257292
1.73173e+08,    10935.4, 1.94942e+06, 5.29099e+29, 3.50729e+24, 8.05714e+12,    8.30505, 2.68902e+25,    0.03468, 9.10398e-08, 8.55829e-23,          0, 5.34453e+13, 2.92725e+14, 3.64175e+09, 3.46174e+14, 3.75176e+14, 9.20292e+07,     3.9707,  0.0255506
1.74273e+08,    10668.6, 1.91758e+06, 5.33605e+29, 3.50768e+24, 8.15783e+12,    8.64692, 2.29021e+25,    0.03468, 8.31578e-08, 6.01679e-23,          0, 5.12901e+13, 2.80921e+14, 3.40964e+09, 3.32214e+14, 3.38596e+14, 8.84797e+07,    4.34861,  0.0253707
1.75373e+08,    10405.2, 1.88588e+06, 5.38057e+29, 3.50804e+24, 8.26011e+12,    9.00737, 1.94667e+25,    0.03468, 7.58729e-08, 4.21156e-23,          0, 4.91966e+13, 2.69455e+14, 3.18971e+09, 3.18655e+14, 3.0512e+14, 8.50016e+07,    4.77251,  0.0251895
1.76473e+08,    10145.1, 1.85432e+06, 5.42452e+29, 3.50835e+24, 8.36403e+12,    9.38764, 1.65129e+25,    0.03468, 6.91467e-08, 2.93481e-23,          0, 4.7164e+13, 2.58322e+14, 2.98147e+09, 3.05489e+14, 2.74532e+14, 8.15949e+07,     5.2492,  0.0250071
1.77573e+08,    9888.29, 1.8229e+06, 5.46791e+29, 3.50864e+24, 8.46965e+12,    9.78909, 1.39782e+25,    0.03468, 6.29429e-08, 2.03579e-23,          0, 4.51912e+13, 2.47516e+14, 2.78445e+09, 2.9271e+14, 2.46621e+14, 7.82593e+07,    5.78667,  0.0248237
1.78673e+08,    9634.85, 1.79162e+06, 5.51072e+29, 3.5089e+24, 8.57701e+12,    10.2132, 1.18074e+25,    0.03468, 5.72269e-08, 1.40558e-23,          0, 4.32773e+13, 2.37034e+14, 2.59818e+09, 2.80314e+14, 2.21193e+14, 7.49945e+07,    6.39435,  0.0246392
1.79773e+08,    9384.76, 1.76048e+06, 5.55294e+29, 3.50913e+24, 8.68615e+12,    10.6615, 9.95207e+24,    0.03468, 5.1966e-08, 9.65839e-24,          0, 4.14213e+13, 2.26868e+14, 2.42221e+09, 2.68292e+14, 1.98062e+14, 7.18003e+07,    7.08338,  0.0244538
1.80873e+08,    9138.02, 1.72948e+06, 5.59457e+29, 3.50933e+24, 8.79715e+12,    11.1356, 8.36956e+24,    0.03468, 4.71295e-08, 6.60429e-24,          0, 3.96222e+13, 2.17015e+14, 2.25608e+09, 2.56639e+14, 1.77052e+14, 6.86764e+07,    7.86704,  0.0242674
1.81973e+08,    8894.65, 1.69864e+06, 5.63559e+29, 3.50952e+24, 8.91004e+12,    11.6376, 7.02263e+24,    0.03468, 4.26881e-08, 4.49336e-24,          0, 3.78791e+13, 2.07467e+14, 2.09939e+09, 2.45349e+14, 1.58001e+14, 6.56227e+07,    8.76114,  0.0240803
1.83073e+08,    8654.64, 1.66794e+06, 5.67599e+29, 3.50968e+24, 9.02489e+12,    12.1694, 5.87869e+24,    0.03468, 3.86142e-08, 3.04148e-24,          0, 3.61909e+13, 1.98221e+14, 1.9517e+09, 2.34414e+14, 1.40752e+14, 6.26387e+07,    9.78466,  0.0238924
1.84173e+08,       8418, 1.6374e+06, 5.71578e+29, 3.50983e+24, 9.14177e+12,    12.7331, 4.90929e+24,    0.03468, 3.48819e-08, 2.04791e-24,          0, 3.45568e+13, 1.89271e+14, 1.81262e+09, 2.23829e+14, 1.25161e+14, 5.97243e+07,    10.9605,  0.0237039
1.85273e+08,    8184.73, 1.60701e+06, 5.75493e+29, 3.50996e+24, 9.26073e+12,    13.3312, 4.08967e+24,    0.03468, 3.14666e-08, 1.37148e-24,          0, 3.29756e+13, 1.8061e+14, 1.68174e+09, 2.13587e+14, 1.11093e+14, 5.6879e+07,    12.3162,  0.0235147
1.86373e+08,    7954.83, 1.57677e+06, 5.79344e+29, 3.51007e+24, 9.38184e+12,    13.9662, 3.39829e+24,    0.03468, 2.83452e-08, 9.13402e-25,          0, 3.14463e+13, 1.72234e+14, 1.5587e+09, 2.03682e+14, 9.84206e+13, 5.41028e+07,    13.8855,   0.023325
1.87473e+08,     7728.3, 1.54669e+06, 5.83132e+29, 3.51018e+24, 9.50517e+12,     14.641, 2.81647e+24,    0.03468, 2.54962e-08, 6.04866e-25,          0, 2.9968e+13, 1.64138e+14, 1.44313e+09, 1.94107e+14, 8.70252e+13, 5.13951e+07,    15.7095,  0.0231348
1.88573e+08,    7505.14, 1.51677e+06, 5.86853e+29, 3.51027e+24, 9.63079e+12,    15.3588, 2.32805e+24,    0.03468, 2.2899e-08, 3.98212e-25,          0, 2.85397e+13, 1.56315e+14, 1.33466e+09, 1.84856e+14, 7.67968e+13, 4.87559e+07,    17.8389,  0.0229443
1.89673e+08,    7285.36, 1.48701e+06, 5.9051e+29, 3.51034e+24, 9.75879e+12,    16.1228, 1.91906e+24,    0.03468, 2.05346e-08, 2.60589e-25,          0, 2.71604e+13, 1.4876e+14, 1.23296e+09, 1.75922e+14, 6.76327e+13, 4.63925e+07,    20.1164,   0.022769
1.90773e+08,    7068.94, 1.45742e+06, 5.94099e+29, 3.51041e+24, 9.88923e+12,    16.9368, 1.57747e+24,    0.03468, 1.8385e-08, 1.69476e-25,          0, 2.5829e+13, 1.41468e+14, 1.13769e+09, 1.67298e+14, 5.94376e+13, 4.40862e+07,    22.7639,  0.0225935
1.91873e+08,    6855.88, 1.42798e+06, 5.97622e+29, 3.51048e+24, 1.00222e+13,    17.8049, 1.29291e+24,    0.03468, 1.64336e-08, 1.0952e-25,          0, 2.45447e+13, 1.34433e+14, 1.04853e+09, 1.58979e+14, 5.21233e+13, 4.18369e+07,     25.855,  0.0224179
1.92973e+08,    6646.19, 1.39872e+06, 6.01077e+29, 3.51053e+24, 1.01578e+13,    18.7316, 1.05653e+24,    0.03468, 1.46645e-08, 7.03116e-26,          0, 2.33063e+13, 1.27651e+14, 9.65178e+08, 1.50958e+14, 4.5608e+13, 3.96443e+07,    29.4807,  0.0222421
1.94073e+08,    6439.85, 1.36961e+06, 6.04464e+29, 3.51058e+24, 1.02961e+13,    19.7218, 8.60699e+23,    0.03468, 1.30631e-08, 4.48353e-26,          0, 2.21129e+13, 1.21114e+14, 8.87325e+08, 1.43228e+14, 3.98162e+13, 3.75082e+07,    33.7549,  0.0220662
1.95173e+08,    6236.87, 1.34068e+06, 6.07782e+29, 3.51062e+24, 1.04373e+13,    20.7809, 6.98942e+23,    0.03468, 1.16157e-08, 2.8391e-26,          0, 2.09635e+13, 1.14819e+14, 8.14688e+08, 1.35783e+14, 3.46784e+13, 3.54284e+07,    38.8199,  0.0218904
1.96273e+08,    6037.24, 1.31192e+06, 6.11032e+29, 3.51065e+24, 1.05813e+13,     21.915, 5.65724e+23,    0.03468, 1.03095e-08, 1.78489e-26,          0, 1.98571e+13, 1.08759e+14, 7.4699e+08, 1.28617e+14, 3.01306e+13, 3.34047e+07,    44.8562,  0.0217145
1.97373e+08,    5840.94, 1.28332e+06, 6.14212e+29, 3.51068e+24, 1.07284e+13,    23.1307, 4.56347e+23,    0.03468, 9.13277e-09, 1.1138e-26,          0, 1.87927e+13, 1.02929e+14, 6.83965e+08, 1.21723e+14, 2.61138e+13, 3.14369e+07,    52.0935,  0.0215387
1.98473e+08,    5647.98, 1.2549e+06, 6.17322e+29, 3.51071e+24, 1.08786e+13,    24.4353, 3.66828e+23,    0.03468, 8.07435e-09, 6.89705e-27,          0, 1.77695e+13, 9.73248e+13, 6.25357e+08, 1.15095e+14, 2.25742e+13, 2.95248e+07,    60.8269,  0.0213631
1.99573e+08,    5458.35, 1.22665e+06, 6.20363e+29, 3.51073e+24, 1.1032e+13,    25.8371, 2.93802e+23,    0.03468, 7.12399e-09, 4.23701e-27,          0, 1.67863e+13, 9.19398e+13, 5.70921e+08, 1.08727e+14, 1.94624e+13, 2.76683e+07,    71.4394,  0.0211876
2.00673e+08,    5272.04, 1.19858e+06, 6.23332e+29, 3.51075e+24, 1.11889e+13,    27.3451, 2.34431e+23,    0.03468, 6.27218e-09, 2.58152e-27,          0, 1.58422e+13, 8.67691e+13, 5.20421e+08, 1.02612e+14, 1.67334e+13, 2.58672e+07,    84.4326,  0.0210124
2.01773e+08,    5089.03, 1.17068e+06, 6.26232e+29, 3.51077e+24, 1.13492e+13,    28.9694, 1.8633e+23,    0.03468, 5.51012e-09, 1.55948e-27,          0, 1.49363e+13, 8.18075e+13, 4.7363e+08, 9.67443e+13, 1.4346e+13, 2.41215e+07,     100.47,  0.0208374
2.02873e+08,    4909.33, 1.14295e+06, 6.2906e+29, 3.51079e+24, 1.15133e+13,    30.7214, 1.47503e+23,    0.03468, 4.82963e-09, 9.3376e-28,          0, 1.40677e+13, 7.70499e+13, 4.30334e+08, 9.1118e+13, 1.22629e+13, 2.24309e+07,    120.441,  0.0206627
2.03973e+08,    4732.93, 1.11541e+06, 6.31818e+29, 3.5108e+24, 1.16811e+13,    32.6137, 1.16278e+23,    0.03468, 4.22318e-09, 5.53983e-28,          0, 1.32353e+13, 7.24909e+13, 3.90323e+08, 8.57266e+13, 1.04502e+13, 2.07955e+07,    145.549,  0.0204884
2.05073e+08,     4559.8, 1.08804e+06, 6.34504e+29, 3.51081e+24, 1.18529e+13,    34.6604, 9.12643e+22,    0.03468, 3.68382e-09, 3.25541e-28,          0, 1.24383e+13, 6.81256e+13,  3.534e+08, 8.05643e+13, 8.87709e+12, 1.92152e+07,    177.451,  0.0203146
2.06173e+08,    4389.95, 1.06085e+06, 6.37119e+29, 3.51082e+24, 1.20289e+13,    36.8775, 7.13081e+22,    0.03468, 3.20515e-09, 1.89408e-28,          0, 1.16757e+13, 6.39489e+13, 3.19377e+08, 7.5625e+13, 7.51589e+12,  1.769e+07,    218.456,  0.0201412
2.07273e+08,    4223.36, 1.03384e+06, 6.39663e+29, 3.51083e+24, 1.22091e+13,    39.2829, 5.54535e+22,    0.03468, 2.78127e-09, 1.09068e-28,          0, 1.09467e+13, 5.99557e+13, 2.88071e+08, 7.09027e+13, 6.34155e+12, 1.62199e+07,    271.836,  0.0199683
2.08373e+08,    4060.02, 1.00701e+06, 6.42135e+29, 3.51083e+24, 1.23939e+13,    41.8969, 4.29127e+22,    0.03468, 2.40677e-09, 6.21317e-29,          0, 1.02502e+13, 5.61411e+13, 2.5931e+08, 6.63916e+13, 5.33156e+12, 1.48051e+07,    342.318,   0.019796
2.09473e+08,    3899.92,     980357, 6.44536e+29, 3.51084e+24, 1.25834e+13,    44.7425, 3.30382e+22,    0.03468, 2.07668e-09, 3.4998e-29,          0, 9.58544e+12, 5.25002e+13, 2.32931e+08, 6.20859e+13, 4.46571e+12, 1.34456e+07,    436.864,  0.0196243
2.10573e+08,    3743.06,     953889, 6.46866e+29, 3.51084e+24, 1.27779e+13,    47.8456, 2.53001e+22,    0.03468, 1.78646e-09, 1.94837e-29,          0, 8.9515e+12, 4.90281e+13, 2.08776e+08, 5.79798e+13, 3.72593e+12, 1.21418e+07,    565.958,  0.0194533
2.11673e+08,    3589.41,     927602, 6.49125e+29, 3.51085e+24, 1.29775e+13,     51.236, 1.92663e+22,    0.03468, 1.53196e-09, 1.07143e-29,          0, 8.3475e+12, 4.57199e+13, 1.86697e+08, 5.40676e+13, 3.09606e+12, 1.08938e+07,    745.803,  0.0192829
2.12773e+08,    3438.96,     901499, 6.51313e+29, 3.51085e+24, 1.31826e+13,    54.9474, 1.45858e+22,    0.03468, 1.30938e-09, 5.81667e-30,          0, 7.77257e+12, 4.2571e+13, 1.66552e+08, 5.03437e+13, 2.56173e+12, 9.70219e+06,    1002.16,  0.0191134
2.13873e+08,    3291.72,     875578, 6.53429e+29, 3.51085e+24, 1.33933e+13,    59.0187, 1.09748e+22,    0.03468, 1.11526e-09, 3.11552e-30,          0, 7.22585e+12, 3.95765e+13, 1.48207e+08, 4.68025e+13, 2.11019e+12, 8.56734e+06,    1377.35,  0.0189446
2.14973e+08,    3147.65,     849841, 6.55475e+29, 3.51085e+24, 1.36101e+13,    63.4943, 8.20467e+21,    0.03468, 9.46482e-10, 1.6453e-30,          0, 6.7065e+12, 3.6732e+13, 1.31535e+08, 4.34386e+13, 1.73012e+12, 7.48996e+06,    1943.61,  0.0187767
2.16073e+08,    3006.75,     824287, 6.57451e+29, 3.51085e+24, 1.38331e+13,    68.4257, 6.09236e+21,    0.03468, 8.00181e-10, 8.56055e-31,          0, 6.21367e+12, 3.40327e+13, 1.16414e+08, 4.02465e+13, 1.41155e+12, 6.47085e+06,    2829.82,  0.0186097
2.17173e+08,    2869.02,     798918, 6.59356e+29, 3.51086e+24, 1.40628e+13,    73.8724, 4.49174e+21,    0.03468, 6.73779e-10, 4.38495e-31,          0, 5.74655e+12, 3.14743e+13, 1.0273e+08, 3.72209e+13, 1.1457e+12, 5.51108e+06,    4278.31,  0.0184437
2.18183e+08,    2745.32,     775786, 6.61044e+29, 3.51086e+24, 1.42799e+13,     79.386, 3.37292e+21,    0.03468, 5.73242e-10, 2.33831e-31,          0, 5.33958e+12, 2.92453e+13, 9.13395e+07, 3.4585e+13, 9.41417e+11, 4.61195e+06,    6774.68,  0.0182787
2.19193e+08,    2624.27,     752810, 6.62674e+29, 3.51086e+24, 1.45031e+13,     85.454, 2.51597e+21,    0.03468, 4.85878e-10, 1.22883e-31,          0, 4.95298e+12, 2.71278e+13, 8.09902e+07, 3.20809e+13, 7.69836e+11, 3.77517e+06,    11370.9,  0.0181148
2.20203e+08,    2505.86,     729990, 6.64245e+29, 3.51086e+24, 1.4733e+13,    92.1479, 1.86364e+21,    0.03468, 4.10204e-10, 6.35926e-32,          0, 4.58611e+12, 2.51185e+13, 7.16075e+07, 2.97047e+13, 6.26342e+11, 3.00291e+06,    20582.4,  0.0179521
2.21213e+08,    2390.07,     707326, 6.65758e+29, 3.51086e+24, 1.49697e+13,    99.5506, 1.37029e+21,    0.03468, 3.44877e-10, 3.23803e-32,          0, 4.23839e+12, 2.3214e+13, 6.31202e+07, 2.74525e+13, 5.06879e+11, 2.29805e+06,      41250,  0.0177905
2.22223e+08,    2276.89,     684818, 6.67214e+29, 3.51086e+24, 1.52137e+13,    107.759, 9.99713e+20,    0.03468, 2.88681e-10, 1.62078e-32,          0, 3.90921e+12, 2.14111e+13, 5.54613e+07, 2.53203e+13, 4.07895e+11, 1.66449e+06,    95564.8,  0.0176302
2.23233e+08,    2166.33,     662465, 6.68612e+29, 3.51086e+24, 1.54655e+13,    116.886, 7.23368e+20,    0.03468, 2.40521e-10, 7.96725e-33,          0, 3.59799e+12, 1.97065e+13, 4.85671e+07, 2.33045e+13, 3.2629e+11, 1.10774e+06,     276693,  0.0174713
2.24243e+08,    2058.37,     640268, 6.69954e+29, 3.51086e+24, 1.57254e+13,    127.065, 5.1886e+20,    0.03468, 1.9941e-10, 3.84211e-33,          0, 3.30413e+12, 1.8097e+13, 4.23778e+07, 2.14012e+13, 2.59369e+11,     636194, 1.18086e+06,  0.0173138
2.25253e+08,       1953,     618228, 6.7124e+29, 3.51086e+24, 1.5994e+13,    138.452, 3.68738e+20,    0.03468, 1.64465e-10, 1.81551e-33,          0, 3.02708e+12, 1.65795e+13, 3.6837e+07, 1.96066e+13, 2.04798e+11,     264259, 9.80127e+06,  0.0171578
2.26263e+08,    1850.22,     596343, 6.7247e+29, 3.51086e+24, 1.62718e+13,    151.233, 2.59481e+20,    0.03468, 1.34891e-10, 8.39526e-34,          0, 2.76626e+12, 1.5151e+13, 3.18914e+07, 1.79173e+13, 1.60563e+11,    11732.2,    2.05383,  0.0169868
2.27273e+08,    1750.03,     574613, 6.73645e+29, 3.51086e+24, 1.65594e+13,    165.631, 1.8069e+20,    0.03468, 1.09982e-10, 3.79371e-34,          0, 2.52111e+12, 1.38083e+13, 2.74912e+07, 1.63295e+13, 1.24932e+11,          0,       -nan,       -nan
2.28283e+08,     1652.4,     553040, 6.74765e+29, 3.51086e+24, 1.68575e+13,    181.911, 1.24421e+20,    0.03468, 8.9108e-11, 1.67266e-34,          0, 2.2911e+12, 1.25485e+13, 2.35893e+07, 1.48396e+13, 9.64247e+10,          0,       -nan,       -nan
2.29293e+08,    1557.34,     531622, 6.75831e+29, 3.51086e+24, 1.71669e+13,    200.395, 8.46535e+19,    0.03468, 7.17085e-11, 7.18316e-35,          0, 2.07567e+12, 1.13686e+13, 2.01419e+07, 1.34443e+13, 7.37812e+10,          0,       -nan,       -nan
2.30303e+08,    1464.85,     510358, 6.76843e+29, 3.51086e+24, 1.74882e+13,    221.472, 5.68596e+19,    0.03468, 5.72889e-11, 2.99883e-35,          0, 1.87431e+12, 1.02657e+13, 1.71077e+07,  1.214e+13, 5.59336e+10,          0,       -nan,       -nan
2.31313e+08,    1374.92,     489250, 6.77803e+29, 3.51086e+24, 1.78225e+13,    245.619, 3.76659e+19,    0.03468, 4.54127e-11, 1.21447e-35,          0, 1.68648e+12, 9.23696e+12, 1.44482e+07, 1.09234e+13, 4.19821e+10,          0,       -nan,       -nan
2.32323e+08,    1287.55,     468297, 6.78711e+29, 3.51086e+24, 1.81707e+13,    273.423, 2.45811e+19,    0.03468, 3.56963e-11, 4.75964e-36,          0, 1.51167e+12, 8.2795e+12, 1.21276e+07, 9.79118e+12, 3.1173e+10,          0,       -nan,       -nan
2.33333e+08,    1202.73,     447498, 6.79567e+29, 3.51086e+24, 1.8534e+13,    305.615, 1.57845e+19,    0.03468, 2.78039e-11, 1.80029e-36,          0, 1.34937e+12, 7.39058e+12, 1.01124e+07, 8.73995e+12, 2.28789e+10,          0,       -nan,       -nan
2.34343e+08,    1120.46,     426853, 6.80373e+29, 3.51086e+24, 1.89137e+13,    343.109, 9.95933e+18,    0.03468, 2.1443e-11, 6.55193e-37,          0, 1.19908e+12, 6.56744e+12, 8.37147e+06, 7.76653e+12, 1.65804e+10,          0,       -nan,       -nan
2.35353e+08,    1040.76,     406361, 6.8113e+29, 3.51086e+24, 1.93111e+13,    387.059, 6.16474e+18,    0.03468, 1.63597e-11, 2.28636e-37,          0, 1.06031e+12, 5.8074e+12, 6.87605e+06, 6.86772e+12, 1.18515e+10,          0,       -nan,       -nan
2.36363e+08,    963.609,     386023, 6.81837e+29, 3.51086e+24, 1.9728e+13,    438.945, 3.7368e+18,    0.03468, 1.23347e-11, 7.61985e-38,          0, 9.32581e+11, 5.10781e+12, 5.59943e+06, 6.0404e+12, 8.34448e+09,          0,       -nan,       -nan
2.37373e+08,    889.025,     365838, 6.82496e+29, 3.51086e+24, 2.01662e+13,    500.674, 2.21353e+18,    0.03468, 9.18004e-12, 2.41435e-38,          0, 8.15408e+11, 4.46605e+12, 4.51695e+06, 5.28146e+12, 5.7787e+09,          0,       -nan,       -nan
2.38383e+08,    817.011,     345805, 6.83109e+29, 3.51086e+24, 2.06279e+13,    574.746, 1.27828e+18,    0.03468, 6.73487e-12, 7.23455e-39,          0, 7.08323e+11, 3.87954e+12, 3.60591e+06, 4.58786e+12, 3.92931e+09,          0,       -nan,       -nan
2.39393e+08,    747.577,     325924, 6.83675e+29, 3.51086e+24, 2.11156e+13,    664.473, 7.17639e+17,    0.03468, 4.86292e-12, 2.03757e-39,          0, 6.10864e+11, 3.34574e+12, 2.84548e+06, 3.95661e+12, 2.61809e+09,          0,       -nan,       -nan
2.40403e+08,    680.733,     306194, 6.84197e+29, 3.51086e+24, 2.16324e+13,    774.318, 3.90386e+17,    0.03468, 3.44939e-12, 5.35507e-40,          0, 5.22573e+11, 2.86217e+12, 2.21656e+06, 3.38474e+12, 1.70533e+09,          0,       -nan,       -nan
2.41413e+08,    616.497,     286616, 6.84674e+29, 3.51086e+24, 2.21817e+13,    910.391, 2.04972e+17,    0.03468, 2.39832e-12, 1.30209e-40,          0, 4.42999e+11, 2.42634e+12, 1.70173e+06, 2.86934e+12, 1.08285e+09,          0,       -nan,       -nan
2.42423e+08,    554.887,     267187, 6.85109e+29, 3.51086e+24, 2.27677e+13,    1081.22, 1.03388e+17,    0.03468, 1.6302e-12, 2.89916e-41,          0,  3.717e+11, 2.03582e+12, 1.28514e+06, 2.40752e+12, 6.68041e+08,          0,       -nan,       -nan
2.43433e+08,    495.926,     247908, 6.85503e+29, 3.51086e+24, 2.33954e+13,    1298.97, 4.98143e+16,    0.03468, 1.07983e-12, 5.83768e-42,          0, 3.08234e+11, 1.68822e+12,     952473, 1.99645e+12, 3.98786e+08,          0,       -nan,       -nan
2.44443e+08,    439.645,     228778, 6.85856e+29, 3.51086e+24, 2.40712e+13,    1581.42, 2.27671e+16,    0.03468, 6.9428e-13, 1.04685e-42,          0, 2.52167e+11, 1.38114e+12,     690791, 1.63331e+12, 2.29193e+08,          0,       -nan,       -nan
2.45453e+08,     386.08,     209796, 6.8617e+29, 3.51086e+24, 2.48027e+13,    1955.28, 9.7846e+15,    0.03468, 4.31163e-13, 1.64014e-43,          0, 2.0307e+11, 1.11223e+12,     488516, 1.3153e+12, 1.26027e+08,          0,       -nan,       -nan
2.46463e+08,    335.274,     190962, 6.86447e+29, 3.51086e+24, 2.55998e+13,    2462.04, 3.9106e+15,    0.03468, 2.57016e-13, 2.19111e-44,          0, 1.60516e+11, 8.79157e+11,     335331, 1.03967e+12, 6.57767e+07,          0,       -nan,       -nan
2.47473e+08,    287.283,     172274, 6.86687e+29, 3.51086e+24, 2.6475e+13,    3168.66, 1.43271e+15,    0.03468, 1.45869e-13, 2.41831e-45,          0, 1.2408e+11, 6.79594e+11,     222109, 8.03674e+11, 3.22506e+07,          0,       -nan,       -nan
2.48483e+08,    242.174,     153732, 6.86894e+29, 3.51086e+24, 2.73191e+13,    4188.33, 4.7203e+14,    0.03468, 7.79756e-14, 2.11432e-46,          0, 9.33391e+10, 5.11225e+11,     140847, 6.04564e+11, 1.46517e+07,          0,       -nan,       -nan
2.49493e+08,    200.031,     135335, 6.87067e+29, 3.51086e+24, 2.73191e+13,    5723.44, 1.36229e+14,    0.03468, 3.86824e-14, 1.3823e-47,          0, 6.78702e+10, 3.7173e+11,    84592.4,  4.396e+11, 6.05252e+06,          0,       -nan,       -nan
2.50503e+08,     160.96,     117082, 6.8721e+29, 3.51086e+24, 2.73191e+13,    8162.23, 3.31751e+13,    0.03468, 1.74365e-14,  6.225e-49,          0, 4.72479e+10, 2.5878e+11,    47386.7, 3.06028e+11, 2.21316e+06,          0,       -nan,       -nan
2.51513e+08,    125.099,    98972.9, 6.87325e+29, 3.51086e+24, 2.73191e+13,    12319.6, 6.4462e+12,    0.03468, 6.91984e-15, 1.70792e-50,          0, 3.10416e+10, 1.70017e+11,    24196.6, 2.01059e+11,     688148,          0,       -nan,       -nan
2.52523e+08,    92.6305,    81005.6, 6.87412e+29, 3.51086e+24, 2.73191e+13,    20125.7, 9.14205e+11,    0.03468, 2.29927e-15, 2.34772e-52,          0, 1.88123e+10, 1.03036e+11,      10858, 1.21848e+11,     170669,          0,       -nan,       -nan
2.53533e+08,    63.8038,    63179.6, 6.87475e+29, 3.51086e+24, 2.73191e+13,    36999.8, 8.10296e+10,    0.03468, 5.86042e-16, 1.15017e-54,          0, 1.01064e+10, 5.53533e+10,    4017.88, 6.54597e+10,    30203.2,          0,       -nan,       -nan
2.54543e+08,    38.9859,    45493.6, 6.87517e+29, 3.51086e+24, 2.73191e+13,    82724.4, 3.2964e+09,    0.03468, 9.62689e-17, 1.01992e-57,          0, 4.44663e+09, 2.43545e+10,    1080.17, 2.88011e+10,     3055.8,          0,       -nan,       -nan
2.55553e+08,    18.7705,    27946.7, 6.87541e+29, 3.51086e+24, 2.73191e+13,     272963, 2.84932e+07,    0.03468, 6.60045e-18, 3.01918e-62,          0, 1.31516e+09, 7.20323e+09,    153.819, 8.5184e+09,    101.677,          0,       -nan,       -nan
2.57003e+08,   0.658863,       2996, 6.87551e+29, 3.51086e+24, 2.74023e+13, 6.4876e+07, 0.00998411,    0.03468, 3.06013e-23,          0,          0, 4.94891e+06, 2.71055e+07,   0.020317, 3.20544e+07, 1.67348e-05,          0,       -nan,       -nan
