X = 0.734
Y = 0.25
Z = 0.016
mu = 0.601142
    Radius,    Density,       Temp,       Mass,        Lum,       OptD,        Kff,         KH,        Kes,         PP,        CNO,         3a,        Deg,        Gas,        Rad,    TotPres,       dLdr,     dPdT,      dTRad,     dTConv
         0,          0,          0,          0,          0,          0,       -nan,          0,    0.03468,          0,          0,          0,          0,          0,          0,          0,          0,          0,       -nan,       -nan
      0.01,    59085.4, 5.79429e+06,     247496,    9.50223,    35305.5,   0.597533, 1.1318e+30,    0.03468, 3.83934e-05, 1.20122e-12, 7.83866e-65, 8.89172e+14, 4.70112e+15, 2.84243e+11, 5.59057e+15, 0.00285067, 9.46352e+08, 1.09395e-05, 4.5345e-06
1.0033e+06,    59082.3, 5.79408e+06, 2.49944e+23, 9.59508e+18, 3.54223e+10,   0.597585, 1.13141e+30,    0.03468, 3.8386e-05, 1.20031e-12, 7.82572e-65, 8.89094e+14, 4.7007e+15, 2.84203e+11, 5.59008e+15, 2.86878e+13, 9.46289e+08, 0.00109755, 0.000454926
2.0083e+06,      59073, 5.79347e+06, 2.00446e+24, 7.69222e+19, 7.09071e+10,    0.59774, 1.13025e+30,    0.03468, 3.83637e-05, 1.1976e-12, 7.78695e-65, 8.88859e+14, 4.69946e+15, 2.84083e+11, 5.5886e+15, 1.14861e+14, 9.46099e+08, 0.00219688, 0.000910515
3.0083e+06,    59057.4, 5.79246e+06, 6.73608e+24, 2.58351e+20, 1.0622e+11,   0.597996, 1.12832e+30,    0.03468, 3.83267e-05, 1.19312e-12, 7.72312e-65, 8.8847e+14, 4.6974e+15, 2.83884e+11, 5.58616e+15, 2.57411e+14, 9.45781e+08, 0.00329607, 0.00136588
4.0133e+06,    59035.6, 5.79103e+06, 1.59902e+25, 6.12779e+20, 1.41717e+11,   0.598357, 1.12561e+30,    0.03468, 3.82748e-05, 1.18685e-12, 7.63421e-65, 8.87923e+14, 4.69451e+15, 2.83605e+11, 5.58272e+15, 4.5734e+14, 9.45337e+08, 0.00439505, 0.00182092
5.0183e+06,    59007.6, 5.7892e+06, 3.12532e+25, 1.19644e+21, 1.77223e+11,   0.598822, 1.12214e+30,    0.03468, 3.82082e-05, 1.17883e-12, 7.52135e-65, 8.8722e+14, 4.69079e+15, 2.83245e+11, 5.5783e+15, 7.13488e+14, 9.44766e+08, 0.00549373, 0.00227552
6.0233e+06,    58973.3, 5.78695e+06, 5.40227e+25, 2.06547e+21, 2.12741e+11,   0.599391, 1.11791e+30,    0.03468, 3.81268e-05, 1.16909e-12, 7.38564e-65, 8.86361e+14, 4.68625e+15, 2.82807e+11, 5.5729e+15, 1.0251e+15, 9.44045e+08, 0.00662652, 0.00274382
7.05741e+06,    58931.5, 5.78422e+06, 8.6861e+25, 3.31582e+21, 2.49303e+11,   0.600085, 1.11277e+30,    0.03468, 3.80279e-05, 1.15734e-12, 7.2235e-65, 8.85315e+14, 4.68072e+15, 2.82273e+11, 5.56632e+15, 1.40265e+15, 9.43133e+08, 0.00782816,    0.00324
8.15741e+06,    58879.9, 5.78084e+06, 1.34066e+26, 5.10797e+21, 2.88214e+11,   0.600944, 1.10645e+30,    0.03468, 3.79059e-05, 1.14295e-12, 7.0278e-65, 8.84023e+14, 4.67389e+15, 2.81614e+11, 5.5582e+15, 1.86633e+15, 9.4207e+08,  0.0090292, 0.00373525
9.25741e+06,    58820.8, 5.77698e+06, 1.95825e+26, 7.44462e+21, 3.27148e+11,    0.60193, 1.09926e+30,    0.03468, 3.77667e-05, 1.12671e-12, 6.81029e-65, 8.82545e+14, 4.66608e+15, 2.80862e+11, 5.54891e+15, 2.39237e+15, 9.40973e+08,  0.0101205, 0.00418455
1.03574e+07,    58754.4, 5.77262e+06, 2.74068e+26, 1.03934e+22, 3.66108e+11,   0.603042, 1.09121e+30,    0.03468, 3.76105e-05, 1.10869e-12, 6.57334e-65, 8.80885e+14, 4.6573e+15, 2.80016e+11, 5.53847e+15, 2.97894e+15, 9.39623e+08,  0.0113202, 0.00467761
1.14574e+07,    58680.6, 5.76779e+06, 3.70713e+26, 1.40197e+22, 4.05098e+11,   0.604282, 1.08233e+30,    0.03468, 3.74376e-05, 1.08898e-12, 6.31946e-65, 8.79041e+14, 4.64755e+15, 2.79079e+11, 5.52687e+15, 3.62397e+15, 9.38125e+08,  0.0125191, 0.00516933
1.25574e+07,    58599.4, 5.76247e+06, 4.87661e+26, 1.83867e+22, 4.4412e+11,   0.605649, 1.07264e+30,    0.03468, 3.72481e-05, 1.06769e-12, 6.05128e-65, 8.77016e+14, 4.63685e+15, 2.78051e+11, 5.51414e+15, 4.32521e+15, 9.36477e+08,  0.0137171, 0.00565956
1.36574e+07,      58511, 5.75667e+06, 6.26801e+26, 2.35549e+22, 4.83178e+11,   0.607146, 1.06216e+30,    0.03468, 3.70423e-05, 1.04492e-12, 5.77148e-65, 8.7481e+14, 4.62518e+15, 2.76933e+11, 5.50027e+15, 5.08021e+15, 9.34682e+08,  0.0149142, 0.00614816
1.47574e+07,    58415.2, 5.75039e+06, 7.90003e+26, 2.9582e+22, 5.22275e+11,   0.608772, 1.05091e+30,    0.03468, 3.68205e-05, 1.02079e-12, 5.48275e-65, 8.72426e+14, 4.61258e+15, 2.75726e+11, 5.48528e+15, 5.88635e+15, 9.3274e+08,  0.0161103, 0.00663499
1.58574e+07,    58312.2, 5.74362e+06, 9.7912e+26, 3.65226e+22, 5.61415e+11,    0.61053, 1.03892e+30,    0.03468, 3.6583e-05, 9.95407e-13, 5.18779e-65, 8.69863e+14, 4.59903e+15, 2.74432e+11, 5.46917e+15, 6.74083e+15, 9.30652e+08,  0.0173054, 0.00711991
1.69574e+07,      58202, 5.73638e+06, 1.19599e+27, 4.44284e+22, 6.00599e+11,   0.612419, 1.02623e+30,    0.03468, 3.63301e-05, 9.68899e-13, 4.88919e-65, 8.67125e+14, 4.58455e+15, 2.7305e+11, 5.45195e+15, 7.6407e+15, 9.28419e+08,  0.0184995, 0.00760279
1.80574e+07,    58084.6, 5.72867e+06, 1.44241e+27, 5.33477e+22, 6.39833e+11,   0.614442, 1.01285e+30,    0.03468, 3.60621e-05, 9.41388e-13, 4.58946e-65, 8.64212e+14, 4.56915e+15, 2.71584e+11, 5.43363e+15, 8.58289e+15, 9.26041e+08,  0.0196925, 0.00808349
1.91574e+07,    57960.1, 5.72048e+06, 1.72018e+27, 6.33251e+22, 6.79118e+11,     0.6166, 9.98814e+29,    0.03468, 3.57795e-05,   9.13e-13, 4.29098e-65, 8.61126e+14, 4.55283e+15, 2.70034e+11, 5.41423e+15, 9.56415e+15, 9.2352e+08,  0.0208845, 0.00856188
2.02574e+07,    57828.5, 5.71181e+06, 2.03107e+27, 7.44019e+22, 7.18458e+11,   0.618894, 9.84162e+29,    0.03468, 3.54825e-05, 8.83862e-13, 3.99594e-65, 8.5787e+14, 4.53562e+15, 2.68402e+11, 5.39375e+15, 1.05812e+16, 9.20858e+08,  0.0220755, 0.00903782
2.13574e+07,    57689.8, 5.70268e+06, 2.37682e+27, 8.66155e+22, 7.57856e+11,   0.621326, 9.68924e+29,    0.03468, 3.51715e-05, 8.54102e-13, 3.70639e-65, 8.54444e+14, 4.51751e+15, 2.66689e+11, 5.37222e+15, 1.16305e+16, 9.18054e+08,  0.0232655, 0.00951117
2.24574e+07,    57544.2, 5.69308e+06, 2.75913e+27, 9.99995e+22, 7.97316e+11,   0.623896, 9.53132e+29,    0.03468, 3.4847e-05, 8.23846e-13, 3.42412e-65, 8.50852e+14, 4.49851e+15, 2.64898e+11, 5.34963e+15, 1.27085e+16, 9.15111e+08,  0.0244544, 0.00998182
2.35574e+07,    57391.6, 5.68301e+06, 3.17971e+27, 1.14583e+23, 8.36841e+11,   0.626608, 9.36822e+29,    0.03468, 3.45093e-05, 7.93219e-13, 3.15075e-65, 8.47095e+14, 4.47865e+15, 2.63028e+11,  5.326e+15, 1.38118e+16, 9.12029e+08,  0.0256425,  0.0104496
2.46574e+07,    57232.1, 5.67247e+06, 3.64019e+27, 1.30393e+23, 8.76434e+11,   0.629463, 9.20028e+29,    0.03468, 3.4159e-05, 7.62342e-13, 2.88764e-65, 8.43175e+14, 4.45792e+15, 2.61084e+11, 5.30136e+15, 1.49365e+16, 9.08811e+08,  0.0268296,  0.0109145
2.57574e+07,    57065.8, 5.66148e+06, 4.14222e+27, 1.4745e+23, 9.16098e+11,   0.632463, 9.02786e+29,    0.03468, 3.37964e-05, 7.31335e-13, 2.63595e-65, 8.39095e+14, 4.43635e+15, 2.59065e+11, 5.2757e+15, 1.6079e+16, 9.05457e+08,   0.028016,  0.0113762
2.68574e+07,    56892.7, 5.65002e+06, 4.6874e+27, 1.65772e+23, 9.55837e+11,   0.635609, 8.85133e+29,    0.03468, 3.3422e-05, 7.00313e-13, 2.39659e-65, 8.34857e+14, 4.41394e+15, 2.56975e+11, 5.24906e+15, 1.72356e+16, 9.01969e+08,  0.0292017,  0.0118347
2.79574e+07,    56712.8, 5.63811e+06, 5.27727e+27, 1.85372e+23, 9.95654e+11,   0.638904, 8.67104e+29,    0.03468, 3.30363e-05, 6.69386e-13, 2.17027e-65, 8.30463e+14, 4.39072e+15, 2.54814e+11, 5.22143e+15, 1.84025e+16, 8.98348e+08,  0.0303868,  0.0122899
2.90574e+07,    56526.4, 5.62574e+06, 5.91339e+27, 2.0626e+23, 1.03555e+12,   0.642351, 8.48738e+29,    0.03468, 3.26397e-05, 6.38659e-13, 1.95746e-65, 8.25917e+14, 4.36668e+15, 2.52586e+11, 5.19285e+15, 1.95758e+16, 8.94597e+08,  0.0315715,  0.0127416
3.01574e+07,    56333.3, 5.61292e+06, 6.59723e+27, 2.2844e+23, 1.07554e+12,   0.645951, 8.3007e+29,    0.03468, 3.22328e-05, 6.08232e-13, 1.75846e-65, 8.21221e+14, 4.34185e+15, 2.50292e+11, 5.16332e+15, 2.0752e+16, 8.90716e+08,  0.0327559,  0.0131898
3.12574e+07,    56133.7, 5.59966e+06, 7.33027e+27, 2.51914e+23, 1.11561e+12,   0.649707, 8.11138e+29,    0.03468, 3.1816e-05, 5.78198e-13, 1.57337e-65, 8.16377e+14, 4.31624e+15, 2.47934e+11, 5.13286e+15, 2.19273e+16, 8.86707e+08,  0.0339401,  0.0136342
3.23574e+07,    55927.6, 5.58594e+06, 8.11392e+27, 2.76679e+23, 1.15577e+12,   0.653621, 7.91977e+29,    0.03468, 3.13898e-05, 5.48643e-13, 1.40212e-65, 8.11389e+14, 4.28986e+15, 2.45514e+11, 5.1015e+15, 2.30979e+16, 8.82573e+08,  0.0351245,  0.0140748
3.34574e+07,    55715.2, 5.57179e+06, 8.94957e+27, 3.02727e+23, 1.19603e+12,   0.657697, 7.72626e+29,    0.03468, 3.09548e-05, 5.19647e-13, 1.2445e-65, 8.06259e+14, 4.26274e+15, 2.43035e+11, 5.06924e+15, 2.42603e+16, 8.78314e+08,  0.0363091,  0.0145115
3.45574e+07,    55496.4, 5.5572e+06, 9.83857e+27, 3.30047e+23, 1.23639e+12,   0.661937, 7.53118e+29,    0.03468, 3.05115e-05, 4.91284e-13, 1.10017e-65, 8.00989e+14, 4.23488e+15, 2.40499e+11, 5.03611e+15, 2.54109e+16, 8.74337e+08,  0.0373865,   0.014905
3.56574e+07,    55271.4, 5.54216e+06, 1.07822e+28, 3.58625e+23, 1.27685e+12,   0.666344, 7.33491e+29,    0.03468, 3.00604e-05, 4.63619e-13, 9.68669e-66, 7.95584e+14, 4.2063e+15, 2.37907e+11, 5.00213e+15, 2.65463e+16, 8.69846e+08,  0.0385724,  0.0153339
3.67574e+07,    55040.3, 5.5267e+06, 1.17818e+28, 3.88442e+23, 1.31742e+12,   0.670921, 7.13779e+29,    0.03468, 2.96019e-05, 4.3671e-13, 8.4946e-66, 7.90047e+14, 4.17703e+15, 2.35263e+11, 4.96731e+15, 2.76631e+16, 8.65237e+08,  0.0397594,  0.0157585
3.78574e+07,      54803, 5.51081e+06, 1.28385e+28, 4.19476e+23, 1.35809e+12,   0.675672, 6.94016e+29,    0.03468, 2.91368e-05, 4.10609e-13, 7.41924e-66, 7.84379e+14, 4.14706e+15, 2.32569e+11, 4.93167e+15, 2.87579e+16, 8.60511e+08,  0.0409477,  0.0161787
3.89574e+07,    54559.8, 5.49449e+06, 1.39536e+28,  4.517e+23, 1.39888e+12,   0.680599, 6.74235e+29,    0.03468, 2.86654e-05, 3.85358e-13, 6.45392e-66, 7.78585e+14, 4.11643e+15, 2.29826e+11, 4.89524e+15, 2.98277e+16, 8.5567e+08,  0.0421377,  0.0165946
4.00574e+07,    54310.6, 5.47775e+06, 1.51281e+28, 4.85086e+23, 1.43979e+12,   0.685707, 6.54469e+29,    0.03468, 2.81883e-05, 3.60996e-13, 5.59156e-66, 7.72668e+14, 4.08514e+15, 2.27038e+11, 4.85804e+15, 3.08694e+16, 8.50717e+08,  0.0433298,  0.0170058
4.11574e+07,    54055.6, 5.46059e+06, 1.63632e+28, 5.19602e+23, 1.48081e+12,   0.690999, 6.34751e+29,    0.03468, 2.7706e-05, 3.37552e-13, 4.82488e-66, 7.66631e+14, 4.05322e+15, 2.24206e+11, 4.82008e+15, 3.18801e+16, 8.45653e+08,  0.0445244,  0.0174124
4.22574e+07,    53794.9, 5.44301e+06, 1.76599e+28, 5.5521e+23, 1.52196e+12,   0.696478, 6.15109e+29,    0.03468, 2.72191e-05, 3.1505e-13, 4.1465e-66, 7.60477e+14, 4.02069e+15, 2.21333e+11, 4.78139e+15, 3.28571e+16, 8.4048e+08,  0.0457219,  0.0178142
4.33574e+07,    53528.4, 5.42502e+06, 1.90192e+28, 5.91874e+23, 1.56324e+12,    0.70215, 5.95574e+29,    0.03468, 2.6728e-05, 2.93505e-13, 3.54909e-66, 7.54211e+14, 3.98755e+15, 2.18422e+11, 4.74198e+15, 3.37977e+16, 8.35202e+08,  0.0469227,  0.0182112
4.44574e+07,    53256.4, 5.40663e+06, 2.04421e+28, 6.29551e+23, 1.60465e+12,   0.708017, 5.76175e+29,    0.03468, 2.62334e-05, 2.72929e-13, 3.02545e-66, 7.47834e+14, 3.95384e+15, 2.15475e+11, 4.70189e+15, 3.46996e+16, 8.29819e+08,  0.0481273,  0.0186032
4.55574e+07,    52978.9, 5.38783e+06, 2.19295e+28, 6.68198e+23, 1.6462e+12,   0.714084, 5.56938e+29,    0.03468, 2.57356e-05, 2.53326e-13, 2.56861e-66, 7.41351e+14, 3.91956e+15, 2.12494e+11, 4.66113e+15, 3.55603e+16, 8.24334e+08,  0.0493363,  0.0189902
4.66574e+07,    52696.1, 5.36863e+06, 2.34823e+28, 7.07768e+23, 1.68788e+12,   0.720357, 5.37889e+29,    0.03468, 2.52353e-05, 2.34696e-13, 2.1719e-66, 7.34765e+14, 3.88474e+15, 2.09481e+11, 4.61972e+15, 3.63779e+16, 8.18749e+08,  0.0505502,  0.0193721
4.77574e+07,    52407.9, 5.34904e+06, 2.51012e+28, 7.48213e+23, 1.72971e+12,   0.726838, 5.19053e+29,    0.03468, 2.4733e-05, 2.17034e-13,  1.829e-66, 7.2808e+14, 3.8494e+15, 2.0644e+11, 4.57769e+15, 3.71504e+16, 8.13067e+08,  0.0517696,  0.0197488
4.88574e+07,    52114.5, 5.32906e+06, 2.67871e+28, 7.89482e+23, 1.77169e+12,   0.733534, 5.00452e+29,    0.03468, 2.4229e-05, 2.00328e-13, 1.53396e-66, 7.21299e+14, 3.81355e+15, 2.03372e+11, 4.53505e+15, 3.78761e+16, 8.0729e+08,  0.0529952,  0.0201202
4.99574e+07,      51816, 5.30869e+06, 2.85406e+28, 8.31523e+23, 1.81381e+12,   0.740449, 4.8211e+29,    0.03468, 2.3724e-05, 1.84565e-13, 1.28128e-66, 7.14427e+14, 3.77721e+15, 2.00281e+11, 4.49184e+15, 3.85533e+16, 8.01421e+08,  0.0542275,  0.0204862
5.10574e+07,    51512.4, 5.28793e+06, 3.03624e+28, 8.74281e+23, 1.8561e+12,   0.747589, 4.64046e+29,    0.03468, 2.32184e-05, 1.69725e-13, 1.06584e-66, 7.07465e+14, 3.74041e+15, 1.97167e+11, 4.44807e+15, 3.91807e+16, 7.95461e+08,  0.0554674,  0.0208468
5.21574e+07,      51204, 5.2668e+06, 3.22532e+28, 9.17701e+23, 1.89854e+12,   0.754959, 4.46279e+29,    0.03468, 2.27127e-05, 1.55788e-13, 8.8301e-67, 7.00419e+14, 3.70315e+15, 1.94035e+11, 4.40377e+15, 3.97571e+16, 7.89413e+08,  0.0567155,  0.0212019
5.32574e+07,    50890.7, 5.2453e+06, 3.42136e+28, 9.61727e+23, 1.94114e+12,   0.762565, 4.28828e+29,    0.03468, 2.22073e-05, 1.42728e-13, 7.28545e-67, 6.93292e+14, 3.66547e+15, 1.90885e+11, 4.35895e+15, 4.02814e+16, 7.83279e+08,  0.0579727,  0.0215514
5.43574e+07,    50572.8, 5.22343e+06, 3.6244e+28, 1.0063e+24, 1.98392e+12,   0.770412, 4.11708e+29,    0.03468, 2.17028e-05, 1.30519e-13, 5.98635e-67, 6.86088e+14, 3.62738e+15, 1.87721e+11, 4.31365e+15, 4.0753e+16, 7.77063e+08,  0.0592398,  0.0218952
5.54574e+07,    50250.2, 5.20119e+06, 3.83448e+28, 1.05136e+24, 2.02686e+12,   0.778507, 3.94934e+29,    0.03468, 2.11995e-05, 1.19131e-13, 4.89869e-67, 6.78809e+14, 3.5889e+15, 1.84545e+11, 4.26789e+15, 4.1171e+16, 7.70765e+08,  0.0605177,  0.0222333
5.65574e+07,    49923.1, 5.17859e+06, 4.05167e+28, 1.09686e+24, 2.06998e+12,   0.786856, 3.78519e+29,    0.03468, 2.06978e-05, 1.08532e-13, 3.99216e-67, 6.71461e+14, 3.55004e+15, 1.81358e+11, 4.22169e+15, 4.15351e+16, 7.6439e+08,  0.0618074,  0.0225657
5.76574e+07,    49591.6, 5.15564e+06, 4.27598e+28, 1.14272e+24, 2.11328e+12,   0.795466, 3.62476e+29,    0.03468, 2.01983e-05, 9.86909e-14, 3.23998e-67, 6.64046e+14, 3.51084e+15, 1.78165e+11, 4.17507e+15, 4.1845e+16, 7.57939e+08,  0.0631098,  0.0228922
5.87574e+07,    49255.8, 5.13234e+06, 4.50745e+28, 1.1889e+24, 2.15677e+12,   0.804343, 3.46815e+29,    0.03468, 1.97013e-05, 8.9573e-14, 2.61866e-67, 6.56569e+14, 3.47131e+15, 1.74965e+11, 4.12805e+15, 4.21005e+16, 7.51415e+08,   0.064426,  0.0232127
5.98574e+07,    48915.8, 5.10869e+06, 4.74611e+28, 1.23532e+24, 2.20044e+12,   0.813496, 3.31546e+29,    0.03468, 1.92072e-05, 8.11441e-14, 2.10773e-67, 6.49032e+14, 3.43146e+15, 1.71763e+11, 4.08067e+15, 4.23018e+16, 7.4482e+08,  0.0657571,  0.0235274
6.09574e+07,    48571.7, 5.08471e+06, 4.99198e+28, 1.28194e+24, 2.24431e+12,    0.82293, 3.16676e+29,    0.03468, 1.87164e-05, 7.33696e-14, 1.68946e-67, 6.41441e+14, 3.39132e+15, 1.6856e+11, 4.03293e+15, 4.24491e+16, 7.38157e+08,  0.0671042,   0.023836
6.20574e+07,    48223.6, 5.06038e+06, 5.24508e+28, 1.32869e+24, 2.28838e+12,   0.832655, 3.02212e+29,    0.03468, 1.82293e-05, 6.62144e-14, 1.34857e-67, 6.33798e+14, 3.35092e+15, 1.65358e+11, 3.98488e+15, 4.25428e+16, 7.31428e+08,  0.0684687,  0.0241385
6.31574e+07,    47871.6, 5.03573e+06, 5.50541e+28, 1.37552e+24, 2.33265e+12,   0.842678, 2.88159e+29,    0.03468, 1.77462e-05, 5.96436e-14, 1.07199e-67, 6.26107e+14, 3.31025e+15, 1.62159e+11, 3.93652e+15, 4.25834e+16, 7.24636e+08,  0.0698517,   0.024435
6.42574e+07,    47515.9, 5.01075e+06, 5.77299e+28, 1.42236e+24, 2.37713e+12,   0.853007, 2.74522e+29,    0.03468, 1.72674e-05, 5.36227e-14, 8.48575e-68, 6.18372e+14, 3.26936e+15, 1.58965e+11, 3.88789e+15, 4.25718e+16, 7.17784e+08,  0.0712547,  0.0247253
6.53574e+07,    47156.5, 4.98545e+06, 6.04781e+28, 1.46915e+24, 2.42182e+12,   0.863651, 2.61302e+29,    0.03468, 1.67933e-05, 4.81179e-14, 6.68917e-68, 6.10596e+14, 3.22825e+15, 1.55779e+11,  3.839e+15, 4.25087e+16, 7.10874e+08,   0.072679,  0.0250094
6.64574e+07,    46793.6, 4.95984e+06, 6.32987e+28, 1.51586e+24, 2.46673e+12,    0.87462, 2.48503e+29,    0.03468, 1.63242e-05, 4.30957e-14, 5.25088e-68, 6.02784e+14, 3.18694e+15, 1.52602e+11, 3.78988e+15, 4.23951e+16, 7.03908e+08,  0.0741263,  0.0252872
6.75574e+07,    46427.2, 4.93392e+06, 6.61916e+28, 1.56241e+24, 2.51186e+12,   0.885922, 2.36125e+29,    0.03468, 1.58604e-05, 3.85239e-14, 4.10454e-68, 5.94939e+14, 3.14546e+15, 1.49437e+11, 3.74055e+15, 4.22322e+16, 6.9689e+08,  0.0755981,  0.0255589
6.86574e+07,    46057.5, 4.90769e+06, 6.91567e+28, 1.60875e+24, 2.55722e+12,   0.897567, 2.24167e+29,    0.03468, 1.54022e-05, 3.4371e-14, 3.19497e-68, 5.87064e+14, 3.10383e+15, 1.46284e+11, 3.69104e+15, 4.20212e+16, 6.89822e+08,   0.077096,  0.0258242
6.97574e+07,    45684.6, 4.88116e+06, 7.21937e+28, 1.65484e+24, 2.60281e+12,   0.909565, 2.12629e+29,    0.03468, 1.49499e-05, 3.06068e-14, 2.47647e-68, 5.79163e+14, 3.06206e+15, 1.43147e+11, 3.64136e+15, 4.17636e+16, 6.82705e+08,  0.0786219,  0.0260831
7.08574e+07,    45308.5, 4.85434e+06, 7.53024e+28, 1.70061e+24, 2.64864e+12,   0.921928, 2.01507e+29,    0.03468, 1.45036e-05, 2.72024e-14, 1.91144e-68, 5.7124e+14, 3.02016e+15, 1.40026e+11, 3.59154e+15, 4.14607e+16, 6.75544e+08,  0.0801775,  0.0263358
7.19574e+07,    44929.5, 4.82723e+06, 7.84826e+28, 1.74603e+24, 2.69471e+12,   0.934665, 1.90799e+29,    0.03468, 1.40637e-05, 2.41299e-14, 1.46907e-68, 5.63298e+14, 2.97817e+15, 1.36924e+11, 3.54161e+15, 4.11141e+16, 6.6834e+08,   0.081765,   0.026582
7.30574e+07,    44547.6, 4.79983e+06, 8.17339e+28, 1.79105e+24, 2.74103e+12,   0.947789,  1.805e+29,    0.03468, 1.36303e-05, 2.13631e-14, 1.12428e-68, 5.5534e+14, 2.9361e+15, 1.33843e+11, 3.49157e+15, 4.07256e+16, 6.61096e+08,  0.0833862,  0.0268218
7.41574e+07,    44162.9, 4.77216e+06, 8.50558e+28, 1.83561e+24, 2.7876e+12,   0.961311, 1.70606e+29,    0.03468, 1.32036e-05, 1.88767e-14, 8.56751e-69, 5.47371e+14, 2.89397e+15, 1.30783e+11, 3.44147e+15, 4.02968e+16, 6.53815e+08,  0.0850434,  0.0270552
7.52574e+07,    43775.6, 4.74421e+06, 8.8448e+28, 1.87969e+24, 2.83443e+12,   0.975244, 1.61111e+29,    0.03468, 1.2784e-05, 1.66472e-14, 6.50091e-69, 5.39393e+14, 2.85179e+15, 1.27746e+11, 3.39131e+15, 3.98296e+16, 6.46498e+08,  0.0867388,  0.0272822
7.63574e+07,    43385.7,  4.716e+06, 9.19099e+28, 1.92323e+24, 2.88153e+12,     0.9896, 1.52009e+29,    0.03468, 1.23714e-05, 1.46524e-14, 4.91167e-69, 5.3141e+14, 2.80958e+15, 1.24734e+11, 3.34111e+15, 3.93258e+16, 6.3915e+08,  0.0884749,  0.0275027
7.74574e+07,    42993.4, 4.68753e+06, 9.54411e+28, 1.96619e+24, 2.92889e+12,    1.00439, 1.43293e+29,    0.03468, 1.19661e-05, 1.28714e-14,  3.695e-69, 5.23425e+14, 2.76736e+15, 1.21749e+11, 3.29091e+15, 3.87874e+16, 6.31771e+08,  0.0902542,  0.0277167
7.85574e+07,    42598.7, 4.6588e+06, 9.90409e+28, 2.00855e+24, 2.97653e+12,    1.01964, 1.34956e+29,    0.03468, 1.15683e-05, 1.12846e-14, 2.76773e-69, 5.15442e+14, 2.72515e+15, 1.18792e+11, 3.24072e+15, 3.82163e+16, 6.24365e+08,  0.0920793,  0.0279243
7.96574e+07,    42201.9, 4.62982e+06, 1.02709e+29, 2.05026e+24, 3.02445e+12,    1.03534, 1.2699e+29,    0.03468, 1.1178e-05, 9.87397e-15, 2.0642e-69, 5.07463e+14, 2.68297e+15, 1.15863e+11, 3.19055e+15, 3.76146e+16, 6.16934e+08,  0.0939531,  0.0281254
8.07574e+07,    41802.9, 4.60059e+06, 1.06444e+29, 2.09129e+24, 3.07266e+12,    1.05153, 1.19387e+29,    0.03468, 1.07954e-05, 8.62259e-15, 1.53282e-69, 4.99493e+14, 2.64083e+15, 1.12965e+11, 3.14044e+15, 3.69844e+16, 6.09481e+08,  0.0958786,    0.02832
8.18574e+07,      41402, 4.57113e+06, 1.10246e+29, 2.13161e+24, 3.12116e+12,    1.06822, 1.12137e+29,    0.03468, 1.04205e-05, 7.51487e-15, 1.13329e-69, 4.91534e+14, 2.59875e+15, 1.10099e+11, 3.0904e+15, 3.63276e+16, 6.02008e+08,  0.0978588,  0.0285081
8.29574e+07,    40999.1, 4.54143e+06, 1.14113e+29, 2.1712e+24, 3.16996e+12,    1.08541, 1.05232e+29,    0.03468, 1.00536e-05, 6.53643e-15, 8.34233e-70, 4.83589e+14, 2.55675e+15, 1.07265e+11, 3.04044e+15, 3.56463e+16, 5.94517e+08,  0.0998971,  0.0286897
8.40574e+07,    40594.6, 4.5115e+06, 1.18046e+29, 2.21003e+24, 3.21906e+12,    1.10314, 9.86622e+28,    0.03468, 9.69453e-06, 5.67402e-15, 6.11405e-70, 4.75661e+14, 2.51483e+15, 1.04466e+11, 2.9906e+15, 3.49427e+16, 5.87011e+08,   0.101997,  0.0288649
8.51574e+07,    40188.3, 4.48135e+06, 1.22042e+29, 2.24807e+24, 3.26848e+12,    1.12141, 9.24181e+28,    0.03468, 9.34351e-06, 4.91554e-15, 4.46127e-70, 4.67754e+14, 2.47303e+15, 1.01701e+11, 2.94088e+15, 3.42188e+16, 5.79493e+08,   0.104162,  0.0290335
8.62574e+07,    39780.5, 4.45098e+06, 1.26102e+29, 2.2853e+24, 3.31821e+12,    1.14025, 8.64899e+28,    0.03468, 9.00054e-06, 4.24988e-15, 3.24091e-70, 4.5987e+14, 2.43134e+15, 9.8972e+10, 2.89131e+15, 3.34766e+16, 5.71964e+08,   0.106396,  0.0291957
8.73574e+07,    39371.3, 4.4204e+06, 1.30225e+29, 2.32171e+24, 3.36827e+12,    1.15967, 8.08675e+28,    0.03468, 8.66566e-06, 3.66696e-15, 2.34396e-70, 4.52013e+14, 2.3898e+15, 9.62801e+10, 2.84191e+15, 3.27183e+16, 5.64427e+08,   0.108704,  0.0293515
8.84574e+07,    38960.7, 4.38962e+06, 1.34408e+29, 2.35727e+24, 3.41866e+12,     1.1797, 7.55408e+28,    0.03468, 8.3389e-06, 3.15758e-15, 1.68771e-70, 4.44184e+14, 2.34841e+15, 9.36259e+10, 2.79269e+15, 3.19458e+16, 5.56885e+08,   0.111089,  0.0295008
8.95574e+07,    38548.9, 4.35863e+06, 1.38652e+29, 2.39198e+24, 3.46939e+12,    1.20035, 7.04995e+28,    0.03468, 8.02026e-06, 2.71343e-15, 1.20978e-70, 4.36387e+14, 2.30719e+15, 9.10102e+10, 2.74367e+15, 3.11612e+16, 5.49339e+08,   0.113556,  0.0296437
9.06574e+07,      38136, 4.32745e+06, 1.42956e+29, 2.42583e+24, 3.52046e+12,    1.22165, 6.57335e+28,    0.03468, 7.70974e-06, 2.32699e-15,          0, 4.28625e+14, 2.26615e+15, 8.84338e+10, 2.69486e+15, 3.03663e+16, 5.41792e+08,    0.11611,  0.0297802
9.17574e+07,    37722.1, 4.29608e+06, 1.47317e+29, 2.45879e+24, 3.57189e+12,    1.24363, 6.12323e+28,    0.03468, 7.40734e-06, 1.9915e-15,          0,  4.209e+14, 2.2253e+15, 8.58974e+10, 2.64629e+15, 2.95632e+16, 5.34247e+08,   0.118756,  0.0299103
9.28574e+07,    37307.4, 4.26453e+06, 1.51736e+29, 2.49086e+24, 3.62367e+12,    1.26629, 5.69859e+28,    0.03468, 7.11303e-06, 1.70087e-15,          0, 4.13215e+14, 2.18467e+15, 8.34016e+10, 2.59797e+15, 2.87536e+16, 5.26705e+08,     0.1215,  0.0300341
9.39574e+07,    36891.8, 4.2328e+06, 1.5621e+29, 2.52204e+24, 3.67582e+12,    1.28967, 5.2984e+28,    0.03468, 6.82679e-06, 1.44965e-15,          0, 4.05572e+14, 2.14426e+15, 8.09471e+10, 2.54991e+15, 2.79394e+16, 5.19169e+08,   0.124348,  0.0301515
9.50574e+07,    36475.5, 4.2009e+06, 1.60739e+29, 2.55233e+24, 3.72835e+12,     1.3138, 4.92164e+28,    0.03468, 6.54856e-06, 1.23297e-15,          0, 3.97973e+14, 2.10409e+15, 7.85342e+10, 2.50214e+15, 2.71225e+16, 5.11641e+08,   0.127305,  0.0302626
9.61574e+07,    36058.7, 4.16883e+06, 1.65321e+29, 2.58171e+24, 3.78125e+12,     1.3387, 4.56733e+28,    0.03468, 6.2783e-06, 1.04649e-15,          0, 3.90422e+14, 2.06416e+15, 7.61635e+10, 2.45466e+15, 2.63043e+16, 5.04122e+08,   0.130378,  0.0303674
9.72574e+07,    35641.3, 4.1366e+06, 1.69956e+29, 2.6102e+24, 3.83455e+12,     1.3644, 4.23448e+28,    0.03468, 6.01596e-06, 8.86349e-16,          0, 3.8292e+14, 2.0245e+15, 7.38355e+10, 2.4075e+15, 2.54867e+16, 4.96616e+08,   0.133574,   0.030466
9.83574e+07,    35223.6, 4.10422e+06, 1.74641e+29, 2.63778e+24, 3.88824e+12,    1.39092, 3.92212e+28,    0.03468, 5.76145e-06, 7.49136e-16,          0, 3.7547e+14, 1.98511e+15, 7.15504e+10, 2.36065e+15, 2.46712e+16, 4.89125e+08,     0.1369,  0.0305584
9.94574e+07,    34805.7, 4.07169e+06, 1.79376e+29, 2.66448e+24, 3.94234e+12,    1.41831, 3.6293e+28,    0.03468, 5.51471e-06, 6.31825e-16,          0, 3.68074e+14, 1.94601e+15, 6.93086e+10, 2.31415e+15, 2.38592e+16, 4.81649e+08,   0.140365,  0.0306446
1.00557e+08,    34387.5, 4.03901e+06, 1.84159e+29, 2.69028e+24, 3.99684e+12,    1.44659, 3.35508e+28,    0.03468, 5.27565e-06, 5.31751e-16,          0, 3.60733e+14, 1.9072e+15, 6.71103e+10,  2.268e+15, 2.30523e+16, 4.74192e+08,   0.143976,  0.0307247
1.01657e+08,    33969.3, 4.00619e+06, 1.88989e+29, 2.71519e+24, 4.05178e+12,    1.47579, 3.09856e+28,    0.03468, 5.04417e-06, 4.46572e-16,          0, 3.53451e+14, 1.8687e+15, 6.49558e+10, 2.22221e+15, 2.22518e+16, 4.66755e+08,   0.147742,  0.0307987
1.02757e+08,    33551.1, 3.97325e+06, 1.93864e+29, 2.73923e+24, 4.10714e+12,    1.50596, 2.85885e+28,    0.03468, 4.82019e-06, 3.74231e-16,          0, 3.46229e+14, 1.83051e+15, 6.28451e+10, 2.17681e+15, 2.14589e+16, 4.59341e+08,   0.151673,  0.0308666
1.03857e+08,    33133.1, 3.94017e+06, 1.98782e+29, 2.76241e+24, 4.16294e+12,    1.53712, 2.63509e+28,    0.03468, 4.6036e-06, 3.12932e-16,          0, 3.39069e+14, 1.79266e+15, 6.07785e+10, 2.13179e+15, 2.06749e+16, 4.5195e+08,   0.155779,  0.0309285
1.04957e+08,    32715.2, 3.90697e+06, 2.03744e+29, 2.78472e+24, 4.21918e+12,    1.56931, 2.42644e+28,    0.03468, 4.39428e-06, 2.61105e-16,          0, 3.31972e+14, 1.75514e+15, 5.8756e+10, 2.08717e+15, 1.9901e+16, 4.44586e+08,    0.16007,  0.0309844
1.06057e+08,    32297.7, 3.87366e+06, 2.08745e+29, 2.80619e+24, 4.27589e+12,    1.60258, 2.23208e+28,    0.03468, 4.19212e-06, 2.17386e-16,          0, 3.24941e+14, 1.71796e+15, 5.67775e+10, 2.04296e+15, 1.91381e+16, 4.3725e+08,   0.164558,  0.0310345
1.07157e+08,    31880.6, 3.84024e+06, 2.13787e+29, 2.82683e+24, 4.33306e+12,    1.63697, 2.05124e+28,    0.03468, 3.99701e-06, 1.8059e-16,          0, 3.17977e+14, 1.68115e+15, 5.48432e+10, 1.99918e+15, 1.83872e+16, 4.29943e+08,   0.169255,  0.0310787
1.08257e+08,      31464, 3.80671e+06, 2.18865e+29, 2.84665e+24, 4.39071e+12,    1.67252, 1.88315e+28,    0.03468, 3.80881e-06, 1.4969e-16,          0, 3.11082e+14, 1.64469e+15, 5.29528e+10, 1.95583e+15, 1.76493e+16, 4.22668e+08,   0.174174,   0.031117
1.09357e+08,      31048, 3.77308e+06, 2.2398e+29, 2.86566e+24, 4.44884e+12,    1.70928, 1.72708e+28,    0.03468, 3.62739e-06, 1.23802e-16,          0, 3.04258e+14, 1.60861e+15, 5.11063e+10, 1.91292e+15, 1.69252e+16, 4.15427e+08,   0.179329,  0.0311496
1.10457e+08,    30632.7, 3.73936e+06, 2.2913e+29, 2.88389e+24, 4.50746e+12,    1.74729, 1.58233e+28,    0.03468, 3.45263e-06, 1.02162e-16,          0, 2.97505e+14, 1.57291e+15, 4.93036e+10, 1.87046e+15, 1.62157e+16, 4.0822e+08,   0.184735,  0.0311765
1.11557e+08,    30218.2, 3.70555e+06, 2.34312e+29, 2.90134e+24, 4.56659e+12,    1.78661, 1.44823e+28,    0.03468, 3.28439e-06, 8.41148e-17,          0, 2.90826e+14, 1.53759e+15, 4.75444e+10, 1.82847e+15, 1.55214e+16, 4.0105e+08,   0.190408,  0.0311977
1.12657e+08,    29804.6, 3.67165e+06, 2.39526e+29, 2.91804e+24, 4.62624e+12,    1.82729, 1.32412e+28,    0.03468, 3.12252e-06, 6.90988e-17,          0, 2.84221e+14, 1.50267e+15, 4.58286e+10, 1.78694e+15, 1.48429e+16, 3.93918e+08,   0.196366,  0.0312134
1.13757e+08,    29391.9, 3.63768e+06, 2.4477e+29,  2.934e+24, 4.68641e+12,    1.86939, 1.20939e+28,    0.03468, 2.96689e-06, 5.66339e-17,          0, 2.77692e+14, 1.46816e+15, 4.41559e+10, 1.74589e+15, 1.41807e+16, 3.86826e+08,   0.202625,  0.0312235
1.14857e+08,    28980.2, 3.60364e+06, 2.50041e+29, 2.94925e+24, 4.74712e+12,    1.91295, 1.10344e+28,    0.03468, 2.81735e-06, 4.6311e-17,          0, 2.71241e+14, 1.43405e+15, 4.25259e+10, 1.70533e+15, 1.35354e+16, 3.79776e+08,   0.209207,  0.0312281
1.15957e+08,    28569.7, 3.56952e+06, 2.55338e+29, 2.96379e+24, 4.80838e+12,    1.95805, 1.00571e+28,    0.03468, 2.67376e-06, 3.77822e-17,          0, 2.64867e+14, 1.40035e+15, 4.09384e+10, 1.66526e+15, 1.29073e+16, 3.72768e+08,   0.216132,  0.0312273
1.17057e+08,    28160.4, 3.53535e+06, 2.60661e+29, 2.97765e+24, 4.8702e+12,    2.00475, 9.15667e+27,    0.03468, 2.53596e-06, 3.07522e-17,          0, 2.58573e+14, 1.36707e+15, 3.93929e+10, 1.62568e+15, 1.22967e+16, 3.65805e+08,   0.223423,  0.0312212
1.18157e+08,    27752.4, 3.50111e+06, 2.66006e+29, 2.99085e+24, 4.93258e+12,    2.05312, 8.32793e+27,    0.03468, 2.40382e-06, 2.49716e-17,          0, 2.52359e+14, 1.33422e+15, 3.78892e+10, 1.58662e+15, 1.1704e+16, 3.58888e+08,   0.231105,  0.0312098
1.19257e+08,    27345.8, 3.46683e+06, 2.71372e+29, 3.0034e+24, 4.99555e+12,    2.10322, 7.56603e+27,    0.03468, 2.27717e-06, 2.02297e-17,          0, 2.46227e+14, 1.3018e+15, 3.64267e+10, 1.54806e+15, 1.11293e+16, 3.52018e+08,   0.239204,  0.0311932
1.20357e+08,    26940.6, 3.4325e+06, 2.76757e+29, 3.01534e+24, 5.05912e+12,    2.15513, 6.86637e+27,    0.03468, 2.15588e-06, 1.63491e-17,          0, 2.40176e+14, 1.26981e+15, 3.50051e+10, 1.51002e+15, 1.05727e+16, 3.45196e+08,   0.247749,  0.0311714
1.21457e+08,    26536.9, 3.39813e+06, 2.8216e+29, 3.02667e+24, 5.12329e+12,    2.20894, 6.22459e+27,    0.03468, 2.03979e-06, 1.31813e-17,          0, 2.34209e+14, 1.23826e+15, 3.36239e+10, 1.4725e+15, 1.00344e+16, 3.38425e+08,   0.256769,  0.0311445
1.22557e+08,    26134.9, 3.36372e+06, 2.87579e+29, 3.03742e+24, 5.18808e+12,    2.26471, 5.63657e+27,    0.03468, 1.92874e-06, 1.06015e-17,          0, 2.28325e+14, 1.20715e+15, 3.22826e+10, 1.43551e+15, 9.51446e+15, 3.31705e+08,   0.266299,  0.0311126
1.23657e+08,    25734.5, 3.32928e+06, 2.93012e+29, 3.04761e+24, 5.25351e+12,    2.32254, 5.09843e+27,    0.03468, 1.8226e-06, 8.50584e-18,          0, 2.22525e+14, 1.17649e+15, 3.09806e+10, 1.39904e+15, 9.01276e+15, 3.25037e+08,   0.276374,  0.0310757
1.24757e+08,    25335.9, 3.29481e+06, 2.98457e+29, 3.05726e+24, 5.31958e+12,    2.38252, 4.60648e+27,    0.03468, 1.72121e-06, 6.80765e-18,          0, 2.1681e+14, 1.14627e+15, 2.97174e+10, 1.36311e+15, 8.52929e+15, 3.18423e+08,   0.287032,   0.031034
1.25857e+08,    24939.2, 3.26032e+06, 3.03913e+29, 3.06638e+24, 5.38631e+12,    2.44474, 4.1573e+27,    0.03468, 1.62442e-06, 5.43498e-18,          0, 2.11181e+14, 1.11651e+15, 2.84925e+10, 1.32772e+15, 8.06395e+15, 3.11863e+08,   0.298316,  0.0309875
1.26957e+08,    24544.3, 3.22581e+06, 3.09378e+29,  3.075e+24, 5.45372e+12,    2.50931, 3.74764e+27,    0.03468, 1.53209e-06, 4.32822e-18,          0, 2.05638e+14, 1.0872e+15, 2.73053e+10, 1.29287e+15, 7.61658e+15, 3.0536e+08,   0.310271,  0.0309362
1.28057e+08,    24151.4, 3.19129e+06, 3.1485e+29, 3.08314e+24, 5.52181e+12,    2.57633, 3.37445e+27,    0.03468, 1.44406e-06, 3.43814e-18,          0, 2.00181e+14, 1.05835e+15, 2.61552e+10, 1.25856e+15,  7.187e+15, 2.98913e+08,   0.322946,  0.0308803
1.29157e+08,    23760.6, 3.15677e+06, 3.20327e+29, 3.09082e+24, 5.59061e+12,    2.64591, 3.03489e+27,    0.03468, 1.3602e-06, 2.72413e-18,          0, 1.94811e+14, 1.02996e+15, 2.50416e+10, 1.22479e+15, 6.77499e+15, 2.92525e+08,   0.336394,  0.0308198
1.30257e+08,    23371.8, 3.12224e+06, 3.25807e+29, 3.09805e+24, 5.66013e+12,    2.71818, 2.7263e+27,    0.03468, 1.28036e-06, 2.15285e-18,          0, 1.89527e+14, 1.00203e+15, 2.39638e+10, 1.19158e+15, 6.38029e+15, 2.86195e+08,   0.350673,  0.0307548
1.31357e+08,    22985.2, 3.08772e+06, 3.31289e+29, 3.10486e+24, 5.73038e+12,    2.79325, 2.44619e+27,    0.03468, 1.20441e-06, 1.69695e-18,          0, 1.84331e+14, 9.74555e+14, 2.29213e+10, 1.15891e+15, 6.00262e+15, 2.79926e+08,   0.365847,  0.0306854
1.32457e+08,    22600.9, 3.0532e+06, 3.36771e+29, 3.11127e+24, 5.80138e+12,    2.87125, 2.19223e+27,    0.03468, 1.13219e-06, 1.33409e-18,          0, 1.79223e+14, 9.47546e+14, 2.19134e+10, 1.12679e+15, 5.64166e+15, 2.73718e+08,   0.381984,  0.0306116
1.33557e+08,    22218.8, 3.01869e+06, 3.42251e+29, 3.11728e+24, 5.87315e+12,    2.95234, 1.96226e+27,    0.03468, 1.06358e-06, 1.04604e-18,          0, 1.74202e+14,   9.21e+14, 2.09394e+10, 1.09522e+15, 5.29708e+15, 2.67571e+08,   0.399159,  0.0305335
1.34657e+08,    21839.1, 2.9842e+06, 3.47727e+29, 3.12293e+24, 5.9457e+12,    3.03664, 1.75427e+27,    0.03468, 9.98437e-07, 8.17984e-19,          0, 1.69268e+14, 8.94917e+14, 1.99987e+10, 1.06421e+15, 4.9685e+15, 2.61487e+08,   0.417453,  0.0304513
1.35757e+08,    21461.8, 2.94973e+06, 3.53198e+29, 3.12822e+24, 6.01906e+12,    3.12432, 1.56639e+27,    0.03468, 9.36633e-07, 6.37919e-19,          0, 1.64423e+14, 8.69297e+14, 1.90905e+10, 1.03374e+15, 4.65556e+15, 2.55466e+08,   0.436956,  0.0303649
1.36857e+08,      21087, 2.91528e+06, 3.58662e+29, 3.13317e+24, 6.09323e+12,    3.21554, 1.39689e+27,    0.03468, 8.78035e-07, 4.96131e-19,          0, 1.59664e+14, 8.44141e+14, 1.82143e+10, 1.00382e+15, 4.35785e+15, 2.4951e+08,   0.457764,  0.0302744
1.37957e+08,    20714.7, 2.88087e+06, 3.64117e+29, 3.13781e+24, 6.16823e+12,    3.31047, 1.24416e+27,    0.03468, 8.22518e-07, 3.84791e-19,          0, 1.54994e+14, 8.19448e+14, 1.73693e+10, 9.74459e+14, 4.07496e+15, 2.43619e+08,   0.479984,    0.03018
1.39057e+08,    20344.9, 2.84648e+06, 3.69561e+29, 3.14214e+24, 6.2441e+12,     3.4093, 1.10671e+27,    0.03468, 7.69957e-07, 2.97602e-19,          0, 1.50411e+14, 7.95216e+14, 1.65548e+10, 9.45644e+14, 3.80645e+15, 2.37793e+08,   0.503733,  0.0300818
1.40157e+08,    19977.8, 2.81214e+06, 3.74992e+29, 3.14619e+24, 6.32084e+12,    3.51222, 9.83181e+26,    0.03468, 7.20229e-07, 2.29518e-19,          0, 1.45915e+14, 7.71446e+14, 1.57702e+10, 9.17377e+14, 3.5519e+15, 2.32033e+08,   0.529139,  0.0299797
1.41257e+08,    19613.4, 2.77784e+06, 3.8041e+29, 3.14996e+24, 6.39847e+12,    3.61943, 8.72299e+26,    0.03468, 6.73217e-07, 1.76503e-19,          0, 1.41506e+14, 7.48136e+14, 1.50147e+10, 8.89657e+14, 3.31086e+15, 2.26341e+08,   0.556343,  0.0298739
1.42357e+08,    19251.7, 2.74358e+06, 3.85811e+29, 3.15348e+24, 6.47702e+12,    3.73116, 7.72899e+26,    0.03468, 6.28805e-07, 1.35341e-19,          0, 1.37183e+14, 7.25284e+14, 1.42876e+10, 8.62482e+14, 3.08288e+15, 2.20716e+08,   0.585498,  0.0297644
1.43457e+08,    18892.8, 2.70937e+06, 3.91195e+29, 3.15675e+24, 6.55651e+12,    3.84763, 6.8391e+26,    0.03468, 5.86879e-07, 1.03473e-19,          0, 1.32948e+14, 7.02889e+14, 1.35883e+10, 8.3585e+14, 2.86749e+15, 2.15159e+08,   0.616776,  0.0296514
1.44557e+08,    18536.8, 2.67522e+06, 3.9656e+29, 3.15979e+24, 6.63695e+12,    3.96908, 6.04347e+26,    0.03468, 5.4733e-07, 7.88746e-20,          0, 1.28798e+14, 6.80949e+14, 1.29161e+10, 8.09759e+14, 2.66424e+15, 2.09671e+08,   0.650363,  0.0295349
1.45657e+08,    18183.6, 2.64113e+06, 4.01904e+29, 3.16262e+24, 6.71838e+12,    4.09578, 5.33307e+26,    0.03468, 5.10051e-07, 5.99427e-20,          0, 1.24734e+14, 6.59461e+14, 1.22701e+10, 7.84207e+14, 2.47268e+15, 2.04252e+08,   0.686466,   0.029415
1.46757e+08,    17833.3, 2.6071e+06, 4.07225e+29, 3.16524e+24, 6.80081e+12,    4.22801, 4.69964e+26,    0.03468, 4.74939e-07, 4.54161e-20,          0, 1.20754e+14, 6.38424e+14, 1.16499e+10, 7.5919e+14, 2.29234e+15, 1.98903e+08,   0.725315,  0.0292918
1.47857e+08,    17485.9, 2.57314e+06, 4.12522e+29, 3.16766e+24, 6.88426e+12,    4.36604, 4.13561e+26,    0.03468, 4.41892e-07, 3.43036e-20,          0, 1.1686e+14, 6.17834e+14, 1.10546e+10, 7.34706e+14, 2.12276e+15, 1.93624e+08,   0.767162,  0.0291653
1.48957e+08,    17141.6, 2.53924e+06, 4.17793e+29, 3.16991e+24, 6.96877e+12,    4.51021, 3.63408e+26,    0.03468, 4.10813e-07, 2.5829e-20,          0, 1.1305e+14, 5.9769e+14, 1.04835e+10, 7.1075e+14, 1.96349e+15, 1.88414e+08,   0.812288,  0.0290357
1.50057e+08,    16800.3, 2.50542e+06, 4.23036e+29, 3.17199e+24, 7.05436e+12,    4.66083, 3.18874e+26,    0.03468, 3.81608e-07, 1.93862e-20,          0, 1.09323e+14, 5.77987e+14, 9.93608e+09, 6.8732e+14, 1.81409e+15, 1.83276e+08,   0.861004,  0.0289031
1.51157e+08,      16462, 2.47168e+06, 4.2825e+29, 3.1739e+24, 7.14105e+12,    4.81826, 2.79386e+26,    0.03468, 3.54185e-07, 1.45036e-20,          0, 1.0568e+14, 5.58723e+14, 9.41154e+09, 6.64412e+14, 1.6741e+15, 1.78209e+08,   0.913656,  0.0287674
1.52257e+08,    16126.9, 2.43802e+06, 4.33434e+29, 3.17567e+24, 7.22887e+12,    4.98288, 2.44424e+26,    0.03468, 3.28456e-07, 1.08153e-20,          0, 1.02118e+14, 5.39895e+14, 8.90923e+09, 6.42022e+14, 1.5431e+15, 1.73213e+08,   0.970629,  0.0286288
1.53357e+08,    15794.9, 2.40445e+06, 4.38586e+29, 3.1773e+24, 7.31785e+12,    5.15508, 2.13513e+26,    0.03468, 3.04336e-07, 8.03818e-21,          0, 9.86388e+13, 5.21499e+14, 8.4285e+09, 6.20146e+14, 1.42066e+15, 1.68289e+08,    1.03235,  0.0284874
1.54457e+08,    15466.1, 2.37096e+06, 4.43703e+29, 3.1788e+24, 7.40801e+12,     5.3353, 1.86225e+26,    0.03468, 2.81743e-07, 5.95403e-21,          0, 9.52402e+13, 5.03531e+14, 7.96868e+09, 5.98779e+14, 1.30636e+15, 1.63436e+08,    1.09931,  0.0283433
1.55557e+08,    15140.5, 2.33756e+06, 4.48786e+29, 3.18018e+24, 7.49939e+12,    5.52398, 1.6217e+26,    0.03468, 2.60598e-07, 4.39516e-21,          0, 9.19219e+13, 4.85987e+14, 7.52912e+09, 5.77916e+14, 1.19978e+15, 1.58656e+08,    1.17203,  0.0281965
1.56657e+08,    14818.1, 2.30426e+06, 4.53832e+29, 3.18144e+24, 7.59202e+12,    5.72161, 1.40999e+26,    0.03468, 2.40823e-07, 3.23315e-21,          0, 8.86832e+13, 4.68864e+14, 7.10917e+09, 5.57554e+14, 1.10054e+15, 1.53947e+08,    1.25112,  0.0280471
1.57757e+08,      14499, 2.27106e+06, 4.58839e+29, 3.1826e+24, 7.68593e+12,    5.92872, 1.22395e+26,    0.03468, 2.22347e-07, 2.36995e-21,          0, 8.55231e+13, 4.52157e+14, 6.70821e+09, 5.37687e+14, 1.00823e+15, 1.49311e+08,    1.33726,  0.0278952
1.58857e+08,    14183.2, 2.23796e+06, 4.63807e+29, 3.18366e+24, 7.78115e+12,    6.14586, 1.06071e+26,    0.03468, 2.05099e-07, 1.73097e-21,          0, 8.2441e+13, 4.35862e+14, 6.32561e+09, 5.18309e+14, 9.22493e+14, 1.44748e+08,     1.4312,  0.0277409
1.59957e+08,    13870.7, 2.20497e+06, 4.68734e+29, 3.18463e+24, 7.87771e+12,    6.37363, 9.17705e+25,    0.03468, 1.8901e-07, 1.25965e-21,          0, 7.9436e+13, 4.19974e+14, 5.96074e+09, 4.99416e+14, 8.42954e+14, 1.40257e+08,     1.5338,  0.0275842
1.61057e+08,    13561.6, 2.17208e+06, 4.73618e+29, 3.18552e+24, 7.97565e+12,    6.61265, 7.92636e+25,    0.03468, 1.74017e-07, 9.13259e-22,          0, 7.65073e+13, 4.0449e+14, 5.61302e+09, 4.81003e+14, 7.69262e+14, 1.35839e+08,    1.64602,  0.0274253
1.62157e+08,    13255.8, 2.13931e+06, 4.78459e+29, 3.18633e+24, 8.07501e+12,    6.86361, 6.83431e+25,    0.03468, 1.60058e-07, 6.59614e-22,          0, 7.36538e+13, 3.89404e+14, 5.28183e+09, 4.63063e+14, 7.01077e+14, 1.31494e+08,    1.76897,  0.0272642
1.63257e+08,    12953.4, 2.10665e+06, 4.83254e+29, 3.18706e+24, 8.17583e+12,    7.12725, 5.88236e+25,    0.03468, 1.47072e-07, 4.74579e-22,          0, 7.08748e+13, 3.74711e+14, 4.9666e+09, 4.45591e+14, 6.3807e+14, 1.27221e+08,    1.90387,   0.027101
1.64357e+08,    12654.4, 2.07411e+06, 4.88003e+29, 3.18773e+24, 8.27814e+12,    7.40436, 5.05394e+25,    0.03468, 1.35003e-07, 3.4011e-22,          0, 6.81694e+13, 3.60408e+14, 4.66674e+09, 4.28582e+14, 5.79927e+14, 1.23021e+08,    2.05214,  0.0269357
1.65457e+08,    12358.9, 2.04168e+06, 4.92704e+29, 3.18834e+24, 8.38198e+12,    7.69576, 4.33426e+25,    0.03468, 1.23797e-07, 2.42767e-22,          0, 6.55365e+13, 3.46488e+14, 4.38171e+09, 4.12029e+14, 5.26344e+14, 1.18893e+08,    2.21539,  0.0267686
1.66557e+08,    12066.8, 2.00938e+06, 4.97356e+29, 3.18889e+24, 8.48739e+12,    8.00238, 3.71016e+25,    0.03468, 1.13401e-07, 1.72578e-22,          0, 6.29752e+13, 3.32946e+14, 4.11095e+09, 3.95926e+14, 4.77032e+14, 1.14838e+08,    2.39543,  0.0265996
1.67657e+08,    11778.1, 1.97721e+06, 5.01958e+29, 3.18939e+24, 8.59443e+12,    8.32518, 3.16989e+25,    0.03468, 1.03768e-07, 1.22172e-22,          0, 6.04846e+13, 3.19779e+14, 3.85391e+09, 3.80267e+14, 4.31713e+14, 1.10856e+08,    2.59437,  0.0264287
1.68757e+08,    11492.9, 1.94517e+06, 5.06509e+29, 3.18984e+24, 8.70313e+12,    8.66522, 2.70306e+25,    0.03468, 9.48492e-08, 8.61209e-23,          0, 5.80636e+13, 3.06979e+14, 3.61008e+09, 3.65046e+14, 3.90122e+14, 1.06946e+08,    2.81462,  0.0262562
1.69857e+08,    11211.3, 1.91325e+06, 5.11007e+29, 3.19025e+24, 8.81354e+12,    9.02364, 2.30042e+25,    0.03468, 8.66003e-08, 6.04452e-23,          0, 5.57113e+13, 2.94542e+14, 3.37893e+09, 3.50257e+14, 3.52009e+14, 1.03109e+08,    3.05893,  0.0260821
1.70957e+08,    10933.1, 1.88147e+06, 5.15451e+29, 3.19062e+24, 8.92571e+12,    9.40165, 1.95381e+25,    0.03468, 7.89788e-08, 4.22367e-23,          0, 5.34266e+13, 2.82463e+14, 3.15996e+09, 3.35893e+14, 3.17132e+14, 9.93437e+07,    3.33049,  0.0259063
1.72057e+08,    10658.4, 1.84983e+06, 5.1984e+29, 3.19095e+24, 9.03969e+12,    9.80057,  1.656e+25,    0.03468, 7.19442e-08,  2.938e-23,          0, 5.12085e+13, 2.70736e+14, 2.95268e+09, 3.21947e+14, 2.85264e+14, 9.56505e+07,    3.63299,  0.0257292
1.73157e+08,    10387.3, 1.81832e+06, 5.24174e+29, 3.19125e+24, 9.15554e+12,    10.2218, 1.40063e+25,    0.03468, 6.54583e-08, 2.03424e-23,          0, 4.90559e+13, 2.59356e+14, 2.75661e+09, 3.08414e+14, 2.56189e+14, 9.20292e+07,     3.9707,  0.0255506
1.74257e+08,    10119.7, 1.78696e+06, 5.2845e+29, 3.19152e+24, 9.2733e+12,     10.667, 1.18208e+25,    0.03468, 5.94846e-08, 1.40183e-23,          0, 4.69678e+13, 2.48316e+14, 2.57128e+09, 2.95286e+14, 2.29703e+14, 8.84797e+07,    4.34861,  0.0253707
1.75357e+08,     9855.7, 1.75574e+06, 5.32669e+29, 3.19175e+24, 9.39304e+12,    11.1377, 9.95442e+24,    0.03468, 5.39889e-08, 9.61362e-24,          0, 4.49432e+13, 2.37612e+14, 2.39624e+09, 2.82558e+14, 2.05613e+14, 8.50016e+07,    4.77251,  0.0251895
1.76457e+08,    9595.21, 1.72467e+06, 5.36828e+29, 3.19197e+24, 9.51482e+12,    11.6358, 8.36377e+24,    0.03468, 4.89385e-08, 6.56031e-24,          0, 4.2981e+13, 2.27238e+14, 2.23105e+09, 2.70221e+14, 1.83736e+14, 8.15949e+07,     5.2492,  0.0250071
1.77557e+08,    9338.29, 1.69374e+06, 5.40928e+29, 3.19216e+24, 9.63869e+12,    12.1632, 7.01106e+24,    0.03468, 4.43027e-08, 4.45406e-24,          0,  4.108e+13, 2.17187e+14, 2.07528e+09, 2.58269e+14, 1.63902e+14, 7.82593e+07,    5.78667,  0.0248237
1.78657e+08,    9084.93, 1.66296e+06, 5.44967e+29, 3.19233e+24, 9.76473e+12,    12.7222, 5.86321e+24,    0.03468, 4.00524e-08, 3.00835e-24,          0, 3.92392e+13, 2.07455e+14, 1.92851e+09, 2.46697e+14, 1.45949e+14, 7.49945e+07,    6.39435,  0.0246392
1.79757e+08,    8835.14, 1.63234e+06, 5.48944e+29, 3.19248e+24, 9.89299e+12,    13.3149, 4.89138e+24,    0.03468, 3.61602e-08, 2.02108e-24,          0, 3.74576e+13, 1.98036e+14, 1.79033e+09, 2.35495e+14, 1.29726e+14, 7.18003e+07,    7.08338,  0.0244538
1.80857e+08,    8588.92, 1.60187e+06, 5.52859e+29, 3.19262e+24, 1.00236e+13,     13.944, 4.07047e+24,    0.03468, 3.26004e-08, 1.3504e-24,          0, 3.57341e+13, 1.88924e+14, 1.66035e+09, 2.24659e+14, 1.15092e+14, 6.86764e+07,    7.86704,  0.0242674
1.81957e+08,    8346.27, 1.57156e+06, 5.56711e+29, 3.19274e+24, 1.01565e+13,    14.6122, 3.37868e+24,    0.03468, 2.93487e-08, 8.97224e-25,          0, 3.40674e+13, 1.80112e+14, 1.53819e+09, 2.14181e+14, 1.01913e+14, 6.56227e+07,    8.76114,  0.0240803
1.83057e+08,    8107.21, 1.5414e+06, 5.60499e+29, 3.19284e+24, 1.02919e+13,    15.3225, 2.79709e+24,    0.03468, 2.63821e-08,  5.927e-25,          0, 3.24567e+13, 1.71596e+14, 1.42349e+09, 2.04054e+14, 9.0067e+13, 6.26387e+07,    9.78466,  0.0238924
1.84157e+08,    7871.72, 1.51141e+06, 5.64221e+29, 3.19293e+24, 1.04298e+13,    16.0783, 2.30938e+24,    0.03468, 2.36794e-08, 3.89219e-25,          0, 3.09006e+13, 1.6337e+14, 1.31588e+09, 1.94271e+14, 7.94378e+13, 5.97243e+07,    10.9605,  0.0237039
1.85257e+08,     7639.8, 1.48157e+06, 5.67879e+29, 3.19302e+24, 1.05704e+13,    16.8831, 1.90141e+24,    0.03468, 2.12202e-08, 2.54043e-25,          0, 2.93983e+13, 1.55427e+14, 1.21501e+09, 1.84826e+14, 6.99185e+13, 5.6879e+07,    12.3162,  0.0235147
1.86357e+08,    7411.46, 1.4519e+06, 5.7147e+29, 3.19309e+24, 1.07136e+13,     17.741, 1.56105e+24,    0.03468, 1.89858e-08, 1.64777e-25,          0, 2.79485e+13, 1.47762e+14, 1.12057e+09, 1.75711e+14, 6.14096e+13, 5.41028e+07,    13.8855,   0.023325
1.87457e+08,    7186.69, 1.4224e+06, 5.74995e+29, 3.19315e+24, 1.08597e+13,    18.6562, 1.27785e+24,    0.03468, 1.69585e-08, 1.0619e-25,          0, 2.65501e+13, 1.40369e+14, 1.03222e+09, 1.6692e+14, 5.38186e+13, 5.13951e+07,    15.7095,  0.0231348
1.88557e+08,    6965.49, 1.39306e+06, 5.78452e+29, 3.19321e+24, 1.10086e+13,    19.6336, 1.04287e+24,    0.03468, 1.51219e-08,  6.798e-26,          0, 2.52022e+13, 1.33242e+14, 9.49658e+08, 1.58445e+14, 4.70602e+13, 4.87559e+07,    17.8389,  0.0229443
1.89657e+08,    6747.86, 1.36389e+06, 5.81841e+29, 3.19326e+24, 1.11606e+13,    20.6784, 8.4844e+23,    0.03468, 1.34604e-08, 4.32218e-26,          0, 2.39035e+13, 1.26376e+14, 8.72579e+08, 1.50281e+14, 4.10556e+13, 4.63925e+07,    20.1164,   0.022769
1.90757e+08,    6533.79, 1.33489e+06, 5.85162e+29, 3.1933e+24, 1.13156e+13,    21.7964, 6.8804e+23,    0.03468, 1.19597e-08, 2.72868e-26,          0, 2.26531e+13, 1.19765e+14, 8.00698e+08, 1.42419e+14, 3.5732e+13, 4.40862e+07,    22.7639,  0.0225935
1.91857e+08,    6323.27, 1.30606e+06, 5.88414e+29, 3.19333e+24, 1.14739e+13,    22.9941, 5.56112e+23,    0.03468, 1.06064e-08, 1.71014e-26,          0, 2.14497e+13, 1.13403e+14, 7.33735e+08, 1.34853e+14, 3.10224e+13, 4.18369e+07,     25.855,  0.0224179
1.92957e+08,     6116.3, 1.2774e+06, 5.91596e+29, 3.19337e+24, 1.16355e+13,    24.2786, 4.47938e+23,    0.03468,  9.388e-09, 1.06375e-26,          0, 2.02924e+13, 1.07284e+14, 6.71426e+08, 1.27577e+14, 2.68655e+13, 3.96443e+07,    29.4807,  0.0222421
1.94057e+08,    5912.88, 1.24892e+06, 5.94709e+29, 3.19339e+24, 1.18006e+13,    25.6577, 3.59527e+23,    0.03468, 8.29295e-09, 6.56534e-27,          0,  1.918e+13, 1.01403e+14, 6.13514e+08, 1.20584e+14, 2.32048e+13, 3.75082e+07,    33.7549,  0.0220662
1.95157e+08,    5712.98, 1.22061e+06, 5.97752e+29, 3.19342e+24, 1.19694e+13,    27.1402, 2.87507e+23,    0.03468, 7.31045e-09, 4.01951e-27,          0, 1.81116e+13, 9.57547e+13, 5.59752e+08, 1.13867e+14, 1.99888e+13, 3.54284e+07,    38.8199,  0.0218904
1.96257e+08,    5516.62, 1.19248e+06, 6.00725e+29, 3.19344e+24, 1.21418e+13,    28.7358, 2.29041e+23,    0.03468, 6.43054e-09, 2.4404e-27,          0, 1.7086e+13, 9.03323e+13, 5.09904e+08, 1.07419e+14, 1.71705e+13, 3.34047e+07,    44.8562,  0.0217145
1.97357e+08,    5323.77, 1.16452e+06, 6.03626e+29, 3.19346e+24, 1.23182e+13,    30.4554, 1.81746e+23,    0.03468, 5.64397e-09, 1.4689e-27,          0, 1.61022e+13, 8.51309e+13, 4.63745e+08, 1.01234e+14, 1.47069e+13, 3.14369e+07,    52.0935,  0.0215387
1.98457e+08,    5134.44, 1.13674e+06, 6.06457e+29, 3.19347e+24, 1.24986e+13,    32.3111, 1.43628e+23,    0.03468, 4.94219e-09, 8.76235e-28,          0, 1.51591e+13, 8.01449e+13, 4.21057e+08, 9.53044e+13, 1.2559e+13, 2.95248e+07,    60.8269,  0.0213631
1.99557e+08,     4948.6, 1.10915e+06, 6.09217e+29, 3.19348e+24, 1.26832e+13,    34.3164, 1.13024e+23,    0.03468, 4.31731e-09, 5.17847e-28,          0, 1.42557e+13, 7.53688e+13, 3.81633e+08, 8.96249e+13, 1.06916e+13, 2.76683e+07,    71.4394,  0.0211876
2.00657e+08,    4766.25, 1.08173e+06, 6.11905e+29, 3.19349e+24, 1.28722e+13,    36.4867, 8.85493e+22,    0.03468, 3.76207e-09, 3.03093e-28,          0, 1.3391e+13, 7.07971e+13, 3.45274e+08, 8.41885e+13, 9.07243e+12, 2.58672e+07,    84.4326,  0.0210124
2.01757e+08,    4587.38, 1.05449e+06, 6.14522e+29, 3.1935e+24, 1.30658e+13,     38.839, 6.90566e+22,    0.03468, 3.26975e-09, 1.7562e-28,          0, 1.25639e+13, 6.64245e+13, 3.11792e+08, 7.89888e+13, 7.6727e+12, 2.41215e+07,     100.47,  0.0208374
2.02857e+08,    4411.97, 1.02744e+06, 6.17068e+29, 3.19351e+24, 1.32643e+13,    41.3926, 5.35982e+22,    0.03468, 2.83421e-09, 1.00697e-28,          0, 1.17735e+13, 6.22457e+13, 2.81005e+08, 7.40195e+13, 6.46632e+12, 2.24309e+07,    120.441,  0.0206627
2.03957e+08,    4240.02, 1.00057e+06, 6.19542e+29, 3.19352e+24, 1.34677e+13,    44.1694, 4.13934e+22,    0.03468, 2.44979e-09, 5.71098e-29,          0, 1.10187e+13, 5.82553e+13, 2.52741e+08, 6.92743e+13, 5.42984e+12, 2.07955e+07,    145.549,  0.0204884
2.05057e+08,    4071.52,     973879, 6.21944e+29, 3.19352e+24, 1.36764e+13,    47.1941, 3.1802e+22,    0.03468, 2.11132e-09, 3.20221e-29,          0, 1.02986e+13, 5.44481e+13, 2.26835e+08, 6.47469e+13, 4.54225e+12, 1.92152e+07,    177.451,  0.0203146
2.06157e+08,    3906.45,     947375, 6.24275e+29, 3.19353e+24, 1.38905e+13,    50.4947, 2.43008e+22,    0.03468, 1.81404e-09, 1.77424e-29,          0, 9.61218e+12, 5.08189e+13, 2.03132e+08, 6.04312e+13, 3.78475e+12,  1.769e+07,    218.456,  0.0201412
2.07257e+08,     3744.8,     921056, 6.26534e+29, 3.19353e+24, 1.41104e+13,    54.1033, 1.84638e+22,    0.03468, 1.55364e-09, 9.70877e-30,          0, 8.95844e+12, 4.73626e+13, 1.81483e+08, 5.63212e+13, 3.14056e+12, 1.62199e+07,    271.836,  0.0199683
2.08357e+08,    3586.55,     894923, 6.28722e+29, 3.19353e+24, 1.43363e+13,    58.0565, 1.39456e+22,    0.03468, 1.32616e-09, 5.24382e-30,          0, 8.33644e+12, 4.40741e+13, 1.61745e+08, 5.24107e+13, 2.59478e+12, 1.48051e+07,    342.318,   0.019796
2.09457e+08,     3431.7,     868975, 6.30839e+29, 3.19354e+24, 1.45686e+13,    62.3962, 1.04676e+22,    0.03468, 1.12801e-09, 2.79377e-30,          0, 7.74524e+12, 4.09484e+13, 1.43787e+08, 4.86938e+13, 2.13415e+12, 1.34456e+07,    436.864,  0.0196243
2.10557e+08,    3280.24,     843213, 6.32884e+29, 3.19354e+24, 1.48075e+13,    67.1706, 7.80579e+21,    0.03468, 9.55938e-10, 1.46722e-30,          0, 7.1839e+12, 3.79807e+13, 1.27479e+08, 4.51647e+13, 1.74697e+12, 1.21418e+07,    565.958,  0.0194533
2.11657e+08,    3132.14,     817638, 6.34859e+29, 3.19354e+24, 1.50535e+13,    72.4355, 5.78094e+21,    0.03468, 8.06975e-10, 7.59002e-31,          0, 6.6515e+12, 3.51659e+13, 1.12703e+08, 4.18175e+13, 1.42291e+12, 1.08938e+07,    745.803,  0.0192829
2.12757e+08,    2987.39,     792250, 6.36764e+29, 3.19354e+24, 1.53068e+13,    78.2552, 4.25045e+21,    0.03468, 6.78448e-10, 3.86445e-31,          0, 6.14713e+12, 3.24994e+13, 9.93432e+07, 3.86466e+13, 1.15289e+12, 9.70219e+06,    1002.16,  0.0191134
2.13767e+08,    2857.44,     769104, 6.3845e+29, 3.19354e+24, 1.55463e+13,    84.1516, 3.18333e+21,    0.03468, 5.76358e-10, 2.04888e-31,          0, 5.70794e+12, 3.01774e+13, 8.82327e+07, 3.58855e+13, 9.45718e+11, 8.56734e+06,    1377.35,  0.0189446
2.14777e+08,    2730.29,     746116, 6.40078e+29, 3.19354e+24, 1.57926e+13,    90.6463, 2.36805e+21,    0.03468, 4.87764e-10, 1.07027e-31,          0, 5.29094e+12, 2.79728e+13, 7.81475e+07, 3.32638e+13, 7.71979e+11, 7.48996e+06,    1943.61,  0.0187767
2.15787e+08,    2605.94,     723286, 6.41647e+29, 3.19354e+24, 1.60463e+13,    97.8173, 1.74906e+21,    0.03468, 4.11132e-10, 5.50399e-32,          0, 4.89545e+12, 2.58819e+13, 6.9013e+07, 3.07774e+13, 6.26914e+11, 6.47085e+06,    2829.82,  0.0186097
2.16797e+08,    2484.38,     700615, 6.43158e+29, 3.19355e+24, 1.63077e+13,    105.755, 1.28219e+21,    0.03468, 3.45074e-10, 2.78419e-32,          0, 4.52081e+12, 2.39011e+13, 6.07586e+07, 2.8422e+13, 5.06348e+11, 5.51108e+06,    4278.31,  0.0184437
2.17807e+08,     2365.6,     678102, 6.44612e+29, 3.19355e+24, 1.65772e+13,    114.565, 9.32517e+20,    0.03468, 2.88336e-10, 1.38406e-32,          0, 4.16635e+12, 2.20271e+13, 5.33176e+07, 2.61935e+13, 4.06627e+11, 4.61195e+06,    6774.68,  0.0182787
2.18817e+08,     2249.6,     655748, 6.46007e+29, 3.19355e+24, 1.68553e+13,    124.371, 6.72533e+20,    0.03468, 2.39788e-10, 6.75473e-33,          0, 3.83142e+12, 2.02564e+13, 4.6627e+07, 2.40879e+13, 3.24569e+11, 3.77517e+06,    11370.9,  0.0181148
2.19827e+08,    2136.35,     633552, 6.47346e+29, 3.19355e+24, 1.71425e+13,    135.319, 4.80736e+20,    0.03468, 1.98416e-10, 3.2328e-33,          0, 3.51539e+12, 1.85856e+13, 4.06274e+07, 2.2101e+13, 2.57409e+11, 3.00291e+06,    20582.4,  0.0179521
2.20837e+08,    2025.86,     611515, 6.48628e+29, 3.19355e+24, 1.74395e+13,    147.581, 3.40405e+20,    0.03468, 1.6331e-10, 1.51546e-33,          0, 3.21762e+12, 1.70113e+13, 3.52628e+07, 2.02289e+13, 2.02758e+11, 2.29805e+06,      41250,  0.0177905
2.21847e+08,    1918.12,     589636, 6.49854e+29, 3.19355e+24, 1.77467e+13,     161.36, 2.38627e+20,    0.03468, 1.33655e-10, 6.94913e-34,          0, 2.93749e+12, 1.55303e+13, 3.04807e+07, 1.84678e+13, 1.58555e+11, 1.66449e+06,    95564.8,  0.0176302
2.22857e+08,    1813.11,     567915, 6.51025e+29, 3.19355e+24, 1.80649e+13,    176.902, 1.65497e+20,    0.03468, 1.08726e-10, 3.11244e-34,          0, 2.6744e+12, 1.41393e+13, 2.62315e+07, 1.68137e+13, 1.23033e+11, 1.10774e+06,     276693,  0.0174713
2.23867e+08,    1710.84,     546352, 6.5214e+29, 3.19355e+24, 1.83949e+13,    194.499, 1.13472e+20,    0.03468, 8.78771e-11, 1.35943e-34,          0, 2.42773e+12, 1.28352e+13, 2.24689e+07, 1.52629e+13, 9.4684e+10,     636194, 1.18086e+06,  0.0173138
2.24877e+08,    1611.29,     524948, 6.53201e+29, 3.19355e+24, 1.87374e+13,    214.507, 7.68531e+19,    0.03468, 7.05365e-11, 5.77995e-35,          0, 2.19689e+12, 1.16148e+13, 1.91494e+07, 1.38117e+13, 7.22253e+10,     264259, 9.80127e+06,  0.0171578
2.25887e+08,    1514.46,     503701, 6.54209e+29, 3.19355e+24, 1.90934e+13,    237.357, 5.13706e+19,    0.03468, 5.61987e-11, 2.38747e-35,          0, 1.9813e+12, 1.0475e+13, 1.62323e+07, 1.24563e+13, 5.45732e+10,    11732.2,    2.05383,  0.0169868
2.26897e+08,    1420.35,     482612, 6.55163e+29, 3.19355e+24, 1.94638e+13,    263.579, 3.3854e+19,    0.03468, 4.44186e-11, 9.55952e-36,          0, 1.78038e+12, 9.41272e+12, 1.36799e+07, 1.11931e+13, 4.0816e+10,          0,       -nan,       -nan
2.27907e+08,    1328.96,     461680, 6.56065e+29, 3.19355e+24,  1.985e+13,    293.826, 2.19712e+19,    0.03468, 3.48058e-11, 3.70115e-36,          0, 1.59357e+12, 8.42506e+12, 1.14566e+07, 1.00186e+13, 3.01918e+10,          0,       -nan,       -nan
2.28917e+08,    1240.27,     440905, 6.56916e+29, 3.19355e+24, 2.02531e+13,    328.913, 1.40247e+19,    0.03468, 2.70192e-11, 1.38173e-36,          0, 1.4203e+12, 7.50901e+12, 9.5295e+06, 8.92933e+12, 2.20678e+10,          0,       -nan,       -nan
2.29927e+08,     1154.3,     420287, 6.57715e+29, 3.19355e+24, 2.06746e+13,    369.862, 8.79224e+18,    0.03468, 2.07624e-11, 4.95811e-37,          0, 1.26003e+12, 6.66169e+12, 7.86815e+06, 7.92173e+12, 1.59216e+10,          0,       -nan,       -nan
2.30937e+08,    1071.04,     399825, 6.58465e+29, 3.19355e+24, 2.11161e+13,     417.97, 5.40453e+18,    0.03468, 1.57782e-11, 1.70392e-37,          0, 1.11222e+12, 5.88023e+12, 6.44419e+06, 6.99246e+12, 1.13256e+10,          0,       -nan,       -nan
2.31947e+08,    990.488,     379518, 6.59165e+29, 3.19355e+24, 2.15795e+13,    474.904, 3.25125e+18,    0.03468, 1.18456e-11, 5.58501e-38,          0, 9.76339e+11, 5.16182e+12, 5.23144e+06, 6.13816e+12, 7.93222e+09,          0,       -nan,       -nan
2.32957e+08,    912.659,     359368, 6.59818e+29, 3.19355e+24, 2.2067e+13,     542.82, 1.91001e+18,    0.03468, 8.77486e-12, 1.7377e-38,          0, 8.51855e+11, 4.50369e+12, 4.20578e+06, 5.35554e+12, 5.4615e+09,          0,       -nan,       -nan
2.33967e+08,    837.556,     339372, 6.60423e+29, 3.19355e+24, 2.25811e+13,    624.555,  1.093e+18,    0.03468, 6.40461e-12, 5.10389e-39,          0, 7.38257e+11, 3.9031e+12, 3.34498e+06, 4.64136e+12,   3.69e+09,          0,       -nan,       -nan
2.34977e+08,    765.188,     319530, 6.60982e+29, 3.19355e+24, 2.31247e+13,    723.888, 6.07468e+17,    0.03468, 4.59825e-12, 1.40605e-39,          0, 6.35037e+11, 3.35738e+12, 2.62869e+06, 3.99242e+12, 2.44131e+09,          0,       -nan,       -nan
2.35987e+08,     695.57,     299843, 6.61496e+29, 3.19355e+24, 2.37013e+13,    845.934, 3.2677e+17,    0.03468, 3.24109e-12, 3.60549e-40,          0, 5.41692e+11, 2.86388e+12, 2.03828e+06, 3.40557e+12, 1.57768e+09,          0,       -nan,       -nan
2.36997e+08,    628.716,     280309, 6.61966e+29, 3.19355e+24, 2.43148e+13,    997.739, 1.69427e+17,    0.03468, 2.23756e-12, 8.52819e-41,          0, 4.5773e+11, 2.41998e+12, 1.55681e+06, 2.87771e+12, 9.9295e+08,          0,       -nan,       -nan
2.38007e+08,    564.649,     260927, 6.62393e+29, 3.19355e+24, 2.49702e+13,     1189.2, 8.42537e+16,    0.03468, 1.50879e-12, 1.84053e-41,          0, 3.82662e+11, 2.0231e+12, 1.16887e+06, 2.40577e+12, 6.06456e+08,          0,       -nan,       -nan
2.39017e+08,    503.394,     241697, 6.62778e+29, 3.19355e+24, 2.56733e+13,    1434.53, 3.9942e+16,    0.03468, 9.90309e-13, 3.57649e-42,          0, 3.16008e+11, 1.67071e+12,     860552, 1.98672e+12, 3.57888e+08,          0,       -nan,       -nan
2.40027e+08,    444.983,     222619, 6.63123e+29, 3.19355e+24, 2.64316e+13,    1754.68, 1.79169e+16,    0.03468, 6.3004e-13, 6.15563e-43,          0, 2.57291e+11, 1.36027e+12,     619354, 1.61757e+12, 2.02975e+08,          0,       -nan,       -nan
2.41037e+08,    389.457,     203691, 6.63429e+29, 3.19355e+24, 2.7254e+13,    2181.44, 7.53377e+15,    0.03468, 3.86478e-13, 9.1929e-44,          0, 2.06039e+11, 1.08931e+12,     434090, 1.29535e+12, 1.09891e+08,          0,       -nan,       -nan
2.42047e+08,    336.863,     184913, 6.63698e+29, 3.19355e+24, 2.81521e+13,    2764.73, 2.93409e+15,    0.03468, 2.2704e-13, 1.16029e-44,          0, 1.61786e+11, 8.55347e+11,     294825, 1.01713e+12, 5.63076e+07,          0,       -nan,       -nan
2.43057e+08,    287.262,     166285, 6.63931e+29, 3.19355e+24, 2.88477e+13,    3586.23, 1.04193e+15,    0.03468, 1.26608e-13, 1.19585e-45,          0, 1.24065e+11, 6.5592e+11,     192796, 7.79985e+11, 2.70003e+07,          0,       -nan,       -nan
2.44067e+08,     240.73,     147804, 6.64129e+29, 3.19355e+24, 2.88477e+13,    4786.25, 3.30346e+14,    0.03468, 6.62292e-14,   9.61e-47,          0, 9.24132e+10, 4.8858e+11,     120347, 5.80994e+11, 1.19346e+07,          0,       -nan,       -nan
2.45077e+08,    197.359,     129471, 6.64295e+29, 3.19355e+24, 2.88477e+13,    6620.74, 9.08237e+13,    0.03468, 3.19682e-14, 5.64813e-48,          0, 6.63662e+10, 3.50872e+11,    70855.7, 4.17238e+11, 4.76202e+06,          0,       -nan,       -nan
2.46087e+08,     157.27,     111284, 6.64431e+29, 3.19355e+24, 2.88477e+13,    9593.34, 2.07603e+13,    0.03468, 1.39043e-14, 2.21345e-49,          0, 4.54566e+10, 2.40325e+11,    38673.6, 2.85782e+11, 1.66412e+06,          0,       -nan,       -nan
2.47097e+08,     120.62,      93242, 6.64538e+29, 3.19355e+24, 2.88477e+13,    14797.1, 3.70035e+12,    0.03468, 5.25581e-15, 5.02492e-51,          0, 2.92111e+10, 1.54436e+11,    19060.6, 1.83648e+11,     486412,          0,       -nan,       -nan
2.48107e+08,    87.6153,    75344.8, 6.64619e+29, 3.19355e+24, 2.88477e+13,    24942.9, 4.63231e+11,    0.03468, 1.62768e-15, 5.25263e-53,          0, 1.71456e+10, 9.0647e+10,    8126.48, 1.07793e+11,     110316,          0,       -nan,       -nan
2.49117e+08,    58.5504,    57590.8, 6.64676e+29, 3.19355e+24, 2.88477e+13,    48179.3, 3.37267e+10,    0.03468, 3.71295e-16, 1.67108e-55,          0, 8.75794e+09, 4.63024e+10,    2773.98, 5.50604e+10,    16953.8,          0,       -nan,       -nan
2.50127e+08,    33.8648,      39979, 6.64712e+29, 3.19355e+24, 2.88477e+13,     117825, 9.60265e+08,    0.03468, 4.98714e-17, 6.77086e-59,          0, 3.5164e+09, 1.85909e+10,    644.196, 2.21073e+10,     1327.8,          0,       -nan,       -nan
2.51137e+08,    14.3057,    22508.1, 6.64731e+29, 3.19355e+24, 2.88477e+13,     481387, 3.54683e+06,    0.03468, 2.11662e-18, 3.10103e-64,          0, 8.36311e+08, 4.4215e+09,    64.7214, 5.25781e+09,    23.9986,          0,       -nan,       -nan
2.52277e+08,   0.680944,    2956.25, 6.64737e+29, 3.19355e+24, 2.89275e+13, 6.95683e+07, 0.00900021,    0.03468, 2.99813e-23,          0,          0, 5.22843e+06, 2.76422e+07,  0.0192599, 3.28706e+07, 1.63278e-05,          0,       -nan,       -nan
