X = 0.734
Y = 0.25
Z = 0.016
mu = 0.601142
    Radius,    Density,       Temp,       Mass,        Lum,       OptD,        Kff,         KH,        Kes,         PP,        CNO,         3a,        Deg,        Gas,        Rad,    TotPres,       dLdr,     dPdT,      dTRad,     dTConv
         0,          0,          0,          0,          0,          0,       -nan,          0,    0.03468,          0,          0,          0,          0,          0,          0,          0,          0,          0,       -nan,       -nan
      0.01,      64876, 5.44503e+06,     271752,    8.93373,      51448,   0.793021, 6.77754e+29,    0.03468, 3.28746e-05, 3.82758e-13, 6.12984e-66, 1.0391e+15, 4.8507e+15, 2.21661e+11, 5.89003e+15, 0.00268012, 9.46352e+08, 1.09395e-05, 4.5345e-06
1.0033e+06,    64872.1, 5.44481e+06, 2.74438e+23, 9.02083e+18, 5.16183e+10,   0.793099, 6.77488e+29,    0.03468, 3.28673e-05, 3.82429e-13, 6.11826e-66,  1.039e+15, 4.85021e+15, 2.21626e+11, 5.88943e+15, 2.69706e+13, 9.46289e+08, 0.00109755, 0.000454926
2.0033e+06,    64860.4, 5.44415e+06, 2.18447e+24, 7.17754e+19, 1.03071e+11,   0.793333, 6.76695e+29,    0.03468, 3.28456e-05, 3.81447e-13, 6.08382e-66, 1.03869e+15, 4.84876e+15, 2.21519e+11, 5.88767e+15, 1.07438e+14, 9.46099e+08, 0.00219688, 0.000910515
3.0083e+06,    64840.8, 5.44306e+06, 7.39594e+24, 2.42848e+20, 1.54789e+11,   0.793724, 6.75369e+29,    0.03468, 3.28093e-05, 3.79809e-13, 6.02656e-66, 1.03816e+15, 4.84632e+15, 2.21341e+11, 5.88471e+15, 2.41934e+14, 9.45781e+08, 0.00329607, 0.00136588
4.0133e+06,    64813.4, 5.44152e+06, 1.7556e+25, 5.75921e+20, 2.06518e+11,   0.794272, 6.73515e+29,    0.03468, 3.27584e-05, 3.77524e-13, 5.94724e-66, 1.03743e+15, 4.84291e+15, 2.21092e+11, 5.88056e+15, 4.29735e+14, 9.45337e+08, 0.00439505, 0.00182092
5.0133e+06,    64778.4, 5.43956e+06, 3.42098e+25, 1.12091e+21, 2.58006e+11,   0.794974, 6.71151e+29,    0.03468, 3.26935e-05, 3.74622e-13, 5.84729e-66, 1.0365e+15, 4.83854e+15, 2.20773e+11, 5.87526e+15, 6.6888e+14, 9.44766e+08, 0.00549373, 0.00227552
6.05596e+06,    64733.6, 5.43705e+06, 6.02766e+25, 1.97201e+21, 3.11712e+11,   0.795873, 6.68141e+29,    0.03468, 3.26107e-05, 3.70943e-13, 5.72193e-66, 1.0353e+15, 4.83297e+15, 2.20366e+11, 5.86849e+15, 9.72894e+14, 9.44045e+08, 0.00662652, 0.00274382
7.15596e+06,    64677.2, 5.4339e+06, 9.93977e+25, 3.24569e+21, 3.68399e+11,   0.797006, 6.64369e+29,    0.03468, 3.25067e-05, 3.66362e-13, 5.56788e-66, 1.0338e+15, 4.82596e+15, 2.19855e+11, 5.85998e+15, 1.35291e+15, 9.43133e+08, 0.00782816,    0.00324
8.25596e+06,    64611.5, 5.43022e+06, 1.5255e+26, 4.97019e+21, 4.25119e+11,    0.79833, 6.59995e+29,    0.03468, 3.23858e-05, 3.6109e-13, 5.3934e-66, 1.03205e+15, 4.81779e+15, 2.1926e+11, 5.85006e+15, 1.7923e+15, 9.4207e+08,  0.0090292, 0.00373525
9.35596e+06,    64536.6, 5.42602e+06, 2.21856e+26, 7.20987e+21, 4.81879e+11,   0.799845, 6.55033e+29,    0.03468, 3.22482e-05, 3.55157e-13, 5.20069e-66, 1.03006e+15, 4.80848e+15, 2.18582e+11, 5.83875e+15, 2.28928e+15, 9.40973e+08,  0.0101205, 0.00418455
1.0456e+07,    64452.3, 5.42129e+06, 3.09426e+26, 1.0027e+22, 5.38684e+11,   0.801554, 6.49494e+29,    0.03468, 3.20941e-05, 3.48599e-13, 4.99211e-66, 1.02782e+15, 4.79802e+15, 2.17822e+11, 5.82605e+15, 2.84185e+15, 9.39623e+08,  0.0113202, 0.00467761
1.1556e+07,    64358.8, 5.41605e+06, 4.17355e+26, 1.34815e+22, 5.95537e+11,   0.803457, 6.43394e+29,    0.03468, 3.19238e-05, 3.41454e-13, 4.77014e-66, 1.02533e+15, 4.78642e+15, 2.1698e+11, 5.81198e+15, 3.44782e+15, 9.38125e+08,  0.0125191, 0.00516933
1.2656e+07,    64256.1, 5.41029e+06, 5.47719e+26, 1.76309e+22, 6.52446e+11,   0.805555, 6.36751e+29,    0.03468, 3.17374e-05, 3.33763e-13, 4.53734e-66, 1.02261e+15, 4.7737e+15, 2.16058e+11, 5.79653e+15, 4.10474e+15, 9.36477e+08,  0.0137171, 0.00565956
1.3756e+07,    64144.3, 5.40401e+06, 7.02573e+26, 2.25297e+22, 7.09415e+11,    0.80785, 6.29581e+29,    0.03468, 3.15353e-05, 3.2557e-13, 4.2963e-66, 1.01964e+15, 4.75986e+15, 2.15057e+11, 5.77972e+15, 4.81002e+15, 9.34682e+08,  0.0149142, 0.00614816
1.4856e+07,    64023.3, 5.39721e+06, 8.83955e+26, 2.82296e+22, 7.6645e+11,   0.810345, 6.21904e+29,    0.03468, 3.13178e-05, 3.1692e-13, 4.04958e-66, 1.01644e+15, 4.74491e+15, 2.13977e+11, 5.76157e+15, 5.56085e+15, 9.3274e+08,  0.0161103, 0.00663499
1.5956e+07,    63893.3, 5.3899e+06, 1.09388e+27, 3.47792e+22, 8.23555e+11,    0.81304, 6.13741e+29,    0.03468, 3.10853e-05, 3.07861e-13, 3.79968e-66,  1.013e+15, 4.72886e+15, 2.1282e+11, 5.74208e+15, 6.35427e+15, 9.30652e+08,  0.0173054, 0.00711991
1.7056e+07,    63754.3, 5.38208e+06, 1.33432e+27, 4.22235e+22, 8.80737e+11,   0.815938, 6.05112e+29,    0.03468, 3.0838e-05, 2.9844e-13, 3.54899e-66, 1.00933e+15, 4.71173e+15, 2.11588e+11, 5.72127e+15, 7.18716e+15, 9.28419e+08,  0.0184995, 0.00760279
1.8156e+07,    63606.3, 5.37375e+06, 1.60726e+27, 5.06042e+22,   9.38e+11,   0.819041, 5.9604e+29,    0.03468, 3.05763e-05, 2.88708e-13, 3.29976e-66, 1.00543e+15, 4.69351e+15, 2.10281e+11, 5.69916e+15, 8.05627e+15, 9.26041e+08,  0.0196925, 0.00808349
1.9256e+07,    63449.5, 5.36491e+06, 1.91462e+27, 5.99593e+22, 9.9535e+11,   0.822351, 5.8655e+29,    0.03468, 3.03007e-05, 2.78714e-13, 3.05406e-66, 1.0013e+15, 4.67424e+15,  2.089e+11, 5.67575e+15, 8.9582e+15, 9.2352e+08,  0.0208845, 0.00856188
2.0356e+07,    63283.7, 5.35556e+06, 2.25831e+27, 7.0323e+22, 1.05279e+12,   0.825871, 5.76664e+29,    0.03468, 3.00116e-05, 2.68507e-13, 2.81379e-66, 9.96947e+14, 4.65391e+15, 2.07449e+11, 5.65106e+15, 9.88949e+15, 9.20858e+08,  0.0220755, 0.00903782
2.1456e+07,    63109.3, 5.34571e+06, 2.64019e+27, 8.17256e+22, 1.11033e+12,   0.829604, 5.66407e+29,    0.03468, 2.97093e-05, 2.58136e-13, 2.58061e-66, 9.9237e+14, 4.63254e+15, 2.05927e+11, 5.62512e+15, 1.08465e+16, 9.18054e+08,  0.0232655, 0.00951117
2.2556e+07,    62926.1, 5.33537e+06, 3.06211e+27, 9.41935e+22, 1.16798e+12,   0.833552, 5.55806e+29,    0.03468, 2.93943e-05, 2.47651e-13, 2.35596e-66, 9.87574e+14, 4.61016e+15, 2.04337e+11, 5.59793e+15, 1.18257e+16, 9.15111e+08,  0.0244544, 0.00998182
2.3656e+07,    62734.3, 5.32452e+06, 3.52587e+27, 1.07749e+23, 1.22573e+12,   0.837719, 5.44887e+29,    0.03468, 2.90672e-05, 2.37097e-13, 2.14106e-66, 9.82563e+14, 4.58676e+15, 2.0268e+11, 5.56953e+15, 1.28233e+16, 9.12029e+08,  0.0256425,  0.0104496
2.4756e+07,      62534, 5.31318e+06, 4.03325e+27, 1.2241e+23, 1.2836e+12,   0.842107, 5.33675e+29,    0.03468, 2.87282e-05, 2.2652e-13, 1.93687e-66, 9.77339e+14, 4.56237e+15, 2.00959e+11, 5.53991e+15, 1.38355e+16, 9.08811e+08,  0.0268296,  0.0109145
2.5856e+07,    62325.2, 5.30134e+06, 4.58596e+27, 1.38191e+23, 1.34158e+12,    0.84672, 5.22197e+29,    0.03468, 2.83781e-05, 2.15965e-13, 1.74416e-66, 9.71906e+14, 4.53701e+15, 1.99174e+11, 5.50912e+15, 1.48586e+16, 9.05457e+08,   0.028016,  0.0113762
2.6956e+07,      62108, 5.28902e+06, 5.18571e+27, 1.55102e+23, 1.3997e+12,   0.851562, 5.10481e+29,    0.03468, 2.80171e-05, 2.05472e-13, 1.56344e-66, 9.66267e+14, 4.51069e+15, 1.97329e+11, 5.47716e+15, 1.58888e+16, 9.01969e+08,  0.0292017,  0.0118347
2.8056e+07,    61882.5, 5.27621e+06, 5.83414e+27, 1.73148e+23, 1.45794e+12,   0.856636, 4.98554e+29,    0.03468, 2.7646e-05, 1.95082e-13, 1.39503e-66, 9.60428e+14, 4.48343e+15, 1.95424e+11, 5.44405e+15, 1.69223e+16, 8.98348e+08,  0.0303868,  0.0122899
2.9156e+07,    61648.8, 5.26292e+06, 6.53288e+27, 1.9233e+23, 1.51632e+12,   0.861947, 4.86442e+29,    0.03468, 2.72651e-05, 1.8483e-13, 1.23907e-66, 9.5439e+14, 4.45524e+15, 1.93462e+11, 5.40983e+15, 1.79554e+16, 8.94597e+08,  0.0315715,  0.0127416
3.0256e+07,      61407, 5.24914e+06, 7.28347e+27, 2.12648e+23, 1.57485e+12,   0.867498, 4.74172e+29,    0.03468, 2.6875e-05, 1.74751e-13, 1.0955e-66, 9.48159e+14, 4.42616e+15, 1.91445e+11, 5.37451e+15, 1.89844e+16, 8.90716e+08,  0.0327559,  0.0131898
3.1356e+07,    61157.1, 5.2349e+06, 8.08745e+27, 2.34093e+23, 1.63352e+12,   0.873294, 4.61771e+29,    0.03468, 2.64762e-05, 1.64877e-13, 9.64121e-67, 9.41738e+14, 4.39618e+15, 1.89375e+11, 5.33811e+15, 2.00056e+16, 8.86707e+08,  0.0339401,  0.0136342
3.2456e+07,    60899.4, 5.22018e+06, 8.94629e+27, 2.56656e+23, 1.69235e+12,    0.87934, 4.49265e+29,    0.03468, 2.60693e-05, 1.55234e-13, 8.44604e-67, 9.35132e+14, 4.36534e+15, 1.87254e+11, 5.30066e+15, 2.10155e+16, 8.82573e+08,  0.0351245,  0.0140748
3.3556e+07,    60633.8, 5.20499e+06, 9.86143e+27, 2.80322e+23, 1.75133e+12,    0.88564, 4.36681e+29,    0.03468, 2.56548e-05, 1.4585e-13, 7.36504e-67, 9.28345e+14, 4.33366e+15, 1.85084e+11, 5.26219e+15, 2.20106e+16, 8.78314e+08,  0.0363091,  0.0145115
3.4656e+07,    60360.4, 5.18933e+06, 1.08342e+28, 3.05073e+23, 1.81049e+12,     0.8922, 4.24043e+29,    0.03468, 2.52333e-05, 1.36746e-13, 6.39285e-67, 9.21381e+14, 4.30115e+15, 1.82867e+11, 5.22271e+15, 2.29876e+16, 8.74337e+08,  0.0373865,   0.014905
3.5756e+07,    60079.5, 5.17322e+06, 1.18661e+28, 3.30887e+23, 1.86981e+12,   0.899024, 4.11378e+29,    0.03468, 2.48054e-05, 1.2794e-13, 5.52345e-67, 9.14244e+14, 4.26784e+15, 1.80607e+11, 5.18226e+15, 2.3943e+16, 8.69846e+08,  0.0385724,  0.0153339
3.6856e+07,    59791.1, 5.15665e+06, 1.29582e+28, 3.57739e+23, 1.92932e+12,   0.906119, 3.98708e+29,    0.03468, 2.43715e-05, 1.19451e-13, 4.75029e-67, 9.06941e+14, 4.23374e+15, 1.78303e+11, 5.14086e+15, 2.48739e+16, 8.65237e+08,  0.0397594,  0.0157585
3.7956e+07,    59495.2, 5.13962e+06, 1.41118e+28, 3.85599e+23, 1.98901e+12,    0.91349, 3.86058e+29,    0.03468, 2.39322e-05, 1.1129e-13, 4.0665e-67, 8.99474e+14, 4.19889e+15, 1.75961e+11, 5.09854e+15, 2.57772e+16, 8.60511e+08,  0.0409477,  0.0161787
3.9056e+07,    59192.1, 5.12215e+06, 1.53282e+28, 4.14437e+23, 2.04889e+12,   0.921144, 3.7345e+29,    0.03468, 2.34882e-05, 1.03468e-13, 3.46506e-67, 8.91849e+14, 4.16329e+15, 1.7358e+11, 5.05531e+15,  2.665e+16, 8.5567e+08,  0.0421377,  0.0165946
4.0156e+07,    58881.8, 5.10423e+06, 1.66083e+28, 4.44217e+23, 2.10896e+12,   0.929086, 3.60907e+29,    0.03468, 2.30398e-05, 9.59932e-14, 2.93893e-67, 8.84071e+14, 4.12698e+15, 1.71164e+11, 5.01122e+15, 2.74897e+16, 8.50717e+08,  0.0433298,  0.0170058
4.1256e+07,    58564.5, 5.08588e+06, 1.79534e+28, 4.74901e+23, 2.16924e+12,   0.937323, 3.4845e+29,    0.03468, 2.25878e-05, 8.88703e-14, 2.48113e-67, 8.76144e+14, 4.08998e+15, 1.68715e+11, 4.96629e+15, 2.82938e+16, 8.45653e+08,  0.0445244,  0.0174124
4.2356e+07,    58240.2, 5.06709e+06, 1.93644e+28, 5.0645e+23, 2.22973e+12,   0.945862, 3.36098e+29,    0.03468, 2.21326e-05, 8.21021e-14, 2.08494e-67, 8.68074e+14, 4.0523e+15, 1.66235e+11, 4.92054e+15, 2.90599e+16, 8.4048e+08,  0.0457219,  0.0178142
4.3456e+07,    57909.2, 5.04787e+06, 2.08423e+28, 5.38819e+23, 2.29044e+12,   0.954711, 3.23872e+29,    0.03468, 2.16747e-05, 7.56888e-14, 1.74388e-67, 8.59865e+14, 4.01398e+15, 1.63727e+11, 4.87401e+15, 2.97858e+16, 8.35202e+08,  0.0469227,  0.0182112
4.4556e+07,    57571.4, 5.02822e+06, 2.2388e+28, 5.71963e+23, 2.35136e+12,   0.963877, 3.11789e+29,    0.03468, 2.12148e-05, 6.96286e-14, 1.45182e-67, 8.51523e+14, 3.97504e+15, 1.61193e+11, 4.82672e+15, 3.04696e+16, 8.29819e+08,  0.0481273,  0.0186032
4.5656e+07,    57227.1, 5.00815e+06, 2.40023e+28, 6.05836e+23, 2.41252e+12,   0.973367, 2.99866e+29,    0.03468, 2.07533e-05, 6.39176e-14, 1.20306e-67, 8.43052e+14, 3.9355e+15, 1.58635e+11, 4.77871e+15, 3.11095e+16, 8.24334e+08,  0.0493363,  0.0189902
4.6756e+07,    56876.4, 4.98767e+06, 2.56861e+28, 6.40387e+23, 2.47391e+12,    0.98319, 2.88119e+29,    0.03468, 2.02907e-05, 5.85503e-14, 9.92264e-68, 8.34459e+14, 3.89538e+15, 1.56056e+11, 4.72999e+15, 3.17039e+16, 8.18749e+08,  0.0505502,  0.0193721
4.7856e+07,    56519.3, 4.96677e+06,  2.744e+28, 6.75567e+23, 2.53555e+12,   0.993355, 2.76564e+29,    0.03468, 1.98276e-05, 5.35196e-14, 8.14585e-68, 8.25747e+14, 3.85471e+15, 1.53457e+11, 4.68061e+15, 3.22514e+16, 8.13067e+08,  0.0517696,  0.0197488
4.8956e+07,    56156.2, 4.94547e+06, 2.92648e+28, 7.11323e+23, 2.59743e+12,    1.00387, 2.65214e+29,    0.03468, 1.93644e-05, 4.88167e-14, 6.65593e-68, 8.16922e+14, 3.81352e+15, 1.50841e+11, 4.63059e+15, 3.27508e+16, 8.0729e+08,  0.0529952,  0.0201202
5.0056e+07,    55786.9, 4.92377e+06, 3.11611e+28, 7.47601e+23, 2.65957e+12,    1.01475, 2.54083e+29,    0.03468, 1.89016e-05, 4.4432e-14, 5.41305e-68, 8.0799e+14, 3.77182e+15, 1.48211e+11, 4.57996e+15, 3.32011e+16, 8.01421e+08,  0.0542275,  0.0204862
5.1156e+07,    55411.8, 4.90167e+06, 3.31293e+28, 7.84347e+23, 2.72198e+12,    1.02599, 2.43181e+29,    0.03468, 1.84398e-05, 4.03546e-14, 4.3816e-68, 7.98956e+14, 3.72964e+15, 1.45568e+11, 4.52874e+15, 3.36016e+16, 7.95461e+08,  0.0554674,  0.0208468
5.2256e+07,      55031, 4.87919e+06, 3.51701e+28, 8.21506e+23, 2.78465e+12,    1.03761, 2.32519e+29,    0.03468, 1.79793e-05, 3.65729e-14, 3.53001e-68, 7.89824e+14, 3.68702e+15, 1.42915e+11, 4.47698e+15, 3.39517e+16, 7.89413e+08,  0.0567155,  0.0212019
5.3356e+07,    54644.5, 4.85631e+06, 3.72839e+28, 8.59022e+23, 2.8476e+12,    1.04963, 2.22108e+29,    0.03468, 1.75206e-05, 3.30743e-14, 2.83054e-68, 7.80601e+14, 3.64396e+15, 1.40255e+11, 4.4247e+15, 3.42509e+16, 7.83279e+08,  0.0579727,  0.0215514
5.4456e+07,    54252.5, 4.83306e+06, 3.9471e+28, 8.96839e+23, 2.91084e+12,    1.06204, 2.11954e+29,    0.03468, 1.70642e-05, 2.98461e-14, 2.25896e-68, 7.71291e+14, 3.6005e+15, 1.37588e+11, 4.37193e+15, 3.4499e+16, 7.77063e+08,  0.0592398,  0.0218952
5.5556e+07,    53855.3, 4.80944e+06, 4.17318e+28, 9.34901e+23, 2.97436e+12,    1.07487, 2.02066e+29,    0.03468, 1.66105e-05, 2.68749e-14, 1.79427e-68, 7.61901e+14, 3.55667e+15, 1.34917e+11, 4.3187e+15, 3.46961e+16, 7.70765e+08,  0.0605177,  0.0222333
5.6656e+07,    53452.8, 4.78545e+06, 4.40665e+28, 9.73152e+23, 3.03819e+12,    1.08812, 1.92449e+29,    0.03468, 1.61598e-05, 2.41472e-14, 1.41843e-68, 7.52435e+14, 3.51247e+15, 1.32245e+11, 4.26504e+15, 3.48423e+16, 7.6439e+08,  0.0618074,  0.0225657
5.7756e+07,    53045.2, 4.76109e+06, 4.64753e+28, 1.01154e+24, 3.10232e+12,    1.10181, 1.8311e+29,    0.03468, 1.57126e-05, 2.16494e-14, 1.11599e-68, 7.42898e+14, 3.46796e+15, 1.29573e+11, 4.21098e+15, 3.4938e+16, 7.57939e+08,  0.0631098,  0.0228922
5.8856e+07,    52632.8, 4.73638e+06, 4.89584e+28,   1.05e+24, 3.16677e+12,    1.11595, 1.74051e+29,    0.03468, 1.52693e-05, 1.93679e-14, 8.73854e-69, 7.33296e+14, 3.42313e+15, 1.26904e+11, 4.15655e+15, 3.49837e+16, 7.51415e+08,   0.064426,  0.0232127
5.9956e+07,    52215.6, 4.71132e+06, 5.15158e+28, 1.08848e+24, 3.23154e+12,    1.13055, 1.65276e+29,    0.03468, 1.48302e-05, 1.72891e-14, 6.80994e-69, 7.23634e+14, 3.37803e+15, 1.24239e+11, 4.10179e+15, 3.49801e+16, 7.4482e+08,  0.0657571,  0.0235274
6.1056e+07,    51793.8, 4.68591e+06, 5.41475e+28, 1.12694e+24, 3.29665e+12,    1.14562, 1.56788e+29,    0.03468, 1.43956e-05, 1.53999e-14, 5.28163e-69, 7.13918e+14, 3.33267e+15, 1.21581e+11, 4.04671e+15, 3.4928e+16, 7.38157e+08,  0.0671042,   0.023836
6.2156e+07,    51367.5, 4.66016e+06, 5.68536e+28, 1.16531e+24, 3.36209e+12,    1.16119, 1.48588e+29,    0.03468, 1.39659e-05, 1.36871e-14, 4.07668e-69, 7.04152e+14, 3.28708e+15, 1.18931e+11, 3.99135e+15, 3.48284e+16, 7.31428e+08,  0.0684687,  0.0241385
6.3256e+07,      50937, 4.63408e+06, 5.96339e+28, 1.20354e+24, 3.42787e+12,    1.17727, 1.40676e+29,    0.03468, 1.35414e-05, 1.21382e-14, 3.13152e-69, 6.94342e+14, 3.24129e+15, 1.16291e+11, 3.93574e+15, 3.46825e+16, 7.24636e+08,  0.0698517,   0.024435
6.4356e+07,    50502.2, 4.60768e+06, 6.24882e+28, 1.24159e+24, 3.49402e+12,    1.19387, 1.33052e+29,    0.03468, 1.31224e-05, 1.07409e-14, 2.39391e-69, 6.84493e+14, 3.19531e+15, 1.13663e+11, 3.87992e+15, 3.44915e+16, 7.17784e+08,  0.0712547,  0.0247253
6.5456e+07,    50063.4, 4.58095e+06, 6.54163e+28, 1.27941e+24, 3.56052e+12,    1.21101, 1.25716e+29,    0.03468, 1.27092e-05, 9.48362e-15, 1.82121e-69, 6.7461e+14, 3.14917e+15, 1.11048e+11, 3.82389e+15, 3.42568e+16, 7.10874e+08,   0.072679,  0.0250094
6.6556e+07,    49620.8, 4.55391e+06, 6.8418e+28, 1.31694e+24, 3.6274e+12,     1.2287, 1.18664e+29,    0.03468, 1.2302e-05,  8.355e-15, 1.37881e-69, 6.64698e+14, 3.1029e+15, 1.08449e+11, 3.76771e+15,  3.398e+16, 7.03908e+08,  0.0741263,  0.0252872
6.7656e+07,    49174.4, 4.52655e+06, 7.1493e+28, 1.35415e+24, 3.69466e+12,    1.24697, 1.11895e+29,    0.03468, 1.19011e-05, 7.34442e-15, 1.03882e-69, 6.54762e+14, 3.05652e+15, 1.05867e+11, 3.71139e+15, 3.36626e+16, 6.9689e+08,  0.0755981,  0.0255589
6.8756e+07,    48724.5, 4.4989e+06, 7.46407e+28, 1.39098e+24, 3.7623e+12,    1.26583, 1.05405e+29,    0.03468, 1.15066e-05, 6.44175e-15, 7.7885e-70, 6.44808e+14, 3.01005e+15, 1.03304e+11, 3.65496e+15, 3.33063e+16, 6.89822e+08,   0.077096,  0.0258242
6.9856e+07,    48271.1, 4.47095e+06, 7.78608e+28, 1.42741e+24, 3.83035e+12,    1.28531, 9.91908e+28,    0.03468, 1.11189e-05, 5.63745e-15, 5.81092e-70, 6.3484e+14, 2.96352e+15, 1.0076e+11, 3.59846e+15, 3.29129e+16, 6.82705e+08,  0.0786219,  0.0260831
7.0956e+07,    47814.5, 4.44271e+06, 8.11527e+28, 1.46338e+24, 3.8988e+12,    1.30542, 9.32482e+28,    0.03468, 1.07381e-05, 4.92257e-15, 4.31424e-70, 6.24862e+14, 2.91694e+15, 9.82384e+10, 3.5419e+15, 3.24843e+16, 6.75544e+08,  0.0801775,  0.0263358
7.2056e+07,    47354.8, 4.41418e+06, 8.45159e+28, 1.49886e+24, 3.96767e+12,    1.32618, 8.75721e+28,    0.03468, 1.03643e-05, 4.28872e-15, 3.18733e-70, 6.14881e+14, 2.87035e+15, 9.57397e+10, 3.48533e+15, 3.20225e+16, 6.6834e+08,   0.081765,   0.026582
7.3156e+07,    46892.1, 4.38538e+06, 8.79498e+28, 1.53382e+24, 4.03697e+12,    1.34763, 8.21573e+28,    0.03468, 9.99781e-06, 3.7281e-15, 2.34318e-70,  6.049e+14, 2.82376e+15, 9.32652e+10, 3.42875e+15, 3.15292e+16, 6.61096e+08,  0.0833862,  0.0268218
7.4256e+07,    46426.5, 4.35631e+06, 9.14536e+28, 1.56821e+24, 4.1067e+12,    1.36977, 7.69982e+28,    0.03468, 9.63866e-06, 3.23346e-15, 1.71409e-70, 5.94925e+14, 2.77719e+15, 9.08165e+10, 3.3722e+15, 3.10067e+16, 6.53815e+08,  0.0850434,  0.0270552
7.5356e+07,    45958.3, 4.32697e+06, 9.50267e+28, 1.60202e+24, 4.17688e+12,    1.39263, 7.20888e+28,    0.03468, 9.28701e-06, 2.79811e-15, 1.24768e-70, 5.84959e+14, 2.73067e+15, 8.83946e+10, 3.31571e+15, 3.04569e+16, 6.46498e+08,  0.0867388,  0.0272822
7.6456e+07,    45487.6, 4.29737e+06, 9.86683e+28, 1.63521e+24, 4.24751e+12,    1.41625, 6.74225e+28,    0.03468, 8.94297e-06, 2.41589e-15,          0, 5.75008e+14, 2.68421e+15, 8.60009e+10, 3.25931e+15, 2.98818e+16, 6.3915e+08,  0.0884749,  0.0275027
7.7556e+07,    45014.5, 4.26753e+06, 1.02377e+29, 1.66775e+24, 4.31861e+12,    1.44064, 6.29929e+28,    0.03468, 8.60663e-06, 2.08113e-15,          0, 5.65075e+14, 2.63785e+15, 8.36363e+10, 3.20301e+15, 2.92837e+16, 6.31771e+08,  0.0902542,  0.0277167
7.8656e+07,    44539.2, 4.23743e+06, 1.06153e+29, 1.69963e+24, 4.39018e+12,    1.46584, 5.8793e+28,    0.03468, 8.27808e-06, 1.78866e-15,          0, 5.55166e+14, 2.59159e+15, 8.1302e+10, 3.14684e+15, 2.86646e+16, 6.24365e+08,  0.0920793,  0.0279243
7.9756e+07,    44061.9, 4.2071e+06, 1.09995e+29, 1.73081e+24, 4.46224e+12,    1.49187, 5.48158e+28,    0.03468, 7.95737e-06, 1.53377e-15,          0, 5.45284e+14, 2.54546e+15, 7.89989e+10, 3.09082e+15, 2.80265e+16, 6.16934e+08,  0.0939531,  0.0281254
8.0856e+07,    43582.6, 4.17653e+06, 1.13902e+29, 1.76128e+24, 4.5348e+12,    1.51876, 5.1054e+28,    0.03468, 7.64456e-06, 1.31217e-15,          0, 5.35434e+14, 2.49948e+15, 7.6728e+10, 3.03499e+15, 2.73715e+16, 6.09481e+08,  0.0958786,    0.02832
8.1956e+07,    43101.5, 4.14574e+06, 1.17872e+29, 1.79102e+24, 4.60787e+12,    1.54655, 4.75003e+28,    0.03468, 7.33968e-06,   1.12e-15,          0, 5.2562e+14, 2.45366e+15, 7.44902e+10, 2.97936e+15, 2.67018e+16, 6.02008e+08,  0.0978588,  0.0285081
8.3056e+07,    42618.8, 4.11473e+06, 1.21905e+29, 1.82002e+24, 4.68145e+12,    1.57526, 4.41472e+28,    0.03468, 7.04275e-06, 9.53751e-16,          0, 5.15846e+14, 2.40804e+15, 7.22862e+10, 2.92395e+15, 2.60193e+16, 5.94517e+08,  0.0998971,  0.0286897
8.4156e+07,    42134.6, 4.08351e+06, 1.25999e+29, 1.84826e+24, 4.75557e+12,    1.60493, 4.09872e+28,    0.03468, 6.75379e-06, 8.10289e-16,          0, 5.06116e+14, 2.36261e+15, 7.01169e+10, 2.8688e+15, 2.5326e+16, 5.87011e+08,   0.101997,  0.0288649
8.5256e+07,    41649.1, 4.05207e+06, 1.30154e+29, 1.87573e+24, 4.83023e+12,    1.63561, 3.80128e+28,    0.03468, 6.47278e-06, 6.86795e-16,          0, 4.96433e+14, 2.31741e+15, 6.79829e+10, 2.81391e+15, 2.46239e+16, 5.79493e+08,   0.104162,  0.0290335
8.6356e+07,    41162.4, 4.02044e+06, 1.34368e+29, 1.90243e+24, 4.90544e+12,    1.66731, 3.52165e+28,    0.03468, 6.19972e-06, 5.80755e-16,          0, 4.86802e+14, 2.27245e+15, 6.58849e+10, 2.75932e+15, 2.39148e+16, 5.71964e+08,   0.106396,  0.0291957
8.7456e+07,    40674.6, 3.98862e+06, 1.3864e+29, 1.92834e+24, 4.98122e+12,     1.7001, 3.25907e+28,    0.03468, 5.93457e-06, 4.89928e-16,          0, 4.77226e+14, 2.22775e+15, 6.38234e+10, 2.70504e+15, 2.32007e+16, 5.64427e+08,   0.108704,  0.0293515
8.8556e+07,    40185.9, 3.95661e+06, 1.42968e+29, 1.95347e+24, 5.05758e+12,    1.73399, 3.01282e+28,    0.03468, 5.67729e-06, 4.12325e-16,          0, 4.67708e+14, 2.18332e+15, 6.1799e+10, 2.65109e+15, 2.24833e+16, 5.56885e+08,   0.111089,  0.0295008
8.9656e+07,    39696.5, 3.92441e+06, 1.47352e+29, 1.97781e+24, 5.13453e+12,    1.76905, 2.78214e+28,    0.03468, 5.42784e-06, 3.46188e-16,          0, 4.58253e+14, 2.13918e+15, 5.98122e+10, 2.59749e+15, 2.17644e+16, 5.49339e+08,   0.113556,  0.0296437
9.0756e+07,    39206.4, 3.89205e+06, 1.5179e+29, 2.00135e+24, 5.21208e+12,    1.80531, 2.56632e+28,    0.03468, 5.18615e-06, 2.89963e-16,          0, 4.48863e+14, 2.09535e+15, 5.78632e+10, 2.54427e+15, 2.10457e+16, 5.41792e+08,    0.11611,  0.0297802
9.1856e+07,    38715.8, 3.85951e+06, 1.56279e+29, 2.02411e+24, 5.29025e+12,    1.84283, 2.36465e+28,    0.03468, 4.95216e-06, 2.42284e-16,          0, 4.39541e+14, 2.05183e+15, 5.59526e+10, 2.49143e+15, 2.03286e+16, 5.34247e+08,   0.118756,  0.0299103
9.2956e+07,    38224.9, 3.82682e+06, 1.6082e+29, 2.04608e+24, 5.36904e+12,    1.88164, 2.17642e+28,    0.03468, 4.72578e-06, 2.01956e-16,          0, 4.30291e+14, 2.00865e+15, 5.40805e+10,  2.439e+15, 1.96148e+16, 5.26705e+08,     0.1215,  0.0300341
9.4056e+07,    37733.8, 3.79397e+06, 1.6541e+29, 2.06726e+24, 5.44849e+12,    1.92181, 2.00095e+28,    0.03468, 4.50692e-06, 1.67931e-16,          0, 4.21117e+14, 1.96582e+15, 5.22473e+10, 2.38699e+15, 1.89057e+16, 5.19169e+08,   0.124348,  0.0301515
9.5156e+07,    37242.6, 3.76097e+06, 1.70048e+29, 2.08767e+24, 5.52859e+12,    1.96338, 1.83758e+28,    0.03468, 4.2955e-06, 1.39297e-16,          0, 4.1202e+14, 1.92336e+15, 5.04532e+10, 2.33543e+15, 1.82027e+16, 5.11641e+08,   0.127305,  0.0302626
9.6256e+07,    36751.4, 3.72783e+06, 1.74732e+29, 2.10731e+24, 5.60936e+12,    2.00642, 1.68565e+28,    0.03468, 4.09141e-06, 1.15261e-16,          0, 4.03003e+14, 1.88127e+15, 4.86982e+10, 2.28432e+15, 1.7507e+16, 5.04122e+08,   0.130378,  0.0303674
9.7356e+07,    36260.4, 3.69455e+06, 1.79461e+29, 2.12619e+24, 5.69082e+12,    2.05099, 1.54455e+28,    0.03468, 3.89453e-06, 9.51369e-17,          0, 3.9407e+14, 1.83956e+15, 4.69825e+10, 2.23368e+15, 1.68199e+16, 4.96616e+08,   0.133574,   0.030466
9.8456e+07,    35769.8, 3.66114e+06, 1.84233e+29, 2.14432e+24, 5.77298e+12,    2.09714, 1.41364e+28,    0.03468, 3.70475e-06, 7.83308e-17,          0, 3.85222e+14, 1.79826e+15, 4.53062e+10, 2.18353e+15, 1.61424e+16, 4.89125e+08,     0.1369,  0.0305584
9.9556e+07,    35279.5, 3.62762e+06, 1.89047e+29, 2.16171e+24, 5.85585e+12,    2.14495, 1.29236e+28,    0.03468, 3.52196e-06, 6.43321e-17,          0, 3.76464e+14, 1.75738e+15, 4.36692e+10, 2.13388e+15, 1.54757e+16, 4.81649e+08,   0.140365,  0.0306446
1.00656e+08,    34789.9, 3.59397e+06,  1.939e+29, 2.17837e+24, 5.93946e+12,    2.19448, 1.18012e+28,    0.03468, 3.34601e-06, 5.27021e-17,          0, 3.67795e+14, 1.71691e+15, 4.20715e+10, 2.08475e+15, 1.48207e+16, 4.74192e+08,   0.143976,  0.0307247
1.01756e+08,    34300.9, 3.56022e+06, 1.98791e+29, 2.19432e+24, 6.02382e+12,    2.24581, 1.07639e+28,    0.03468, 3.17678e-06, 4.30651e-17,          0, 3.5922e+14, 1.67688e+15, 4.05131e+10, 2.03614e+15, 1.41782e+16, 4.66755e+08,   0.147742,  0.0307987
1.02856e+08,    33812.7, 3.52636e+06, 2.03718e+29, 2.20956e+24, 6.10894e+12,    2.29901, 9.80632e+27,    0.03468, 3.01412e-06, 3.51005e-17,          0, 3.5074e+14, 1.6373e+15, 3.89938e+10, 1.98808e+15, 1.35491e+16, 4.59341e+08,   0.151673,  0.0308666
1.03956e+08,    33325.5, 3.4924e+06, 2.08679e+29, 2.22413e+24, 6.19484e+12,    2.35416, 8.92347e+27,    0.03468, 2.85791e-06, 2.85354e-17,          0, 3.42358e+14, 1.59816e+15, 3.75133e+10, 1.94056e+15, 1.2934e+16, 4.5195e+08,   0.155779,  0.0309285
1.05056e+08,    32839.4, 3.45835e+06, 2.13674e+29, 2.23802e+24, 6.28154e+12,    2.41135, 8.11052e+27,    0.03468, 2.70799e-06, 2.31382e-17,          0, 3.34074e+14, 1.5595e+15, 3.60717e+10, 1.89361e+15, 1.23337e+16, 4.44586e+08,    0.16007,  0.0309844
1.06156e+08,    32354.4, 3.42422e+06, 2.18699e+29, 2.25127e+24, 6.36906e+12,    2.47067, 7.36288e+27,    0.03468, 2.56421e-06, 1.8713e-17,          0, 3.25892e+14, 1.5213e+15, 3.46685e+10, 1.84723e+15, 1.17486e+16, 4.3725e+08,   0.164558,  0.0310345
1.07256e+08,    31870.7,   3.39e+06, 2.23753e+29, 2.26388e+24, 6.45741e+12,    2.53221, 6.67616e+27,    0.03468, 2.42643e-06, 1.50944e-17,          0, 3.17813e+14, 1.48358e+15, 3.33036e+10, 1.80143e+15, 1.11792e+16, 4.29943e+08,   0.169255,  0.0310787
1.08356e+08,    31388.4, 3.35572e+06, 2.28834e+29, 2.27587e+24, 6.54662e+12,    2.59607, 6.0462e+27,    0.03468, 2.29449e-06, 1.21433e-17,          0, 3.09838e+14, 1.44636e+15, 3.19765e+10, 1.75623e+15, 1.0626e+16, 4.22668e+08,   0.174174,   0.031117
1.09456e+08,    30907.7, 3.32136e+06, 2.33941e+29, 2.28726e+24, 6.63669e+12,    2.66235, 5.46902e+27,    0.03468, 2.16824e-06, 9.74319e-18,          0, 3.01969e+14, 1.40962e+15, 3.06871e+10, 1.71162e+15, 1.00893e+16, 4.15427e+08,   0.179329,  0.0311496
1.10556e+08,    30428.5, 3.28695e+06, 2.39071e+29, 2.29807e+24, 6.72765e+12,    2.73116, 4.94089e+27,    0.03468, 2.04752e-06, 7.79647e-18,          0, 2.94207e+14, 1.37339e+15, 2.94348e+10, 1.66763e+15, 9.56937e+15, 4.0822e+08,   0.184735,  0.0311765
1.11656e+08,    29951.1, 3.25248e+06, 2.44222e+29, 2.30832e+24, 6.81953e+12,    2.80263, 4.45826e+27,    0.03468, 1.93217e-06, 6.22182e-18,          0, 2.86554e+14, 1.33767e+15, 2.82194e+10, 1.62425e+15, 9.06637e+15, 4.0105e+08,   0.190408,  0.0311977
1.12756e+08,    29475.6, 3.21796e+06, 2.49393e+29, 2.31802e+24, 6.91233e+12,    2.87686, 4.01776e+27,    0.03468, 1.82205e-06, 4.95166e-18,          0, 2.79012e+14, 1.30246e+15, 2.70403e+10, 1.5815e+15, 8.58047e+15, 3.93918e+08,   0.196366,  0.0312134
1.13856e+08,      29002, 3.18339e+06, 2.54582e+29, 2.3272e+24, 7.00609e+12,    2.95399, 3.61624e+27,    0.03468, 1.71698e-06, 3.92995e-18,          0, 2.7158e+14, 1.26776e+15, 2.58971e+10, 1.53937e+15, 8.11175e+15, 3.86826e+08,   0.202625,  0.0312235
1.14956e+08,    28530.4, 3.14879e+06, 2.59786e+29, 2.33588e+24, 7.10082e+12,    3.03415, 3.25073e+27,    0.03468, 1.61682e-06, 3.1104e-18,          0, 2.64261e+14, 1.2336e+15, 2.47894e+10, 1.49788e+15, 7.66023e+15, 3.79776e+08,   0.209207,  0.0312281
1.16056e+08,      28061, 3.11416e+06, 2.65005e+29, 2.34406e+24, 7.19654e+12,    3.11749, 2.91843e+27,    0.03468, 1.5214e-06, 2.45487e-18,          0, 2.57054e+14, 1.19996e+15, 2.37167e+10, 1.45703e+15, 7.2259e+15, 3.72768e+08,   0.216132,  0.0312273
1.17156e+08,    27593.9, 3.0795e+06, 2.70235e+29, 2.35178e+24, 7.29328e+12,    3.20416, 2.61673e+27,    0.03468, 1.43057e-06, 1.93202e-18,          0, 2.49962e+14, 1.16685e+15, 2.26783e+10, 1.41683e+15, 6.80866e+15, 3.65805e+08,   0.223423,  0.0312212
1.18256e+08,    27129.1, 3.04482e+06, 2.75475e+29, 2.35905e+24, 7.39106e+12,    3.29431, 2.34317e+27,    0.03468, 1.34418e-06, 1.51619e-18,          0, 2.42984e+14, 1.13427e+15, 2.16739e+10, 1.37728e+15, 6.40839e+15, 3.58888e+08,   0.231105,  0.0312098
1.19356e+08,    26666.7, 3.01013e+06, 2.80722e+29, 2.36588e+24, 7.48991e+12,    3.38812, 2.09545e+27,    0.03468, 1.26207e-06, 1.18643e-18,          0, 2.36121e+14, 1.10224e+15, 2.07028e+10, 1.33838e+15, 6.02492e+15, 3.52018e+08,   0.239204,  0.0311932
1.20456e+08,    26206.9, 2.97542e+06, 2.85976e+29, 2.37231e+24, 7.58984e+12,    3.48576, 1.87143e+27,    0.03468, 1.18409e-06, 9.25699e-19,          0, 2.29374e+14, 1.07074e+15, 1.97644e+10, 1.30013e+15, 5.65805e+15, 3.45196e+08,   0.247749,  0.0311714
1.21556e+08,    25749.7, 2.94071e+06, 2.91234e+29, 2.37834e+24, 7.69089e+12,    3.58742, 1.66913e+27,    0.03468, 1.11009e-06, 7.20142e-19,          0, 2.22743e+14, 1.03979e+15, 1.88582e+10, 1.26255e+15, 5.30752e+15, 3.38425e+08,   0.256769,  0.0311445
1.22656e+08,    25295.2, 2.90601e+06, 2.96494e+29, 2.38399e+24, 7.79307e+12,     3.6933, 1.48668e+27,    0.03468, 1.03992e-06, 5.58568e-19,          0, 2.16229e+14, 1.00938e+15, 1.79836e+10, 1.22563e+15, 4.97306e+15, 3.31705e+08,   0.266299,  0.0311126
1.23756e+08,    24843.5, 2.8713e+06, 3.01754e+29, 2.38928e+24, 7.89643e+12,    3.80362, 1.32236e+27,    0.03468, 9.73431e-07, 4.31947e-19,          0, 2.09832e+14, 9.79517e+14, 1.71399e+10, 1.18937e+15, 4.65435e+15, 3.25037e+08,   0.276374,  0.0310757
1.24856e+08,    24394.6, 2.83662e+06, 3.07013e+29, 2.39424e+24, 8.00097e+12,    3.91859, 1.17458e+27,    0.03468, 9.10484e-07, 3.33017e-19,          0, 2.03552e+14, 9.50201e+14, 1.63265e+10, 1.15377e+15, 4.35106e+15, 3.18423e+08,   0.287032,   0.031034
1.25956e+08,    23948.7, 2.80195e+06, 3.12267e+29, 2.39886e+24, 8.10674e+12,    4.03845, 1.04186e+27,    0.03468, 8.50937e-07, 2.55959e-19,          0, 1.97389e+14, 9.21431e+14, 1.55428e+10, 1.11884e+15, 4.06282e+15, 3.11863e+08,   0.298316,  0.0309875
1.27056e+08,    23505.9, 2.7673e+06, 3.17516e+29, 2.40318e+24, 8.21376e+12,    4.16346, 9.22826e+26,    0.03468, 7.94649e-07, 1.96122e-19,          0, 1.91343e+14, 8.93209e+14, 1.47881e+10, 1.08457e+15, 3.78924e+15, 3.0536e+08,   0.310271,  0.0309362
1.28156e+08,    23066.2, 2.73268e+06, 3.22757e+29, 2.4072e+24, 8.32205e+12,    4.29389, 8.16225e+26,    0.03468, 7.41487e-07, 1.49802e-19,          0, 1.85415e+14, 8.65534e+14, 1.40618e+10, 1.05096e+15, 3.52993e+15, 2.98913e+08,   0.322946,  0.0308803
1.29256e+08,    22629.6, 2.69809e+06, 3.27989e+29, 2.41095e+24, 8.43166e+12,    4.43001, 7.20894e+26,    0.03468, 6.91316e-07, 1.14059e-19,          0, 1.79603e+14, 8.38405e+14, 1.33633e+10, 1.01802e+15, 3.28447e+15, 2.92525e+08,   0.336394,  0.0308198
1.30356e+08,    22196.3, 2.66354e+06, 3.33209e+29, 2.41443e+24, 8.54261e+12,    4.57213, 6.35766e+26,    0.03468, 6.44008e-07, 8.65657e-20,          0, 1.73908e+14, 8.11821e+14, 1.26918e+10, 9.85743e+14, 3.05242e+15, 2.86195e+08,   0.350673,  0.0307548
1.31456e+08,    21766.4, 2.62903e+06, 3.38415e+29, 2.41767e+24, 8.65494e+12,    4.72056, 5.59859e+26,    0.03468, 5.99435e-07, 6.54859e-20,          0, 1.6833e+14, 7.85782e+14, 1.20468e+10, 9.54124e+14, 2.83334e+15, 2.79926e+08,   0.365847,  0.0306854
1.32556e+08,    21339.8, 2.59457e+06, 3.43607e+29, 2.42067e+24, 8.76867e+12,    4.87566, 4.92274e+26,    0.03468, 5.57475e-07, 4.93762e-20,          0, 1.62868e+14, 7.60284e+14, 1.14274e+10, 9.23164e+14, 2.62679e+15, 2.73718e+08,   0.381984,  0.0306116
1.33656e+08,    20916.7, 2.56016e+06, 3.48781e+29, 2.42345e+24, 8.88385e+12,    5.03778, 4.3219e+26,    0.03468, 5.18007e-07, 3.71054e-20,          0, 1.57522e+14, 7.35327e+14, 1.08332e+10, 8.9286e+14, 2.43229e+15, 2.67571e+08,   0.399159,  0.0305335
1.34756e+08,    20497.2, 2.5258e+06, 3.53936e+29, 2.42603e+24, 9.00051e+12,     5.2073, 3.78855e+26,    0.03468, 4.80914e-07, 2.77899e-20,          0, 1.52291e+14, 7.10908e+14, 1.02633e+10, 8.6321e+14, 2.2494e+15, 2.61487e+08,   0.417453,  0.0304513
1.35856e+08,    20081.2, 2.49151e+06, 3.59071e+29, 2.42841e+24, 9.11868e+12,    5.38465, 3.31583e+26,    0.03468, 4.46085e-07, 2.07417e-20,          0, 1.47175e+14, 6.87025e+14, 9.71723e+09, 8.34209e+14, 2.07765e+15, 2.55466e+08,   0.436956,  0.0303649
1.36956e+08,    19668.8, 2.45729e+06, 3.64182e+29, 2.4306e+24, 9.23841e+12,    5.57025, 2.8975e+26,    0.03468, 4.13407e-07, 1.54274e-20,          0, 1.42172e+14, 6.63674e+14, 9.1942e+09, 8.05856e+14, 1.91658e+15, 2.4951e+08,   0.457764,  0.0302744
1.38056e+08,    19260.2, 2.42313e+06, 3.69269e+29, 2.43263e+24, 9.35973e+12,    5.76458, 2.52787e+26,    0.03468, 3.82776e-07, 1.14342e-20,          0, 1.37284e+14, 6.40852e+14, 8.69359e+09, 7.78145e+14, 1.76573e+15, 2.43619e+08,   0.479984,    0.03018
1.39156e+08,    18855.3, 2.38905e+06, 3.7433e+29, 2.43449e+24, 9.48268e+12,    5.96814, 2.2018e+26,    0.03468, 3.54089e-07, 8.44436e-21,          0, 1.32507e+14, 6.18557e+14, 8.21473e+09, 7.51072e+14, 1.62465e+15, 2.37793e+08,   0.503733,  0.0300818
1.40256e+08,    18454.2, 2.35505e+06, 3.79363e+29, 2.4362e+24, 9.60731e+12,    6.18146, 1.91462e+26,    0.03468, 3.27245e-07, 6.21365e-21,          0, 1.27843e+14, 5.96783e+14, 7.75697e+09, 7.24634e+14, 1.49287e+15, 2.32033e+08,   0.529139,  0.0299797
1.41356e+08,      18057, 2.32114e+06, 3.84366e+29, 2.43778e+24, 9.73366e+12,     6.4051, 1.6621e+26,    0.03468, 3.0215e-07, 4.55537e-21,          0, 1.2329e+14, 5.75528e+14, 7.31968e+09, 6.98825e+14, 1.36995e+15, 2.26341e+08,   0.556343,  0.0298739
1.42456e+08,    17663.7, 2.28731e+06, 3.89337e+29, 2.43922e+24, 9.86177e+12,    6.63969, 1.44042e+26,    0.03468, 2.78711e-07, 3.32715e-21,          0, 1.18847e+14, 5.54786e+14, 6.90219e+09, 6.7364e+14, 1.25547e+15, 2.20716e+08,   0.585498,  0.0297644
1.43556e+08,    17274.3, 2.25357e+06, 3.94275e+29, 2.44054e+24, 9.99169e+12,    6.88588, 1.24614e+26,    0.03468, 2.56838e-07, 2.42084e-21,          0, 1.14512e+14, 5.34554e+14, 6.50388e+09, 6.49073e+14, 1.14898e+15, 2.15159e+08,   0.616776,  0.0296514
1.44656e+08,    16888.9, 2.21993e+06, 3.99178e+29, 2.44175e+24, 1.01235e+13,    7.14436, 1.07616e+26,    0.03468, 2.36446e-07, 1.7546e-21,          0, 1.10287e+14, 5.14827e+14, 6.12412e+09, 6.2512e+14, 1.05007e+15, 2.09671e+08,   0.650363,  0.0295349
1.45756e+08,    16507.6, 2.18638e+06, 4.04045e+29, 2.44286e+24, 1.02572e+13,    7.41588, 9.27703e+25,    0.03468, 2.17453e-07, 1.26671e-21,          0, 1.06168e+14,  4.956e+14, 5.76229e+09, 6.01774e+14, 9.58325e+14, 2.04252e+08,   0.686466,   0.029415
1.46856e+08,    16130.4, 2.15294e+06, 4.08873e+29, 2.44386e+24, 1.03928e+13,    7.70126, 7.98267e+25,    0.03468, 1.9978e-07, 9.10835e-22,          0, 1.02155e+14, 4.76868e+14, 5.41779e+09, 5.79028e+14, 8.73352e+14, 1.98903e+08,   0.725315,  0.0292918
1.47956e+08,    15757.2, 2.11961e+06, 4.13662e+29, 2.44478e+24, 1.05305e+13,    8.00135, 6.85616e+25,    0.03468, 1.83351e-07, 6.52274e-22,          0, 9.82469e+13, 4.58625e+14, 5.08999e+09, 5.56877e+14, 7.94764e+14, 1.93624e+08,   0.767162,  0.0291653
1.49056e+08,    15388.3, 2.08639e+06, 4.18409e+29, 2.44561e+24, 1.06702e+13,    8.31709, 5.87749e+25,    0.03468, 1.68093e-07, 4.65175e-22,          0, 9.44426e+13, 4.40866e+14, 4.77832e+09, 5.35313e+14, 7.22186e+14, 1.88414e+08,   0.812288,  0.0290357
1.50156e+08,    15023.5, 2.05329e+06, 4.23113e+29, 2.44637e+24, 1.08121e+13,    8.64948, 5.02882e+25,    0.03468, 1.53938e-07, 3.30345e-22,          0, 9.07407e+13, 4.23585e+14, 4.48219e+09, 5.14331e+14, 6.55257e+14, 1.83276e+08,   0.861004,  0.0289031
1.51256e+08,    14662.9, 2.0203e+06, 4.27773e+29, 2.44706e+24, 1.09561e+13,    8.99959, 4.29425e+25,    0.03468, 1.40819e-07, 2.33586e-22,          0, 8.71401e+13, 4.06777e+14, 4.20103e+09, 4.93922e+14, 5.9363e+14, 1.78209e+08,   0.913656,  0.0287674
1.52356e+08,    14306.6, 1.98744e+06, 4.32387e+29, 2.44768e+24, 1.11024e+13,    9.36857, 3.65965e+25,    0.03468, 1.28673e-07, 1.64444e-22,          0, 8.36395e+13, 3.90436e+14, 3.93427e+09, 4.74079e+14, 5.36971e+14, 1.73213e+08,   0.970629,  0.0286288
1.53456e+08,    13954.5, 1.9547e+06, 4.36954e+29, 2.44824e+24, 1.1251e+13,    9.75769, 3.11248e+25,    0.03468, 1.17438e-07, 1.15251e-22,          0, 8.02375e+13, 3.74555e+14, 3.68137e+09, 4.54796e+14, 4.84957e+14, 1.68289e+08,    1.03235,  0.0284874
1.54556e+08,    13606.8, 1.92209e+06, 4.41471e+29, 2.44875e+24, 1.1402e+13,    10.1683, 2.6416e+25,    0.03468, 1.07059e-07, 8.04054e-23,          0, 7.69327e+13, 3.59128e+14, 3.44178e+09, 4.36064e+14, 4.37282e+14, 1.63436e+08,    1.09931,  0.0283433
1.55656e+08,    13263.4, 1.88961e+06, 4.45939e+29, 2.4492e+24, 1.15554e+13,    10.6018, 2.23721e+25,    0.03468, 9.74807e-08, 5.58342e-23,          0, 7.37239e+13, 3.44149e+14, 3.21498e+09, 4.17876e+14, 3.93653e+14, 1.58656e+08,    1.17203,  0.0281965
1.56756e+08,    12924.3, 1.85727e+06, 4.50355e+29, 2.44961e+24, 1.17114e+13,    11.0599, 1.89061e+25,    0.03468, 8.86503e-08, 3.85874e-23,          0, 7.06096e+13, 3.29611e+14, 3.00046e+09, 4.00224e+14, 3.5379e+14, 1.53947e+08,    1.25112,  0.0280471
1.57856e+08,    12589.6, 1.82506e+06, 4.54719e+29, 2.44998e+24, 1.18699e+13,    11.5442, 1.59417e+25,    0.03468, 8.0519e-08, 2.65385e-23,          0, 6.75884e+13, 3.15508e+14, 2.7977e+09, 3.83099e+14, 3.17426e+14, 1.49311e+08,    1.33726,  0.0278952
1.58956e+08,    12259.3,  1.793e+06, 4.59028e+29, 2.45031e+24, 1.20311e+13,    12.0565, 1.34117e+25,    0.03468, 7.30401e-08, 1.81613e-23,          0, 6.46589e+13, 3.01833e+14, 2.60621e+09, 3.66494e+14, 2.84309e+14, 1.44748e+08,     1.4312,  0.0277409
1.60056e+08,    11933.4, 1.76108e+06, 4.63282e+29, 2.45061e+24, 1.21951e+13,     12.599, 1.1257e+25,    0.03468, 6.61692e-08, 1.23653e-23,          0, 6.18195e+13, 2.88578e+14, 2.42553e+09,  3.504e+14, 2.54199e+14, 1.40257e+08,     1.5338,  0.0275842
1.61156e+08,    11611.9, 1.72931e+06, 4.67479e+29, 2.45087e+24, 1.23619e+13,    13.1737, 9.42611e+24,    0.03468, 5.98645e-08, 8.37535e-24,          0, 5.90689e+13, 2.75738e+14, 2.25517e+09, 3.3481e+14, 2.2687e+14, 1.35839e+08,    1.64602,  0.0274253
1.62256e+08,    11294.9, 1.69769e+06, 4.71619e+29, 2.45111e+24, 1.25317e+13,     13.783, 7.87385e+24,    0.03468, 5.40863e-08, 5.64265e-24,          0, 5.64056e+13, 2.63306e+14, 2.09469e+09, 3.19713e+14, 2.02107e+14, 1.31494e+08,    1.76897,  0.0272642
1.63356e+08,    10982.3, 1.66622e+06, 4.75699e+29, 2.45132e+24, 1.27044e+13,    14.4295, 6.56085e+24,    0.03468, 4.87973e-08, 3.78086e-24,          0, 5.38279e+13, 2.51273e+14, 1.94364e+09, 3.05103e+14, 1.79709e+14, 1.27221e+08,    1.90387,   0.027101
1.64456e+08,    10674.2, 1.6349e+06, 4.7972e+29, 2.45151e+24, 1.28803e+13,     15.116, 5.45287e+24,    0.03468, 4.39621e-08, 2.51922e-24,          0, 5.13344e+13, 2.39633e+14, 1.8016e+09, 2.90969e+14, 1.59486e+14, 1.23021e+08,    2.05214,  0.0269357
1.65556e+08,    10370.5, 1.60375e+06, 4.8368e+29, 2.45167e+24, 1.30594e+13,    15.8457, 4.52016e+24,    0.03468, 3.95476e-08, 1.66897e-24,          0, 4.89237e+13, 2.28379e+14, 1.66815e+09, 2.77305e+14, 1.4126e+14, 1.18893e+08,    2.21539,  0.0267686
1.66656e+08,    10071.3, 1.57275e+06, 4.87578e+29, 2.45182e+24, 1.32419e+13,    16.6217, 3.73695e+24,    0.03468, 3.55226e-08, 1.09918e-24,          0, 4.6594e+13, 2.17504e+14, 1.54288e+09,  2.641e+14, 1.24866e+14, 1.14838e+08,    2.39543,  0.0265996
1.67756e+08,    9776.64, 1.54192e+06, 4.91413e+29, 2.45195e+24, 1.34278e+13,    17.4478, 3.08093e+24,    0.03468, 3.18576e-08, 7.19552e-25,          0, 4.43439e+13, 2.07001e+14, 1.4254e+09, 2.51346e+14, 1.10146e+14, 1.10856e+08,    2.59437,  0.0264287
1.68856e+08,    9486.42, 1.51125e+06, 4.95184e+29, 2.45206e+24, 1.36172e+13,    18.3281, 2.53289e+24,    0.03468, 2.85251e-08, 4.68118e-25,          0, 4.21718e+13, 1.96861e+14, 1.31534e+09, 2.39034e+14, 9.69556e+13, 1.06946e+08,    2.81462,  0.0262562
1.69956e+08,     9200.7, 1.48075e+06, 4.98891e+29, 2.45216e+24, 1.38103e+13,    19.2668, 2.07628e+24,    0.03468, 2.54993e-08, 3.02602e-25,          0, 4.00762e+13, 1.87079e+14, 1.21233e+09, 2.27156e+14, 8.51593e+13, 1.03109e+08,    3.05893,  0.0260821
1.71056e+08,    8919.48, 1.45042e+06, 5.02531e+29, 2.45225e+24, 1.40072e+13,    20.2689, 1.6969e+24,    0.03468, 2.2756e-08, 1.94327e-25,          0, 3.80555e+13, 1.77646e+14, 1.11602e+09, 2.15702e+14, 7.46314e+13, 9.93437e+07,    3.33049,  0.0259063
1.72156e+08,    8642.74, 1.42027e+06, 5.06106e+29, 2.45232e+24, 1.42081e+13,    21.3397, 1.38256e+24,    0.03468, 2.02725e-08, 1.23952e-25,          0, 3.61081e+13, 1.68555e+14, 1.02605e+09, 2.04664e+14, 6.52548e+13, 9.56505e+07,    3.63299,  0.0257292
1.73256e+08,     8370.5, 1.39028e+06, 5.09613e+29, 2.45239e+24, 1.4413e+13,    22.4849, 1.12288e+24,    0.03468, 1.80277e-08, 7.85135e-26,          0, 3.42324e+13, 1.59799e+14, 9.42112e+08, 1.94033e+14, 5.69217e+13, 9.20292e+07,     3.9707,  0.0255506
1.74356e+08,    8102.75, 1.36047e+06, 5.13052e+29, 2.45245e+24, 1.46222e+13,    23.7111, 9.08993e+23,    0.03468, 1.60019e-08, 4.93758e-26,          0, 3.24269e+13, 1.51371e+14, 8.63877e+08, 1.83799e+14, 4.95321e+13, 8.84797e+07,    4.34861,  0.0253707
1.75456e+08,    7839.49, 1.33084e+06, 5.16422e+29, 2.4525e+24, 1.48358e+13,    25.0254, 7.33364e+23,    0.03468, 1.41766e-08, 3.08221e-26,          0, 3.06901e+13, 1.43264e+14, 7.91042e+08, 1.73954e+14, 4.29939e+13, 8.50016e+07,    4.77251,  0.0251895
1.76556e+08,    7580.71, 1.30139e+06, 5.19724e+29, 2.45255e+24, 1.50539e+13,    26.4358, 5.89608e+23,    0.03468, 1.25349e-08, 1.90934e-26,          0, 2.90203e+13, 1.35469e+14, 7.23311e+08, 1.6449e+14, 3.72225e+13, 8.15949e+07,     5.2492,  0.0250071
1.77656e+08,    7326.41, 1.27212e+06, 5.22955e+29, 2.45258e+24, 1.52767e+13,    27.9509, 4.72326e+23,    0.03468, 1.10608e-08, 1.17347e-26,          0, 2.7416e+13, 1.2798e+14, 6.60402e+08, 1.55396e+14,  3.214e+13, 7.82593e+07,    5.78667,  0.0248237
1.78756e+08,    7076.58, 1.24304e+06, 5.26116e+29, 2.45262e+24, 1.55045e+13,    29.5806, 3.76965e+23,    0.03468, 9.73951e-09, 7.15325e-27,          0, 2.58756e+13, 1.20789e+14, 6.02043e+08, 1.46666e+14, 2.76753e+13, 7.49945e+07,    6.39435,  0.0246392
1.79856e+08,    6831.22, 1.21414e+06, 5.29206e+29, 2.45264e+24, 1.57373e+13,    31.3357, 2.99699e+23,    0.03468, 8.55743e-09, 4.32374e-27,          0, 2.43977e+13, 1.1389e+14, 5.47974e+08, 1.38288e+14, 2.3763e+13, 7.18003e+07,    7.08338,  0.0244538
1.80956e+08,    6590.31, 1.18542e+06, 5.32225e+29, 2.45267e+24, 1.59755e+13,    33.2282, 2.3732e+23,    0.03468, 7.5019e-09, 2.59064e-27,          0, 2.29806e+13, 1.07275e+14, 4.97943e+08, 1.30256e+14, 2.03438e+13, 6.86764e+07,    7.86704,  0.0242674
1.82056e+08,    6353.84, 1.15689e+06, 5.35172e+29, 2.45269e+24, 1.62192e+13,    35.2717, 1.87147e+23,    0.03468, 6.56121e-09, 1.53817e-27,          0, 2.16228e+13, 1.00937e+14, 4.51712e+08, 1.2256e+14, 1.73636e+13, 6.56227e+07,    8.76114,  0.0240803
1.83156e+08,    6121.81, 1.12855e+06, 5.38047e+29, 2.45271e+24, 1.64686e+13,    37.4814, 1.46949e+23,    0.03468, 5.72458e-09, 9.04703e-28,          0, 2.03229e+13, 9.48686e+13, 4.09051e+08, 1.15192e+14, 1.47732e+13, 6.26387e+07,    9.78466,  0.0238924
1.84256e+08,    5894.21, 1.1004e+06, 5.40849e+29, 2.45272e+24, 1.6724e+13,    39.8742, 1.14871e+23,    0.03468, 4.98207e-09, 5.26929e-28,          0, 1.90792e+13, 8.90632e+13, 3.69742e+08, 1.08143e+14, 1.25282e+13, 5.97243e+07,    10.9605,  0.0237039
1.85356e+08,    5671.01, 1.07245e+06, 5.43579e+29, 2.45273e+24, 1.69857e+13,    42.4692, 8.93799e+22,    0.03468, 4.32453e-09, 3.0379e-28,          0, 1.78904e+13, 8.35135e+13, 3.33574e+08, 1.01404e+14, 1.05882e+13, 5.6879e+07,    12.3162,  0.0235147
1.86456e+08,    5452.22, 1.04468e+06, 5.46236e+29, 2.45275e+24, 1.7254e+13,    45.2881, 6.92103e+22,    0.03468, 3.74356e-09, 1.73297e-28,          0, 1.67548e+13, 7.82127e+13, 3.00348e+08, 9.49679e+13, 8.91702e+12, 5.41028e+07,    13.8855,   0.023325
1.87556e+08,    5237.81, 1.01711e+06, 5.48819e+29, 2.45275e+24, 1.75291e+13,    48.3551, 5.33232e+22,    0.03468, 3.23145e-09, 9.77714e-29,          0, 1.56711e+13, 7.3154e+13, 2.69875e+08, 8.88254e+13, 7.48201e+12, 5.13951e+07,    15.7095,  0.0231348
1.88656e+08,    5027.77,     989734, 5.5133e+29, 2.45276e+24, 1.78113e+13,    51.6981, 4.08679e+22,    0.03468, 2.78115e-09, 5.45293e-29,          0, 1.46378e+13, 6.83304e+13, 2.41971e+08, 8.29685e+13, 6.25389e+12, 4.87559e+07,    17.8389,  0.0229443
1.89756e+08,    4822.08,     962553, 5.53766e+29, 2.45277e+24, 1.8101e+13,    55.3483, 3.11507e+22,    0.03468, 2.38621e-09, 3.00486e-29,          0, 1.36535e+13, 6.37352e+13, 2.16465e+08, 7.73889e+13, 5.20648e+12, 4.63925e+07,    20.1164,   0.022769
1.90856e+08,    4620.74,     935569, 5.5613e+29, 2.45277e+24, 1.83986e+13,    59.3415, 2.36084e+22,    0.03468, 2.04075e-09, 1.63515e-29,          0, 1.27166e+13, 5.93619e+13, 1.93194e+08, 7.20786e+13, 4.31641e+12, 4.40862e+07,    22.7639,  0.0225935
1.91956e+08,    4423.72,     908782, 5.5842e+29, 2.45278e+24, 1.87044e+13,    63.7189, 1.77853e+22,    0.03468, 1.73941e-09, 8.78165e-30,          0, 1.18258e+13, 5.52036e+13,   1.72e+08, 6.70296e+13, 3.56289e+12, 4.18369e+07,     25.855,  0.0224179
1.93056e+08,       4231,     882193, 5.60636e+29, 2.45278e+24, 1.90189e+13,    68.5272, 1.33145e+22,    0.03468, 1.47732e-09, 4.65162e-30,          0, 1.09797e+13, 5.1254e+13, 1.52737e+08, 6.22339e+13, 2.92748e+12, 3.96443e+07,    29.4807,  0.0222421
1.94156e+08,    4042.58,     855804, 5.62779e+29, 2.45278e+24, 1.93424e+13,    73.8206, 9.9021e+21,    0.03468, 1.25006e-09, 2.42855e-30,          0, 1.01769e+13, 4.75066e+13, 1.35265e+08, 5.76837e+13, 2.39388e+12, 3.75082e+07,    33.7549,  0.0220662
1.95256e+08,    3858.44,     829614, 5.64849e+29, 2.45279e+24, 1.96756e+13,    79.6615, 7.31339e+21,    0.03468, 1.05364e-09, 1.24877e-30,          0, 9.4161e+12, 4.3955e+13, 1.19452e+08, 5.33712e+13, 1.9477e+12, 3.54284e+07,    38.8199,  0.0218904
1.96356e+08,    3678.55,     803623, 5.66846e+29, 2.45279e+24, 2.00188e+13,    86.1223, 5.36219e+21,    0.03468, 8.84429e-10, 6.31923e-31,          0, 8.69587e+12, 4.05929e+13, 1.05172e+08, 4.92889e+13, 1.5763e+12, 3.34047e+07,    44.8562,  0.0217145
1.97456e+08,     3502.9,     777834, 5.6877e+29, 2.45279e+24, 2.03727e+13,    93.2871, 3.90145e+21,    0.03468, 7.39182e-10, 3.14425e-31,          0, 8.01491e+12, 3.74141e+13, 9.23076e+07, 4.54291e+13, 1.26862e+12, 3.14369e+07,    52.0935,  0.0215387
1.98556e+08,    3331.48,     752245, 5.70622e+29, 2.45279e+24, 2.07379e+13,    101.254, 2.81568e+21,    0.03468, 6.14965e-10, 1.53684e-31,          0, 7.37191e+12, 3.44126e+13, 8.07473e+07, 4.17846e+13, 1.01499e+12, 2.95248e+07,    60.8269,  0.0213631
1.99566e+08,    3177.78,     728927, 5.72259e+29, 2.45279e+24, 2.10838e+13,    109.375, 2.07134e+21,    0.03468, 5.17175e-10, 7.83396e-32,          0, 6.81385e+12, 3.18075e+13, 7.11913e+07, 3.86214e+13, 8.22516e+11, 2.76683e+07,    71.4394,  0.0211876
2.00576e+08,    3027.62,     705780, 5.73835e+29, 2.45279e+24, 2.14402e+13,    118.374, 1.51218e+21,    0.03468, 4.33066e-10, 3.92696e-32,          0, 6.28571e+12, 2.93421e+13,  6.257e+07, 3.56279e+13, 6.62862e+11, 2.58672e+07,    84.4326,  0.0210124
2.01586e+08,    2880.98,     682802, 5.75351e+29, 2.45279e+24, 2.18079e+13,    128.373, 1.0951e+21,    0.03468, 3.60989e-10, 1.93394e-32,          0, 5.78653e+12, 2.70119e+13, 5.48111e+07, 3.27985e+13, 5.31086e+11, 2.41215e+07,     100.47,  0.0208374
2.02596e+08,    2737.84,     659994, 5.76807e+29, 2.45279e+24, 2.21875e+13,    139.515, 7.86314e+20,    0.03468, 2.99464e-10, 9.34758e-33,          0, 5.31536e+12, 2.48124e+13, 4.78466e+07, 3.01278e+13, 4.22888e+11, 2.24309e+07,    120.441,  0.0206627
2.03606e+08,     2598.2,     637357, 5.78203e+29, 2.45279e+24, 2.25797e+13,    151.969, 5.59516e+20,    0.03468, 2.47161e-10, 4.42928e-33,          0, 4.87124e+12, 2.27392e+13, 4.16123e+07, 2.76105e+13, 3.34536e+11, 2.07955e+07,    145.549,  0.0204884
2.04616e+08,    2462.04,     614891, 5.79541e+29, 2.45279e+24, 2.29854e+13,    165.936, 3.94328e+20,    0.03468, 2.02891e-10,  2.055e-33,          0, 4.45324e+12, 2.0788e+13, 3.6048e+07, 2.52413e+13, 2.62812e+11, 1.92152e+07,    177.451,  0.0203146
2.05626e+08,    2329.35,     592594, 5.8082e+29, 2.45279e+24, 2.34053e+13,    181.651, 2.75083e+20,    0.03468, 1.65592e-10, 9.32285e-34,          0, 4.06046e+12, 1.89545e+13, 3.10971e+07, 2.3015e+13, 2.04946e+11,  1.769e+07,    218.456,  0.0201412
2.06636e+08,    2200.12,     570468, 5.82041e+29, 2.4528e+24, 2.38404e+13,    199.401, 1.89818e+20,    0.03468, 1.34322e-10, 4.12948e-34,          0, 3.69199e+12, 1.72345e+13, 2.67065e+07, 2.09265e+13, 1.58568e+11, 1.62199e+07,    271.836,  0.0199683
2.07646e+08,    2074.33,     548513, 5.83205e+29, 2.4528e+24, 2.42919e+13,    219.526, 1.29464e+20,    0.03468, 1.08243e-10, 1.78294e-34,          0, 3.34695e+12, 1.56238e+13, 2.28264e+07, 1.89707e+13, 1.21657e+11, 1.48051e+07,    342.318,   0.019796
2.08656e+08,    1951.99,     526727, 5.84312e+29, 2.4528e+24, 2.47607e+13,    242.443, 8.72052e+19,    0.03468, 8.66158e-11, 7.48995e-35,          0, 3.02445e+12, 1.41183e+13, 1.94104e+07, 1.71428e+13, 9.25009e+10, 1.34456e+07,    436.864,  0.0196243
2.09666e+08,    1833.07,     505112, 5.85362e+29, 2.4528e+24, 2.52483e+13,    268.655, 5.79576e+19,    0.03468, 6.87871e-11, 3.05519e-35,          0, 2.72365e+12, 1.27142e+13, 1.6415e+07, 1.54378e+13, 6.96551e+10, 1.21418e+07,    565.958,  0.0194533
2.10676e+08,    1717.58,     483667, 5.86357e+29, 2.4528e+24, 2.5756e+13,    298.784, 3.79667e+19,    0.03468, 5.41848e-11, 1.20733e-35,          0, 2.4437e+12, 1.14073e+13, 1.37999e+07, 1.3851e+13, 5.19081e+10, 1.08938e+07,    745.803,  0.0192829
2.11686e+08,    1605.51,     462391, 5.87298e+29, 2.4528e+24, 2.62855e+13,    333.597, 2.44859e+19,    0.03468, 4.23081e-11, 4.61032e-36,          0, 2.18376e+12, 1.01939e+13, 1.15273e+07, 1.23777e+13, 3.82498e+10, 9.70219e+06,    1002.16,  0.0191134
2.12696e+08,    1496.84,     441284, 5.88184e+29, 2.4528e+24, 2.68385e+13,    374.055, 1.55267e+19,    0.03468, 3.27208e-11, 1.69631e-36,          0, 1.94302e+12, 9.07014e+12, 9.5623e+06, 1.10132e+13, 2.78437e+10, 8.56734e+06,    1377.35,  0.0189446
2.13706e+08,    1391.58,     420346, 5.89017e+29, 2.4528e+24, 2.74172e+13,    421.364, 9.66601e+18,    0.03468, 2.50445e-11, 5.99416e-37,          0, 1.72068e+12, 8.03223e+12, 7.8726e+06, 9.75292e+12, 2.00016e+10, 7.48996e+06,    1943.61,  0.0187767
2.14716e+08,    1289.73,     399577, 5.89797e+29, 2.4528e+24, 2.80238e+13,    477.061, 5.89769e+18,    0.03468, 1.89529e-11, 2.02668e-37,          0, 1.51594e+12, 7.07652e+12, 6.42823e+06, 8.59247e+12, 1.41616e+10, 6.47085e+06,    2829.82,  0.0186097
2.15726e+08,    1191.28,     378976, 5.90527e+29, 2.4528e+24, 2.8661e+13,    543.122, 3.51998e+18,    0.03468, 1.41657e-11, 6.52862e-38,          0, 1.32804e+12, 6.19937e+12, 5.20158e+06, 7.52741e+12, 9.86886e+09, 5.51108e+06,    4278.31,  0.0184437
2.16736e+08,    1096.25,     358542, 5.91205e+29, 2.4528e+24, 2.93319e+13,    622.116, 2.05044e+18,    0.03468, 1.04435e-11, 1.99389e-38,          0, 1.1562e+12, 5.39722e+12, 4.16727e+06, 6.55342e+12, 6.75813e+09, 4.61195e+06,    6774.68,  0.0182787
2.17746e+08,    1004.63,     338276, 5.91834e+29, 2.4528e+24, 3.00399e+13,    717.432, 1.16271e+18,    0.03468, 7.58342e-12, 5.74038e-39,          0, 9.99678e+11, 4.66656e+12, 3.30198e+06, 5.66624e+12, 4.53921e+09, 3.77517e+06,    11370.9,  0.0181148
2.18756e+08,    916.432,     318176, 5.92415e+29, 2.4528e+24, 3.07893e+13,    833.602, 6.39867e+17,    0.03468, 5.41436e-12, 1.54749e-39,          0, 8.57733e+11, 4.00395e+12, 2.58441e+06, 4.86168e+12, 2.98385e+09, 3.00291e+06,    20582.4,  0.0179521
2.19766e+08,    831.674,     298243, 5.92948e+29, 2.4528e+24, 3.15848e+13,    976.785, 3.40513e+17,    0.03468, 3.79322e-12, 3.87552e-40,          0, 7.29637e+11, 3.40599e+12, 1.99512e+06, 4.13563e+12, 1.91466e+09, 2.29805e+06,      41250,  0.0177905
2.20776e+08,    750.371,     278474, 5.93435e+29, 2.4528e+24, 3.24323e+13,     1155.5, 1.74475e+17,    0.03468, 2.60131e-12, 8.93184e-41,          0, 6.14675e+11, 2.86934e+12, 1.51646e+06, 3.48402e+12, 1.19559e+09, 1.66449e+06,    95564.8,  0.0176302
2.21786e+08,    672.548,     258871, 5.93876e+29, 2.4528e+24, 3.33388e+13,    1381.79, 8.56324e+16,    0.03468, 1.74113e-12, 1.8729e-41,          0, 5.12142e+11, 2.39071e+12, 1.13246e+06, 2.90285e+12, 7.23822e+08, 1.10774e+06,     276693,  0.0174713
2.22796e+08,    598.232,     239431, 5.94275e+29, 2.4528e+24, 3.42998e+13,    1673.02, 4.00029e+16,    0.03468, 1.13336e-12, 3.52376e-42,          0, 4.21342e+11, 1.96685e+12,     828730, 2.38819e+12, 4.22924e+08,     636194, 1.18086e+06,  0.0173138
2.23806e+08,    527.462,     220155, 5.94631e+29, 2.4528e+24, 3.42998e+13,    2054.99, 1.76474e+16,    0.03468, 7.14299e-13, 5.84687e-43,          0, 3.41589e+11, 1.59456e+12,     592384, 1.93615e+12, 2.3715e+08,     264259, 9.80127e+06,  0.0171578
2.24816e+08,    460.283,     201041, 5.94946e+29, 2.4528e+24, 3.42998e+13,    2567.13, 7.27952e+15,    0.03468, 4.3345e-13, 8.37196e-44,          0, 2.72204e+11, 1.27066e+12,     411934, 1.54287e+12, 1.26715e+08,    11732.2,    2.05383,  0.0169868
2.25826e+08,    396.755,     182089, 5.95222e+29, 2.4528e+24, 3.42998e+13,    3271.92, 2.77227e+15,    0.03468, 2.51437e-13, 1.00598e-44,          0, 2.12515e+11, 9.92032e+11,     277218, 1.20455e+12, 6.39307e+07,          0,       -nan,       -nan
2.26836e+08,     336.95,     163297, 5.9546e+29, 2.4528e+24, 3.42998e+13,    4272.67, 9.58547e+14,    0.03468, 1.38119e-13, 9.77835e-46,          0, 1.61855e+11, 7.55551e+11,     179309, 9.17407e+11, 3.00921e+07,          0,       -nan,       -nan
2.27846e+08,    280.959,     144665, 5.95663e+29, 2.4528e+24, 3.42998e+13,    5749.17, 2.94185e+14,    0.03468, 7.09368e-14, 7.31662e-47,          0, 1.19561e+11, 5.58119e+11,     110444, 6.77681e+11, 1.30019e+07,          0,       -nan,       -nan
2.28856e+08,    228.899,     126192, 5.95831e+29, 2.4528e+24, 3.42998e+13,    8034.71, 7.76474e+13,    0.03468, 3.34613e-14, 3.9318e-48,          0, 8.49687e+10, 3.96639e+11,    63945.8, 4.81608e+11, 5.04105e+06,          0,       -nan,       -nan
2.29866e+08,     180.92,     107876, 5.95968e+29, 2.4528e+24, 3.42998e+13,    11798.6, 1.68305e+13,    0.03468, 1.41241e-14, 1.37129e-49,          0, 5.7411e+10, 2.67998e+11,    34149.9, 3.25409e+11, 1.6967e+06,          0,       -nan,       -nan
2.30876e+08,    137.218,    89716.9, 5.96074e+29, 2.4528e+24, 3.42998e+13,    18533.3,   2.79e+12,    0.03468, 5.12488e-15, 2.65491e-51,          0, 3.62133e+10, 1.69046e+11,    16337.6, 2.05259e+11,     471043,          0,       -nan,       -nan
2.31886e+08,    98.0613,    71713.2, 5.96154e+29, 2.4528e+24, 3.42998e+13,    32083.1, 3.14175e+11,    0.03468, 1.4951e-15, 2.19969e-53,          0, 2.06862e+10, 9.65644e+10,     6669.4, 1.17251e+11,    99066.4,          0,       -nan,       -nan
2.32896e+08,    63.8326,    53863.7, 5.96209e+29, 2.4528e+24, 3.42998e+13,    64687.5, 1.92847e+10,    0.03468, 3.09743e-16, 4.81138e-56,          0, 1.0114e+10, 4.72127e+10,    2122.63, 5.73267e+10,    13476.5,          0,       -nan,       -nan
2.33906e+08,    35.1209,    36166.9, 5.96243e+29, 2.4528e+24, 3.42998e+13,     171645, 3.96842e+08,    0.03468, 3.46409e-17, 9.55892e-60,          0, 3.73647e+09, 1.74421e+10,    431.456, 2.11786e+10,    836.464,          0,       -nan,       -nan
2.35836e+08,   0.744559,    2770.34, 5.96263e+29, 2.4528e+24, 3.43766e+13, 9.29581e+07, 0.00524545,    0.03468, 2.52819e-23,          0,          0, 6.0676e+06, 2.83239e+07,  0.0148534, 3.43915e+07, 1.31565e-05,          0,       -nan,       -nan
