X = 0.734
Y = 0.25
Z = 0.016
mu = 0.601142
    Radius,    Density,       Temp,       Mass,        Lum,       OptD,        Kff,         KH,        Kes,         PP,        CNO,         3a,        Deg,        Gas,        Rad,    TotPres,       dLdr,     dPdT,      dTRad,     dTConv
         0,          0,          0,          0,          0,          0,       -nan,          0,    0.03468,          0,          0,          0,          0,          0,          0,          0,          0,          0,       -nan,       -nan
      0.01,    61147.9, 5.67545e+06,     256136,     9.3676,    40241.6,   0.658102, 9.55479e+29,    0.03468, 3.65728e-05, 8.23043e-13, 3.37322e-65, 9.41502e+14, 4.76543e+15, 2.61632e+11, 5.7072e+15, 0.00281028, 9.46352e+08, 1.09395e-05, 4.5345e-06
1.0033e+06,    61144.6, 5.67524e+06, 2.58668e+23, 9.45907e+18, 4.03747e+10,   0.658161, 9.55135e+29,    0.03468, 3.65653e-05, 8.22394e-13, 3.36738e-65, 9.41416e+14, 4.76499e+15, 2.61593e+11, 5.70667e+15, 2.82811e+13, 9.46289e+08, 0.00109755, 0.000454926
2.0083e+06,    61134.4, 5.67461e+06, 2.07442e+24, 7.58302e+19, 8.08208e+10,    0.65834, 9.54103e+29,    0.03468, 3.65431e-05, 8.20445e-13, 3.34988e-65, 9.41155e+14, 4.76367e+15, 2.61477e+11, 5.70509e+15, 1.13229e+14, 9.46099e+08, 0.00219688, 0.000910515
3.0083e+06,    61117.6, 5.67357e+06, 6.97112e+24, 2.54675e+20, 1.21071e+11,   0.658637, 9.52396e+29,    0.03468, 3.65062e-05, 8.17226e-13, 3.32108e-65, 9.40723e+14, 4.76149e+15, 2.61285e+11, 5.70247e+15, 2.53737e+14, 9.45781e+08, 0.00329607, 0.00136588
4.0133e+06,    61093.9, 5.6721e+06, 1.65479e+25, 6.04027e+20, 1.61532e+11,   0.659054, 9.49999e+29,    0.03468, 3.64543e-05, 8.12718e-13, 3.28098e-65, 9.40115e+14, 4.75841e+15, 2.61015e+11, 5.69879e+15, 4.50774e+14, 9.45337e+08, 0.00439505, 0.00182092
5.0183e+06,    61063.4, 5.67021e+06, 3.23429e+25, 1.17928e+21, 2.02003e+11,   0.659591, 9.46924e+29,    0.03468, 3.63877e-05, 8.06956e-13, 3.23011e-65, 9.39334e+14, 4.75446e+15, 2.60668e+11, 5.69405e+15, 7.03166e+14, 9.44766e+08, 0.00549373, 0.00227552
6.0233e+06,    61026.2, 5.66791e+06, 5.59054e+25, 2.03567e+21, 2.42489e+11,   0.660248, 9.43179e+29,    0.03468, 3.63064e-05, 7.99967e-13, 3.16898e-65, 9.3838e+14, 4.74963e+15, 2.60245e+11, 5.68827e+15, 1.01013e+15, 9.44045e+08, 0.00662652, 0.00274382
7.11189e+06,    60978.3, 5.66494e+06, 9.19817e+25, 3.34354e+21, 2.86362e+11,   0.661096, 9.38374e+29,    0.03468, 3.6202e-05, 7.91051e-13, 3.09192e-65, 9.37152e+14, 4.74341e+15,  2.597e+11, 5.68083e+15, 1.4031e+15, 9.43133e+08, 0.00782816,    0.00324
8.21189e+06,    60921.8, 5.66144e+06, 1.41525e+26, 5.13401e+21, 3.30718e+11,   0.662097, 9.32742e+29,    0.03468, 3.60793e-05, 7.80666e-13, 3.00348e-65, 9.35706e+14, 4.7361e+15, 2.59059e+11, 5.67206e+15, 1.86263e+15, 9.4207e+08,  0.0090292, 0.00373525
9.31189e+06,    60857.3, 5.65745e+06, 2.06226e+26, 7.46372e+21, 3.75102e+11,   0.663243, 9.26342e+29,    0.03468, 3.59394e-05, 7.68957e-13, 2.90543e-65, 9.34056e+14, 4.72774e+15, 2.58328e+11, 5.66206e+15, 2.38325e+15, 9.40973e+08,  0.0101205, 0.00418455
1.04119e+07,    60784.8, 5.65295e+06, 2.88076e+26, 1.03988e+22, 4.19518e+11,   0.664536, 9.1919e+29,    0.03468, 3.57826e-05, 7.55987e-13, 2.79888e-65, 9.32202e+14, 4.71836e+15, 2.57508e+11, 5.65082e+15, 2.96303e+15, 9.39623e+08,  0.0113202, 0.00467761
1.15119e+07,    60704.3, 5.64796e+06, 3.89057e+26, 1.40033e+22, 4.6397e+11,   0.665977, 9.11305e+29,    0.03468, 3.56091e-05, 7.41825e-13, 2.68502e-65, 9.30145e+14, 4.70795e+15,  2.566e+11, 5.63835e+15, 3.59984e+15, 9.38125e+08,  0.0125191, 0.00516933
1.26119e+07,    60615.8, 5.64247e+06, 5.11134e+26, 1.83386e+22, 5.0846e+11,   0.667565, 9.02705e+29,    0.03468, 3.54192e-05, 7.26548e-13, 2.56507e-65, 9.27886e+14, 4.69651e+15, 2.55604e+11, 5.62466e+15, 4.29136e+15, 9.36477e+08,  0.0137171, 0.00565956
1.37119e+07,    60519.4, 5.63649e+06, 6.56254e+26, 2.34634e+22, 5.52994e+11,   0.669303, 8.93413e+29,    0.03468, 3.52131e-05, 7.10234e-13, 2.44027e-65, 9.25428e+14, 4.68407e+15, 2.54521e+11, 5.60975e+15, 5.03504e+15, 9.34682e+08,  0.0149142, 0.00614816
1.48119e+07,    60415.1, 5.63001e+06, 8.26347e+26, 2.94338e+22, 5.97575e+11,   0.671192, 8.83452e+29,    0.03468, 3.4991e-05, 6.92968e-13, 2.31187e-65, 9.22771e+14, 4.67062e+15, 2.53353e+11, 5.59365e+15, 5.82818e+15, 9.3274e+08,  0.0161103, 0.00663499
1.59119e+07,    60302.9, 5.62304e+06, 1.02332e+27, 3.63025e+22, 6.42206e+11,   0.673232, 8.72845e+29,    0.03468, 3.47534e-05, 6.74838e-13, 2.1811e-65, 9.19918e+14, 4.65618e+15,  2.521e+11, 5.57635e+15, 6.66791e+15, 9.30652e+08,  0.0173054, 0.00711991
1.70119e+07,      60183, 5.61558e+06, 1.24907e+27, 4.41192e+22, 6.86891e+11,   0.675426, 8.61618e+29,    0.03468, 3.45006e-05, 6.55933e-13, 2.04915e-65, 9.16869e+14, 4.64075e+15, 2.50765e+11, 5.55787e+15, 7.55118e+15, 9.28419e+08,  0.0184995, 0.00760279
1.81119e+07,    60055.2, 5.60763e+06, 1.50546e+27, 5.29299e+22, 7.31635e+11,   0.677774, 8.49799e+29,    0.03468, 3.42328e-05, 6.36345e-13, 1.91715e-65, 9.13628e+14, 4.62434e+15, 2.49348e+11, 5.53822e+15, 8.47482e+15, 9.26041e+08,  0.0196925, 0.00808349
1.92119e+07,    59919.7, 5.59919e+06, 1.79432e+27, 6.27774e+22, 7.76441e+11,   0.680279, 8.37415e+29,    0.03468, 3.39505e-05, 6.16169e-13, 1.78618e-65, 9.10196e+14, 4.60697e+15, 2.47851e+11, 5.51741e+15, 9.43552e+15, 9.2352e+08,  0.0208845, 0.00856188
2.03119e+07,    59776.6, 5.59027e+06, 2.11748e+27, 7.37004e+22, 8.21313e+11,   0.682942, 8.24496e+29,    0.03468, 3.3654e-05, 5.95497e-13, 1.6572e-65, 9.06574e+14, 4.58864e+15, 2.46275e+11, 5.49546e+15, 1.04299e+16, 9.20858e+08,  0.0220755, 0.00903782
2.14119e+07,    59625.8, 5.58086e+06, 2.47673e+27, 8.57341e+22, 8.66255e+11,   0.685765, 8.11071e+29,    0.03468, 3.33438e-05, 5.74422e-13, 1.53112e-65, 9.02767e+14, 4.56937e+15, 2.44622e+11, 5.47238e+15, 1.14543e+16, 9.18054e+08,  0.0232655, 0.00951117
2.25119e+07,    59467.5, 5.57098e+06, 2.87381e+27, 9.89096e+22, 9.11271e+11,    0.68875, 7.97173e+29,    0.03468, 3.30203e-05, 5.53039e-13, 1.40871e-65, 8.98775e+14, 4.54916e+15, 2.42893e+11, 5.44818e+15, 1.25053e+16, 9.15111e+08,  0.0244544, 0.00998182
2.36119e+07,    59301.6, 5.56061e+06, 3.31047e+27, 1.13254e+23, 9.56364e+11,   0.691899, 7.82832e+29,    0.03468, 3.26839e-05, 5.31436e-13, 1.29068e-65, 8.94601e+14, 4.52804e+15, 2.41091e+11, 5.42288e+15, 1.35791e+16, 9.12029e+08,  0.0256425,  0.0104496
2.47119e+07,    59128.3, 5.54978e+06, 3.7884e+27, 1.28791e+23, 1.00154e+12,   0.695214, 7.68081e+29,    0.03468, 3.2335e-05, 5.09703e-13, 1.17758e-65, 8.90248e+14,  4.506e+15, 2.39217e+11, 5.39649e+15, 1.4672e+16, 9.08811e+08,  0.0268296,  0.0109145
2.58119e+07,    58947.6, 5.53846e+06, 4.30927e+27, 1.45538e+23, 1.0468e+12,   0.698698, 7.52952e+29,    0.03468, 3.19742e-05, 4.87927e-13, 1.0699e-65, 8.85719e+14, 4.48308e+15, 2.37273e+11, 5.36903e+15, 1.57803e+16, 9.05457e+08,   0.028016,  0.0113762
2.69119e+07,    58759.6, 5.52668e+06, 4.87471e+27, 1.63512e+23, 1.09215e+12,   0.702354, 7.37478e+29,    0.03468, 3.16019e-05, 4.66189e-13, 9.67995e-66, 8.81016e+14, 4.45927e+15, 2.3526e+11, 5.34052e+15, 1.69001e+16, 9.01969e+08,  0.0292017,  0.0118347
2.80119e+07,    58564.4, 5.51443e+06, 5.48632e+27, 1.82721e+23, 1.1376e+12,   0.706183, 7.21694e+29,    0.03468, 3.12185e-05, 4.44568e-13, 8.72125e-66, 8.76142e+14, 4.4346e+15, 2.33181e+11, 5.31098e+15, 1.80277e+16, 8.98348e+08,  0.0303868,  0.0122899
2.91119e+07,      58362, 5.50172e+06, 6.14566e+27, 2.03174e+23, 1.18314e+12,   0.710188, 7.05632e+29,    0.03468, 3.08247e-05, 4.23139e-13, 7.82453e-66,  8.711e+14, 4.40909e+15, 2.31038e+11, 5.28042e+15, 1.91593e+16, 8.94597e+08,  0.0315715,  0.0127416
3.02119e+07,    58152.4, 5.48854e+06, 6.85425e+27, 2.24872e+23, 1.22878e+12,   0.714373, 6.89325e+29,    0.03468, 3.04208e-05, 4.01973e-13, 6.99055e-66, 8.65894e+14, 4.38273e+15, 2.28832e+11, 5.24886e+15, 2.0291e+16, 8.90716e+08,  0.0327559,  0.0131898
3.13119e+07,    57935.8, 5.4749e+06, 7.61357e+27, 2.47813e+23, 1.27453e+12,    0.71874, 6.72808e+29,    0.03468, 3.00074e-05, 3.81134e-13, 6.21922e-66, 8.60526e+14, 4.35556e+15, 2.26566e+11, 5.21632e+15, 2.14193e+16, 8.86707e+08,  0.0339401,  0.0136342
3.24119e+07,    57712.3, 5.46081e+06, 8.42508e+27, 2.71992e+23, 1.32039e+12,   0.723293, 6.56112e+29,    0.03468, 2.95851e-05, 3.60683e-13, 5.50973e-66, 8.54999e+14, 4.32759e+15, 2.24243e+11, 5.18281e+15, 2.25403e+16, 8.82573e+08,  0.0351245,  0.0140748
3.35119e+07,    57481.9, 5.44627e+06, 9.29017e+27, 2.97398e+23, 1.36637e+12,   0.728034, 6.39272e+29,    0.03468, 2.91543e-05, 3.40674e-13, 4.86064e-66, 8.49318e+14, 4.29883e+15, 2.21863e+11, 5.14837e+15, 2.36506e+16, 8.78314e+08,  0.0363091,  0.0145115
3.46119e+07,    57244.7, 5.43127e+06, 1.02102e+28, 3.24018e+23, 1.41246e+12,   0.732968, 6.22318e+29,    0.03468, 2.87156e-05, 3.21158e-13, 4.26996e-66, 8.43485e+14, 4.26931e+15, 2.1943e+11, 5.11301e+15, 2.47465e+16, 8.74337e+08,  0.0373865,   0.014905
3.57119e+07,    57000.8, 5.41583e+06, 1.11865e+28, 3.51834e+23, 1.45868e+12,   0.738098, 6.05283e+29,    0.03468, 2.82695e-05, 3.02178e-13, 3.73524e-66, 8.37504e+14, 4.23904e+15, 2.16946e+11, 5.07676e+15, 2.58247e+16, 8.69846e+08,  0.0385724,  0.0153339
3.68119e+07,    56750.3, 5.39995e+06, 1.22204e+28, 3.80824e+23, 1.50502e+12,   0.743427, 5.88199e+29,    0.03468, 2.78166e-05, 2.83772e-13, 3.2537e-66, 8.31378e+14, 4.20803e+15, 2.14413e+11, 5.03962e+15, 2.68818e+16, 8.65237e+08,  0.0397594,  0.0157585
3.79119e+07,    56493.2, 5.38363e+06, 1.3313e+28, 4.10965e+23, 1.5515e+12,   0.748961, 5.71095e+29,    0.03468, 2.73574e-05, 2.65975e-13, 2.82226e-66, 8.25111e+14, 4.17631e+15, 2.11832e+11, 5.00163e+15, 2.79146e+16, 8.60511e+08,  0.0409477,  0.0161787
3.90119e+07,    56229.8, 5.36688e+06, 1.44656e+28, 4.42226e+23, 1.59811e+12,   0.754702, 5.54001e+29,    0.03468, 2.68924e-05, 2.48813e-13, 2.43769e-66, 8.18707e+14, 4.14389e+15, 2.09208e+11, 4.96281e+15, 2.89201e+16, 8.5567e+08,  0.0421377,  0.0165946
4.01119e+07,    55959.9, 5.3497e+06, 1.56792e+28, 4.74578e+23, 1.64486e+12,   0.760655, 5.36946e+29,    0.03468, 2.64222e-05, 2.32309e-13, 2.0966e-66, 8.1217e+14, 4.1108e+15, 2.06541e+11, 4.92318e+15, 2.98953e+16, 8.50717e+08,  0.0433298,  0.0170058
4.12119e+07,    55683.8, 5.33208e+06, 1.69551e+28, 5.07984e+23, 1.69176e+12,   0.766826, 5.19958e+29,    0.03468, 2.59474e-05, 2.16481e-13, 1.7956e-66, 8.05502e+14, 4.07706e+15, 2.03835e+11, 4.88276e+15, 3.08373e+16, 8.45653e+08,  0.0445244,  0.0174124
4.23119e+07,    55401.6, 5.31405e+06, 1.82942e+28, 5.42407e+23, 1.7388e+12,   0.773217, 5.03063e+29,    0.03468, 2.54683e-05, 2.01342e-13, 1.53128e-66, 7.98709e+14, 4.04267e+15, 2.01091e+11, 4.84158e+15, 3.17437e+16, 8.4048e+08,  0.0457219,  0.0178142
4.34119e+07,    55113.3, 5.2956e+06, 1.96975e+28, 5.77806e+23,  1.786e+12,   0.779835, 4.86287e+29,    0.03468, 2.49857e-05, 1.86898e-13, 1.30033e-66, 7.91793e+14, 4.00767e+15, 1.98313e+11, 4.79966e+15, 3.26118e+16, 8.35202e+08,  0.0469227,  0.0182112
4.45119e+07,      54819, 5.27673e+06, 2.1166e+28, 6.14138e+23, 1.83336e+12,   0.786684, 4.69656e+29,    0.03468,   2.45e-05, 1.73154e-13, 1.09951e-66, 7.8476e+14, 3.97207e+15, 1.95501e+11, 4.75702e+15, 3.34395e+16, 8.29819e+08,  0.0481273,  0.0186032
4.56119e+07,    54518.9, 5.25745e+06, 2.27005e+28, 6.51357e+23, 1.88088e+12,    0.79377, 4.53192e+29,    0.03468, 2.40118e-05, 1.6011e-13, 9.25748e-67, 7.77612e+14, 3.93589e+15, 1.9266e+11, 4.71369e+15, 3.42245e+16, 8.24334e+08,  0.0493363,  0.0189902
4.67119e+07,      54213, 5.23777e+06, 2.4302e+28, 6.89416e+23, 1.92857e+12,   0.801098, 4.36917e+29,    0.03468, 2.35215e-05, 1.4776e-13, 7.76121e-67, 7.70355e+14, 3.89915e+15, 1.89791e+11, 4.6697e+15, 3.4965e+16, 8.18749e+08,  0.0505502,  0.0193721
4.78119e+07,    53901.5, 5.21769e+06, 2.59711e+28, 7.28263e+23, 1.97642e+12,   0.808675, 4.20854e+29,    0.03468, 2.30297e-05, 1.36098e-13,  6.479e-67, 7.62991e+14, 3.86188e+15, 1.86897e+11, 4.62506e+15, 3.56591e+16, 8.13067e+08,  0.0517696,  0.0197488
4.89119e+07,    53584.4, 5.1972e+06, 2.77087e+28, 7.67848e+23, 2.02446e+12,   0.816505, 4.0502e+29,    0.03468, 2.25369e-05, 1.25111e-13, 5.38549e-67, 7.55526e+14, 3.8241e+15, 1.83979e+11, 4.57981e+15, 3.63054e+16, 8.0729e+08,  0.0529952,  0.0201202
5.00119e+07,    53261.9, 5.17633e+06, 2.95154e+28, 8.08117e+23, 2.07268e+12,   0.824596, 3.89436e+29,    0.03468, 2.20435e-05, 1.14787e-13, 4.45737e-67, 7.47963e+14, 3.78582e+15, 1.81041e+11, 4.53396e+15, 3.69023e+16, 8.01421e+08,  0.0542275,  0.0204862
5.11119e+07,    52934.1, 5.15507e+06, 3.13918e+28, 8.49015e+23, 2.12109e+12,   0.832953, 3.74117e+29,    0.03468, 2.15501e-05, 1.05109e-13, 3.67337e-67, 7.40306e+14, 3.74706e+15, 1.78085e+11, 4.48754e+15, 3.74489e+16, 7.95461e+08,  0.0554674,  0.0208468
5.22119e+07,    52601.1, 5.13342e+06, 3.33386e+28, 8.90486e+23, 2.16968e+12,   0.841584, 3.5908e+29,    0.03468, 2.10571e-05, 9.60585e-14, 3.01426e-67, 7.3256e+14, 3.70785e+15, 1.75113e+11, 4.44059e+15, 3.7944e+16, 7.89413e+08,  0.0567155,  0.0212019
5.33119e+07,      52263, 5.1114e+06, 3.53563e+28, 9.32472e+23, 2.21848e+12,   0.850496, 3.44339e+29,    0.03468, 2.0565e-05, 8.7615e-14, 2.46277e-67, 7.24729e+14, 3.66821e+15, 1.72127e+11, 4.39312e+15, 3.83868e+16, 7.83279e+08,  0.0579727,  0.0215514
5.44119e+07,    51919.9,  5.089e+06, 3.74453e+28, 9.74917e+23, 2.26747e+12,   0.859696, 3.29907e+29,    0.03468, 2.00743e-05, 7.97567e-14, 2.00351e-67, 7.16816e+14, 3.62817e+15, 1.6913e+11, 4.34515e+15, 3.87768e+16, 7.77063e+08,  0.0592398,  0.0218952
5.55119e+07,    51571.9, 5.06624e+06, 3.96061e+28, 1.01776e+24, 2.31668e+12,   0.869191, 3.15797e+29,    0.03468, 1.95854e-05, 7.24602e-14, 1.62285e-67, 7.08827e+14, 3.58773e+15, 1.66124e+11, 4.29672e+15, 3.91135e+16, 7.70765e+08,  0.0605177,  0.0222333
5.66119e+07,    51219.2, 5.04311e+06, 4.1839e+28, 1.06095e+24, 2.36609e+12,   0.878989, 3.02019e+29,    0.03468, 1.90987e-05, 6.57015e-14, 1.30883e-67, 7.00766e+14, 3.54692e+15, 1.63111e+11, 4.24785e+15, 3.93968e+16, 7.6439e+08,  0.0618074,  0.0225657
5.77119e+07,    50861.8, 5.01963e+06, 4.41443e+28, 1.10441e+24, 2.41573e+12,     0.8891, 2.88581e+29,    0.03468, 1.86146e-05, 5.94555e-14,  1.051e-67, 6.92636e+14, 3.50577e+15, 1.60094e+11, 4.19857e+15, 3.96265e+16, 7.57939e+08,  0.0631098,  0.0228922
5.88119e+07,    50499.9, 4.99579e+06, 4.65224e+28, 1.14811e+24, 2.46558e+12,   0.899531, 2.75493e+29,    0.03468, 1.81335e-05, 5.36968e-14, 8.40295e-68, 6.84441e+14, 3.4643e+15, 1.57074e+11, 4.1489e+15, 3.98027e+16, 7.51415e+08,   0.064426,  0.0232127
5.99119e+07,    50133.6, 4.9716e+06, 4.89734e+28, 1.19196e+24, 2.51567e+12,   0.910291, 2.6276e+29,    0.03468, 1.76559e-05, 4.83996e-14, 6.68909e-68, 6.76187e+14, 3.42252e+15, 1.54055e+11, 4.09886e+15, 3.99259e+16, 7.4482e+08,  0.0657571,  0.0235274
6.10119e+07,    49763.1, 4.94707e+06, 5.14974e+28, 1.23592e+24, 2.56598e+12,   0.921389, 2.50389e+29,    0.03468, 1.7182e-05, 4.35384e-14, 5.30158e-68, 6.67878e+14, 3.38046e+15, 1.51037e+11, 4.04849e+15, 3.99964e+16, 7.38157e+08,  0.0671042,   0.023836
6.21119e+07,    49388.3, 4.9222e+06, 5.40945e+28, 1.27993e+24, 2.61654e+12,   0.932836, 2.38384e+29,    0.03468, 1.67124e-05, 3.90874e-14, 4.18352e-68, 6.59516e+14, 3.33814e+15, 1.48022e+11, 3.9978e+15, 4.00149e+16, 7.31428e+08,  0.0684687,  0.0241385
6.32119e+07,    49009.6,  4.897e+06, 5.67649e+28, 1.32394e+24, 2.66734e+12,   0.944641, 2.26748e+29,    0.03468, 1.62472e-05, 3.50214e-14, 3.2868e-68, 6.51108e+14, 3.29558e+15, 1.45014e+11, 3.94683e+15, 3.99821e+16, 7.24636e+08,  0.0698517,   0.024435
6.43119e+07,    48626.9, 4.87148e+06, 5.95084e+28, 1.36788e+24, 2.71839e+12,   0.956814, 2.15483e+29,    0.03468, 1.57868e-05, 3.13156e-14, 2.57095e-68, 6.42656e+14, 3.2528e+15, 1.42014e+11, 3.8956e+15, 3.98991e+16, 7.17784e+08,  0.0712547,  0.0247253
6.54119e+07,    48240.4, 4.84563e+06, 6.23251e+28, 1.4117e+24, 2.7697e+12,   0.969367, 2.0459e+29,    0.03468, 1.53316e-05, 2.79458e-14, 2.00217e-68, 6.34166e+14, 3.20982e+15, 1.39024e+11, 3.84413e+15, 3.97668e+16, 7.10874e+08,   0.072679,  0.0250094
6.65119e+07,    47850.2, 4.81946e+06, 6.52147e+28, 1.45535e+24, 2.82127e+12,   0.982311, 1.94071e+29,    0.03468, 1.48818e-05, 2.48885e-14, 1.55235e-68, 6.2564e+14, 3.16667e+15, 1.36046e+11, 3.79245e+15, 3.95865e+16, 7.03908e+08,  0.0741263,  0.0252872
6.75119e+07,    47492.4, 4.79541e+06, 6.79048e+28, 1.49483e+24, 2.86839e+12,   0.994428, 1.8483e+29,    0.03468, 1.44778e-05, 2.23612e-14, 1.22703e-68, 6.17863e+14, 3.12731e+15, 1.3335e+11, 3.7453e+15, 3.9382e+16, 6.9689e+08,  0.0755981,  0.0255589
6.86119e+07,    47095.6, 4.76866e+06, 7.09333e+28, 1.53801e+24, 2.92048e+12,    1.00815, 1.75019e+29,    0.03468, 1.40391e-05, 1.98382e-14, 9.43343e-69, 6.09282e+14, 3.08388e+15, 1.30399e+11, 3.69329e+15, 3.91137e+16, 6.89822e+08,   0.077096,  0.0258242
6.97119e+07,    46695.4, 4.74161e+06, 7.4034e+28, 1.58087e+24, 2.97285e+12,     1.0223, 1.65576e+29,    0.03468, 1.36067e-05, 1.75643e-14, 7.22021e-69, 6.00679e+14, 3.04033e+15, 1.27465e+11, 3.64113e+15, 3.88016e+16, 6.82705e+08,  0.0786219,  0.0260831
7.08119e+07,    46292.1, 4.71426e+06, 7.72068e+28, 1.62336e+24, 3.0255e+12,    1.03689, 1.56497e+29,    0.03468, 1.31807e-05, 1.55195e-14, 5.50165e-69, 5.92056e+14, 2.99668e+15, 1.2455e+11, 3.58886e+15, 3.84473e+16, 6.75544e+08,  0.0801775,  0.0263358
7.19119e+07,    45885.7, 4.68663e+06, 8.04512e+28, 1.66544e+24, 3.07845e+12,    1.05193, 1.47779e+29,    0.03468, 1.27613e-05, 1.36848e-14, 4.17343e-69, 5.83418e+14, 2.95296e+15, 1.21656e+11, 3.5365e+15, 3.80525e+16, 6.6834e+08,   0.081765,   0.026582
7.30119e+07,    45476.3, 4.65871e+06, 8.37668e+28, 1.70706e+24, 3.13169e+12,    1.06744, 1.39417e+29,    0.03468, 1.23488e-05, 1.20424e-14, 3.1517e-69, 5.74769e+14, 2.90919e+15, 1.18783e+11, 3.48407e+15, 3.76189e+16, 6.61096e+08,  0.0833862,  0.0268218
7.41119e+07,    45064.1, 4.63052e+06, 8.7153e+28, 1.74818e+24, 3.18525e+12,    1.08344, 1.31405e+29,    0.03468, 1.19433e-05, 1.05755e-14, 2.36942e-69, 5.66113e+14, 2.86537e+15, 1.15933e+11, 3.4316e+15, 3.71485e+16, 6.53815e+08,  0.0850434,  0.0270552
7.52119e+07,    44649.2, 4.60205e+06, 9.06095e+28, 1.78877e+24, 3.23911e+12,    1.09993, 1.23738e+29,    0.03468, 1.15451e-05, 9.26813e-15, 1.77329e-69, 5.57453e+14, 2.82154e+15, 1.13109e+11, 3.37911e+15, 3.66432e+16, 6.46498e+08,  0.0867388,  0.0272822
7.63119e+07,    44231.8, 4.57332e+06, 9.41355e+28, 1.82879e+24, 3.29329e+12,    1.11694, 1.16408e+29,    0.03468, 1.11542e-05, 8.10569e-15, 1.32115e-69, 5.48794e+14, 2.77771e+15, 1.10311e+11, 3.32662e+15, 3.6105e+16, 6.3915e+08,  0.0884749,  0.0275027
7.74119e+07,    43811.9, 4.54433e+06, 9.77304e+28, 1.86819e+24, 3.3478e+12,    1.13447, 1.0941e+29,    0.03468, 1.07708e-05, 7.07441e-15, 9.79839e-70, 5.40139e+14, 2.7339e+15, 1.0754e+11, 3.27415e+15, 3.55358e+16, 6.31771e+08,  0.0902542,  0.0277167
7.85119e+07,    43389.7, 4.51509e+06, 1.01394e+29, 1.90696e+24, 3.40264e+12,    1.15256, 1.02736e+29,    0.03468, 1.03951e-05, 6.16155e-15,  7.234e-70, 5.31491e+14, 2.69013e+15, 1.04799e+11, 3.22173e+15, 3.49378e+16, 6.24365e+08,  0.0920793,  0.0279243
7.96119e+07,    42965.3, 4.4856e+06, 1.05124e+29, 1.94505e+24, 3.45782e+12,    1.17122, 9.63769e+28,    0.03468, 1.00271e-05, 5.35532e-15, 5.31639e-70, 5.22855e+14, 2.64642e+15, 1.02087e+11, 3.16938e+15, 3.4313e+16, 6.16934e+08,  0.0939531,  0.0281254
8.07119e+07,    42538.8, 4.45587e+06, 1.08922e+29, 1.98244e+24, 3.51335e+12,    1.19046, 9.03258e+28,    0.03468, 9.66696e-06, 4.64489e-15, 3.88924e-70, 5.14234e+14, 2.60278e+15, 9.94074e+10, 3.11712e+15, 3.36636e+16, 6.09481e+08,  0.0958786,    0.02832
8.18119e+07,    42110.4, 4.4259e+06, 1.12785e+29, 2.0191e+24, 3.56924e+12,     1.2103, 8.45738e+28,    0.03468, 9.31473e-06, 4.02027e-15, 2.83214e-70, 5.05631e+14, 2.55924e+15, 9.67599e+10, 3.06497e+15, 3.29915e+16, 6.02008e+08,  0.0978588,  0.0285081
8.29119e+07,    41680.1, 4.3957e+06, 1.16714e+29, 2.05501e+24, 3.62548e+12,    1.23078, 7.91123e+28,    0.03468, 8.97049e-06, 3.47234e-15, 2.05286e-70, 4.9705e+14, 2.51581e+15, 9.41458e+10, 3.01295e+15, 3.2299e+16, 5.94517e+08,  0.0998971,  0.0286897
8.40119e+07,    41248.2, 4.36527e+06, 1.20706e+29, 2.09015e+24, 3.6821e+12,     1.2519, 7.39324e+28,    0.03468, 8.63428e-06, 2.99276e-15, 1.48113e-70, 4.88494e+14, 2.4725e+15, 9.15663e+10, 2.96109e+15, 3.1588e+16, 5.87011e+08,   0.101997,  0.0288649
8.51119e+07,    40814.6, 4.33463e+06, 1.24762e+29, 2.1245e+24, 3.73909e+12,    1.27369, 6.9025e+28,    0.03468, 8.30616e-06, 2.57397e-15, 1.06366e-70, 4.79967e+14, 2.42934e+15, 8.90222e+10, 2.9094e+15, 3.08607e+16, 5.79493e+08,   0.104162,  0.0290335
8.62119e+07,    40379.6, 4.30378e+06, 1.2888e+29, 2.15804e+24, 3.79647e+12,    1.29618, 6.4381e+28,    0.03468, 7.98614e-06, 2.20907e-15,          0, 4.71472e+14, 2.38634e+15, 8.65144e+10, 2.8579e+15, 3.01192e+16, 5.71964e+08,   0.106396,  0.0291957
8.73119e+07,    39943.3, 4.27271e+06, 1.33059e+29, 2.19075e+24, 3.85424e+12,    1.31939, 5.9991e+28,    0.03468, 7.67423e-06, 1.89187e-15,          0, 4.63011e+14, 2.34352e+15, 8.40438e+10, 2.80661e+15, 2.93654e+16, 5.64427e+08,   0.108704,  0.0293515
8.84119e+07,    39505.7, 4.24145e+06, 1.37298e+29, 2.22264e+24, 3.91241e+12,    1.34334, 5.58459e+28,    0.03468, 7.37045e-06, 1.61674e-15,          0, 4.54588e+14, 2.30089e+15, 8.16109e+10, 2.75556e+15, 2.86013e+16, 5.56885e+08,   0.111089,  0.0295008
8.95119e+07,    39067.1,   4.21e+06, 1.41595e+29, 2.25367e+24, 3.97099e+12,    1.36807, 5.19362e+28,    0.03468, 7.07478e-06, 1.37866e-15,          0, 4.46207e+14, 2.25846e+15, 7.92167e+10, 2.70475e+15, 2.78288e+16, 5.49339e+08,   0.113556,  0.0296437
9.06119e+07,    38627.4, 4.17835e+06, 1.45951e+29, 2.28386e+24,   4.03e+12,    1.39359, 4.82527e+28,    0.03468, 6.7872e-06, 1.17309e-15,          0, 4.37869e+14, 2.21626e+15, 7.68616e+10, 2.65421e+15,  2.705e+16, 5.41792e+08,    0.11611,  0.0297802
9.17119e+07,    38186.9, 4.14652e+06, 1.50363e+29, 2.31318e+24, 4.08942e+12,    1.41995, 4.47861e+28,    0.03468, 6.50768e-06, 9.96015e-16,          0, 4.29579e+14, 2.1743e+15, 7.45463e+10, 2.60395e+15, 2.62665e+16, 5.34247e+08,   0.118756,  0.0299103
9.28119e+07,    37745.7, 4.11452e+06, 1.5483e+29, 2.34164e+24, 4.14929e+12,    1.44716, 4.15273e+28,    0.03468, 6.23618e-06, 8.43826e-16,          0, 4.21337e+14, 2.13259e+15, 7.22713e+10,  2.554e+15, 2.54802e+16, 5.26705e+08,     0.1215,  0.0300341
9.39119e+07,    37303.8, 4.08234e+06, 1.59351e+29, 2.36924e+24, 4.2096e+12,    1.47527, 3.84672e+28,    0.03468, 5.97263e-06, 7.13327e-16,          0, 4.13149e+14, 2.09114e+15, 7.0037e+10, 2.50436e+15, 2.46928e+16, 5.19169e+08,   0.124348,  0.0301515
9.50119e+07,    36861.4,   4.05e+06, 1.63925e+29, 2.39597e+24, 4.27037e+12,     1.5043, 3.55968e+28,    0.03468, 5.71699e-06, 6.01683e-16,          0, 4.05015e+14, 2.04997e+15, 6.78438e+10, 2.45505e+15, 2.39059e+16, 5.11641e+08,   0.127305,  0.0302626
9.61119e+07,    36418.6, 4.0175e+06, 1.6855e+29, 2.42183e+24, 4.33159e+12,    1.53429, 3.29075e+28,    0.03468, 5.46919e-06, 5.06392e-16,          0, 3.96939e+14, 2.00909e+15, 6.56922e+10, 2.4061e+15, 2.31212e+16, 5.04122e+08,   0.130378,  0.0303674
9.72119e+07,    35975.5, 3.98485e+06, 1.73225e+29, 2.44684e+24, 4.3933e+12,    1.56527, 3.03906e+28,    0.03468, 5.22913e-06, 4.25246e-16,          0, 3.88922e+14, 1.96852e+15, 6.35824e+10, 2.3575e+15, 2.23401e+16, 4.96616e+08,   0.133574,   0.030466
9.83119e+07,    35532.2, 3.95205e+06, 1.77949e+29, 2.47098e+24, 4.45548e+12,    1.59729, 2.80376e+28,    0.03468, 4.99674e-06, 3.56307e-16,          0, 3.80969e+14, 1.92826e+15, 6.15147e+10, 2.30929e+15, 2.15641e+16, 4.89125e+08,     0.1369,  0.0305584
9.94119e+07,    35088.9, 3.91911e+06, 1.82719e+29, 2.49428e+24, 4.51816e+12,    1.63039, 2.58403e+28,    0.03468, 4.77193e-06, 2.97874e-16,          0, 3.7308e+14, 1.88833e+15, 5.94892e+10, 2.26147e+15, 2.07946e+16, 4.81649e+08,   0.140365,  0.0306446
1.00512e+08,    34645.6, 3.88603e+06, 1.87535e+29, 2.51673e+24, 4.58135e+12,     1.6646, 2.37908e+28,    0.03468, 4.55458e-06, 2.48462e-16,          0, 3.65258e+14, 1.84874e+15, 5.75062e+10, 2.21405e+15, 2.00328e+16, 4.74192e+08,   0.143976,  0.0307247
1.01612e+08,    34202.5, 3.85282e+06, 1.92395e+29, 2.53835e+24, 4.64504e+12,    1.69997, 2.18811e+28,    0.03468, 4.3446e-06, 2.06776e-16,          0, 3.57505e+14, 1.8095e+15, 5.55656e+10, 2.16706e+15,  1.928e+16, 4.66755e+08,   0.147742,  0.0307987
1.02712e+08,    33759.7, 3.81949e+06, 1.97298e+29, 2.55915e+24, 4.70926e+12,    1.73654, 2.01039e+28,    0.03468, 4.14187e-06, 1.71692e-16,          0, 3.49823e+14, 1.77062e+15, 5.36677e+10, 2.12049e+15, 1.85373e+16, 4.59341e+08,   0.151673,  0.0308666
1.03812e+08,    33317.2, 3.78604e+06, 2.02241e+29, 2.57914e+24, 4.77402e+12,    1.77437, 1.84516e+28,    0.03468, 3.94627e-06, 1.42234e-16,          0, 3.42215e+14, 1.73211e+15, 5.18123e+10, 2.07437e+15, 1.78057e+16, 4.5195e+08,   0.155779,  0.0309285
1.04912e+08,    32875.2, 3.75248e+06, 2.07224e+29, 2.59833e+24, 4.83932e+12,     1.8135, 1.69174e+28,    0.03468, 3.75767e-06, 1.17558e-16,          0, 3.34682e+14, 1.69398e+15, 4.99994e+10, 2.02871e+15, 1.70862e+16, 4.44586e+08,    0.16007,  0.0309844
1.06012e+08,    32433.8, 3.71882e+06, 2.12244e+29, 2.61674e+24, 4.90519e+12,    1.85399, 1.54943e+28,    0.03468, 3.57595e-06, 9.69373e-17,          0, 3.27226e+14, 1.65624e+15, 4.82291e+10, 1.98351e+15, 1.63798e+16, 4.3725e+08,   0.164558,  0.0310345
1.07112e+08,      31993, 3.68505e+06,  2.173e+29, 2.63437e+24, 4.97162e+12,    1.89589, 1.41757e+28,    0.03468, 3.40098e-06, 7.9747e-17,          0, 3.19848e+14, 1.6189e+15, 4.65011e+10, 1.93879e+15, 1.56871e+16, 4.29943e+08,   0.169255,  0.0310787
1.08212e+08,      31553, 3.65119e+06, 2.22391e+29, 2.65125e+24, 5.03863e+12,    1.93926, 1.29555e+28,    0.03468, 3.23261e-06, 6.54509e-17,          0, 3.12551e+14, 1.58196e+15, 4.48152e+10, 1.89456e+15, 1.50091e+16, 4.22668e+08,   0.174174,   0.031117
1.09312e+08,      31114, 3.61723e+06, 2.27514e+29, 2.6674e+24, 5.10624e+12,    1.98416, 1.18276e+28,    0.03468, 3.0707e-06, 5.35905e-17,          0, 3.05335e+14, 1.54544e+15, 4.31714e+10, 1.85082e+15, 1.43462e+16, 4.15427e+08,   0.179329,  0.0311496
1.10412e+08,    30675.9, 3.5832e+06, 2.32669e+29, 2.68282e+24, 5.17445e+12,    2.03066, 1.07861e+28,    0.03468, 2.91511e-06, 4.37748e-17,          0, 2.98204e+14, 1.50934e+15, 4.15693e+10, 1.80759e+15, 1.36992e+16, 4.0822e+08,   0.184735,  0.0311765
1.11512e+08,    30238.8, 3.54908e+06, 2.37852e+29, 2.69754e+24, 5.24329e+12,    2.07881, 9.82557e+27,    0.03468, 2.7657e-06, 3.56711e-17,          0, 2.91157e+14, 1.47368e+15, 4.00087e+10, 1.76487e+15, 1.30684e+16, 4.0105e+08,   0.190408,  0.0311977
1.12612e+08,      29803, 3.5149e+06, 2.43064e+29, 2.71158e+24, 5.31275e+12,     2.1287, 8.94072e+27,    0.03468, 2.62232e-06, 2.89974e-17,          0, 2.84196e+14, 1.43844e+15, 3.84893e+10, 1.72268e+15, 1.24544e+16, 3.93918e+08,   0.196366,  0.0312134
1.13712e+08,    29368.4, 3.48064e+06,  2.483e+29, 2.72495e+24, 5.38286e+12,    2.18039, 8.12653e+27,    0.03468, 2.48481e-06, 2.35149e-17,          0, 2.77323e+14, 1.40365e+15, 3.70108e+10, 1.68101e+15, 1.18576e+16, 3.86826e+08,   0.202625,  0.0312235
1.14812e+08,    28935.2, 3.44633e+06, 2.53561e+29, 2.73767e+24, 5.45363e+12,    2.23396, 7.37823e+27,    0.03468, 2.35303e-06, 1.90223e-17,          0, 2.70538e+14, 1.36931e+15, 3.55727e+10, 1.63989e+15, 1.12782e+16, 3.79776e+08,   0.209207,  0.0312281
1.15912e+08,    28503.4, 3.41196e+06, 2.58845e+29, 2.74977e+24, 5.52508e+12,     2.2895, 6.69128e+27,    0.03468, 2.22683e-06, 1.53499e-17,          0, 2.63843e+14, 1.33543e+15, 3.41746e+10, 1.59931e+15, 1.07164e+16, 3.72768e+08,   0.216132,  0.0312273
1.17012e+08,    28073.2, 3.37753e+06, 2.64148e+29, 2.76125e+24, 5.59721e+12,    2.34709, 6.06141e+27,    0.03468, 2.10604e-06, 1.23557e-17,          0, 2.57239e+14,  1.302e+15, 3.28163e+10, 1.55927e+15, 1.01725e+16, 3.65805e+08,   0.223423,  0.0312212
1.18112e+08,    27644.5, 3.34307e+06, 2.6947e+29, 2.77215e+24, 5.67004e+12,    2.40682, 5.48455e+27,    0.03468, 1.99052e-06, 9.92061e-18,          0, 2.50727e+14, 1.26904e+15, 3.14971e+10, 1.5198e+15, 9.64656e+15, 3.58888e+08,   0.231105,  0.0312098
1.19212e+08,    27217.6, 3.30856e+06, 2.74809e+29, 2.78248e+24, 5.74359e+12,    2.46879, 4.95686e+27,    0.03468, 1.88011e-06, 7.94528e-18,          0, 2.44307e+14, 1.23655e+15, 3.02167e+10, 1.48088e+15, 9.13865e+15, 3.52018e+08,   0.239204,  0.0311932
1.20312e+08,    26792.5, 3.27402e+06, 2.80163e+29, 2.79226e+24, 5.81787e+12,    2.53309, 4.47474e+27,    0.03468, 1.77466e-06, 6.34703e-18,          0, 2.3798e+14, 1.20452e+15, 2.89744e+10, 1.44253e+15, 8.64879e+15, 3.45196e+08,   0.247749,  0.0311714
1.21412e+08,    26369.3, 3.23945e+06, 2.8553e+29, 2.80152e+24, 5.89291e+12,    2.59984, 4.03477e+27,    0.03468, 1.67401e-06, 5.05723e-18,          0, 2.31748e+14, 1.17298e+15, 2.77699e+10, 1.40475e+15, 8.17692e+15, 3.38425e+08,   0.256769,  0.0311445
1.22512e+08,      25948, 3.20485e+06, 2.90909e+29, 2.81026e+24, 5.9687e+12,    2.66913, 3.63375e+27,    0.03468, 1.57802e-06, 4.01908e-18,          0, 2.2561e+14, 1.14191e+15, 2.66025e+10, 1.36755e+15, 7.72296e+15, 3.31705e+08,   0.266299,  0.0311126
1.23612e+08,    25528.8, 3.17024e+06, 2.96297e+29, 2.81851e+24, 6.04528e+12,     2.7411, 3.26869e+27,    0.03468, 1.48653e-06, 3.18568e-18,          0, 2.19568e+14, 1.11133e+15, 2.54717e+10, 1.33092e+15, 7.28677e+15, 3.25037e+08,   0.276374,  0.0310757
1.24712e+08,    25111.7, 3.13561e+06, 3.01692e+29, 2.8263e+24, 6.12266e+12,    2.81586, 2.93676e+27,    0.03468, 1.3994e-06, 2.51842e-18,          0, 2.13621e+14, 1.08123e+15, 2.43769e+10, 1.29488e+15, 6.86818e+15, 3.18423e+08,   0.287032,   0.031034
1.25812e+08,    24696.8, 3.10097e+06, 3.07094e+29, 2.83363e+24, 6.20085e+12,    2.89354, 2.63532e+27,    0.03468, 1.31646e-06, 1.98561e-18,          0, 2.07771e+14, 1.05162e+15, 2.33176e+10, 1.25941e+15, 6.46698e+15, 3.11863e+08,   0.298316,  0.0309875
1.26912e+08,    24284.1, 3.06633e+06, 3.12499e+29, 2.84053e+24, 6.27988e+12,    2.97429, 2.36193e+27,    0.03468, 1.23759e-06, 1.56131e-18,          0, 2.02017e+14, 1.0225e+15, 2.2293e+10, 1.22454e+15, 6.08292e+15, 3.0536e+08,   0.310271,  0.0309362
1.28012e+08,    23873.8, 3.03169e+06, 3.17906e+29, 2.84702e+24, 6.35976e+12,    3.05824, 2.11427e+27,    0.03468, 1.16262e-06, 1.22434e-18,          0, 1.9636e+14, 9.93864e+14, 2.13026e+10, 1.19025e+15, 5.71571e+15, 2.98913e+08,   0.322946,  0.0308803
1.29112e+08,    23465.9, 2.99706e+06, 3.23314e+29, 2.85311e+24, 6.44051e+12,    3.14555, 1.89021e+27,    0.03468, 1.09143e-06, 9.57459e-19,          0,  1.908e+14, 9.65723e+14, 2.03457e+10, 1.15654e+15, 5.36505e+15, 2.92525e+08,   0.336394,  0.0308198
1.30212e+08,    23060.4, 2.96244e+06, 3.2872e+29, 2.85883e+24, 6.52215e+12,    3.23638, 1.68775e+27,    0.03468, 1.02386e-06, 7.46674e-19,          0, 1.85338e+14, 9.38074e+14, 1.94217e+10, 1.12343e+15, 5.03059e+15, 2.86195e+08,   0.350673,  0.0307548
1.31312e+08,    22657.5, 2.92783e+06, 3.34123e+29, 2.86418e+24, 6.60471e+12,    3.33091, 1.50505e+27,    0.03468, 9.59783e-07, 5.80661e-19,          0, 1.79972e+14, 9.10918e+14,  1.853e+10, 1.09091e+15, 4.71198e+15, 2.79926e+08,   0.365847,  0.0306854
1.32412e+08,    22257.2, 2.89325e+06, 3.3952e+29, 2.8692e+24, 6.68819e+12,    3.42931, 1.3404e+27,    0.03468, 8.9906e-07, 4.50278e-19,          0, 1.74704e+14, 8.84254e+14, 1.76698e+10, 1.05898e+15, 4.40883e+15, 2.73718e+08,   0.381984,  0.0306116
1.33512e+08,    21859.6, 2.85868e+06, 3.44911e+29, 2.87389e+24, 6.77263e+12,    3.53178, 1.1922e+27,    0.03468, 8.41558e-07, 3.48171e-19,          0, 1.69534e+14, 8.58084e+14, 1.68405e+10, 1.02763e+15, 4.12075e+15, 2.67571e+08,   0.399159,  0.0305335
1.34612e+08,    21464.8, 2.82415e+06, 3.50292e+29, 2.87827e+24, 6.85805e+12,    3.63852, 1.05898e+27,    0.03468, 7.87145e-07, 2.68438e-19,          0, 1.6446e+14, 8.32405e+14, 1.60414e+10, 9.96882e+14, 3.84731e+15, 2.61487e+08,   0.417453,  0.0304513
1.35712e+08,    21072.7, 2.78966e+06, 3.55663e+29, 2.88236e+24, 6.94446e+12,    3.74975, 9.39391e+26,    0.03468, 7.35696e-07, 2.06357e-19,          0, 1.59484e+14, 8.07218e+14, 1.52719e+10, 9.66718e+14, 3.58809e+15, 2.55466e+08,   0.436956,  0.0303649
1.36812e+08,    20683.5, 2.7552e+06, 3.61021e+29, 2.88617e+24, 7.0319e+12,    3.86569, 8.3218e+26,    0.03468, 6.87085e-07, 1.58163e-19,          0, 1.54605e+14, 7.82522e+14, 1.45312e+10, 9.37141e+14, 3.34265e+15, 2.4951e+08,   0.457764,  0.0302744
1.37912e+08,    20297.1, 2.72078e+06, 3.66365e+29, 2.88972e+24, 7.12037e+12,    3.98659, 7.36195e+26,    0.03468, 6.41189e-07, 1.20861e-19,          0, 1.49822e+14, 7.58314e+14, 1.38187e+10, 9.0815e+14, 3.11053e+15, 2.43619e+08,   0.479984,    0.03018
1.39012e+08,    19913.8, 2.68642e+06, 3.71693e+29, 2.89302e+24, 7.20992e+12,     4.1127, 6.50378e+26,    0.03468, 5.97892e-07, 9.20751e-20,          0, 1.45136e+14, 7.34594e+14, 1.31336e+10, 8.79743e+14, 2.89128e+15, 2.37793e+08,   0.503733,  0.0300818
1.40112e+08,    19533.5, 2.6521e+06, 3.77003e+29, 2.89608e+24, 7.30056e+12,     4.2443, 5.73759e+26,    0.03468, 5.57077e-07, 6.99295e-20,          0, 1.40545e+14, 7.1136e+14, 1.24753e+10, 8.51918e+14, 2.68444e+15, 2.32033e+08,   0.529139,  0.0299797
1.41212e+08,    19156.2, 2.61784e+06, 3.82294e+29, 2.89893e+24, 7.39232e+12,    4.38168, 5.05446e+26,    0.03468, 5.18631e-07, 5.29447e-20,          0, 1.36051e+14, 6.8861e+14, 1.18431e+10, 8.24672e+14, 2.48955e+15, 2.26341e+08,   0.556343,  0.0298739
1.42312e+08,    18782.1, 2.58364e+06, 3.87563e+29, 2.90156e+24, 7.48523e+12,    4.52514, 4.44625e+26,    0.03468, 4.82446e-07, 3.99587e-20,          0, 1.31651e+14, 6.6634e+14, 1.12362e+10, 7.98002e+14, 2.30613e+15, 2.20716e+08,   0.585498,  0.0297644
1.43412e+08,    18411.1, 2.54951e+06, 3.9281e+29,  2.904e+24, 7.57931e+12,    4.67502, 3.90552e+26,    0.03468, 4.48416e-07, 3.00612e-20,          0, 1.27346e+14, 6.4455e+14, 1.06541e+10, 7.71906e+14, 2.13374e+15, 2.15159e+08,   0.616776,  0.0296514
1.44512e+08,    18043.3, 2.51544e+06, 3.98031e+29, 2.90626e+24, 7.6746e+12,    4.83166, 3.42547e+26,    0.03468, 4.16439e-07, 2.25418e-20,          0, 1.23134e+14, 6.23235e+14, 1.0096e+10, 7.46379e+14, 1.9719e+15, 2.09671e+08,   0.650363,  0.0295349
1.45612e+08,    17678.8, 2.48145e+06, 4.03226e+29, 2.90835e+24, 7.77112e+12,    4.99543, 2.99991e+26,    0.03468, 3.86414e-07, 1.68477e-20,          0, 1.19017e+14, 6.02393e+14, 9.56122e+09, 7.21419e+14, 1.82016e+15, 2.04252e+08,   0.686466,   0.029415
1.46712e+08,    17317.6, 2.44754e+06, 4.08393e+29, 2.91027e+24, 7.8689e+12,    5.16673, 2.62323e+26,    0.03468, 3.58245e-07, 1.25498e-20,          0, 1.14991e+14, 5.8202e+14, 9.04912e+09, 6.9702e+14, 1.67807e+15, 1.98903e+08,   0.725315,  0.0292918
1.47812e+08,    16959.8, 2.4137e+06, 4.13531e+29, 2.91204e+24, 7.96797e+12,    5.34599, 2.29029e+26,    0.03468, 3.31841e-07, 9.31666e-21,          0, 1.11058e+14, 5.62113e+14, 8.55901e+09, 6.7318e+14, 1.54518e+15, 1.93624e+08,   0.767162,  0.0291653
1.48912e+08,    16605.3, 2.37995e+06, 4.18637e+29, 2.91367e+24, 8.06837e+12,    5.53364, 1.99647e+26,    0.03468, 3.0711e-07, 6.89265e-21,          0, 1.07217e+14, 5.42669e+14, 8.09024e+09, 6.49894e+14, 1.42105e+15, 1.88414e+08,   0.812288,  0.0290357
1.50012e+08,    16254.2, 2.34629e+06, 4.2371e+29, 2.91517e+24, 8.17014e+12,    5.73018, 1.73758e+26,    0.03468, 2.83967e-07, 5.08151e-21,          0, 1.03466e+14, 5.23683e+14, 7.64214e+09, 6.27156e+14, 1.30525e+15, 1.83276e+08,   0.861004,  0.0289031
1.51112e+08,    15906.6, 2.31272e+06, 4.28749e+29, 2.91655e+24, 8.27329e+12,    5.93612, 1.5098e+26,    0.03468, 2.62328e-07, 3.73297e-21,          0, 9.98043e+13, 5.05151e+14, 7.21406e+09, 6.04963e+14, 1.19737e+15, 1.78209e+08,   0.913656,  0.0287674
1.52212e+08,    15562.5, 2.27924e+06, 4.33751e+29, 2.91781e+24, 8.37788e+12,      6.152, 1.30973e+26,    0.03468, 2.42113e-07, 2.73242e-21,          0, 9.6232e+13, 4.8707e+14, 6.80536e+09, 5.83309e+14,  1.097e+15, 1.73213e+08,   0.970629,  0.0286288
1.53312e+08,      15222, 2.24586e+06, 4.38716e+29, 2.91896e+24, 8.48394e+12,    6.37842, 1.13427e+26,    0.03468, 2.23245e-07, 1.99271e-21,          0, 9.27476e+13, 4.69434e+14, 6.41541e+09, 5.62188e+14, 1.00372e+15, 1.68289e+08,    1.03235,  0.0284874
1.54412e+08,    14884.9, 2.21259e+06, 4.43642e+29, 2.92002e+24, 8.5915e+12,    6.61599, 9.80649e+25,    0.03468, 2.05649e-07, 1.44784e-21,          0, 8.93505e+13, 4.5224e+14, 6.04359e+09, 5.41596e+14, 9.17162e+14, 1.63436e+08,    1.09931,  0.0283433
1.55512e+08,    14551.5, 2.17942e+06, 4.48527e+29, 2.92098e+24, 8.7006e+12,     6.8654, 8.46365e+25,    0.03468, 1.89256e-07, 1.04796e-21,          0, 8.60395e+13, 4.35482e+14, 5.68927e+09, 5.21527e+14, 8.36941e+14, 1.58656e+08,    1.17203,  0.0281965
1.56612e+08,    14221.7, 2.14636e+06, 4.53371e+29, 2.92186e+24, 8.8113e+12,    7.12737, 7.29183e+25,    0.03468, 1.73997e-07, 7.55598e-22,          0, 8.28139e+13, 4.19155e+14, 5.35185e+09, 5.01974e+14, 7.62695e+14, 1.53947e+08,    1.25112,  0.0280471
1.57712e+08,    13895.5, 2.11342e+06, 4.5817e+29, 2.92266e+24, 8.92362e+12,    7.40267,  6.271e+25,    0.03468, 1.59806e-07, 5.42658e-22,          0, 7.96725e+13, 4.03255e+14, 5.03074e+09, 4.82933e+14, 6.94072e+14, 1.49311e+08,    1.33726,  0.0278952
1.58812e+08,      13573, 2.08059e+06, 4.62925e+29, 2.92339e+24, 9.03761e+12,    7.69213, 5.38323e+25,    0.03468, 1.46621e-07, 3.88169e-22,          0, 7.66144e+13, 3.87777e+14, 4.72536e+09, 4.64396e+14, 6.30735e+14, 1.44748e+08,     1.4312,  0.0277409
1.59912e+08,    13254.1, 2.04788e+06, 4.67634e+29, 2.92405e+24, 9.15332e+12,    7.99665, 4.61255e+25,    0.03468, 1.34383e-07, 2.76529e-22,          0, 7.36385e+13, 3.72715e+14, 4.43513e+09, 4.46357e+14, 5.72357e+14, 1.40257e+08,     1.5338,  0.0275842
1.61012e+08,      12939, 2.01529e+06, 4.72295e+29, 2.92465e+24, 9.2708e+12,     8.3172, 3.94471e+25,    0.03468, 1.23034e-07, 1.96179e-22,          0, 7.07437e+13, 3.58063e+14, 4.15948e+09, 4.28811e+14, 5.18626e+14, 1.35839e+08,    1.64602,  0.0274253
1.62112e+08,    12627.6, 1.98282e+06, 4.76907e+29, 2.92519e+24, 9.3901e+12,    8.65479, 3.36705e+25,    0.03468, 1.12521e-07, 1.38586e-22,          0, 6.79291e+13, 3.43817e+14, 3.89787e+09, 4.1175e+14, 4.69242e+14, 1.31494e+08,    1.76897,  0.0272642
1.63212e+08,      12320, 1.95049e+06, 4.81469e+29, 2.92569e+24, 9.51126e+12,    9.01056, 2.86831e+25,    0.03468, 1.02792e-07, 9.74776e-23,          0, 6.51934e+13, 3.29971e+14, 3.64975e+09, 3.95168e+14, 4.23921e+14, 1.27221e+08,    1.90387,   0.027101
1.64312e+08,    12016.2, 1.91828e+06, 4.8598e+29, 2.92613e+24, 9.63434e+12,    9.38571, 2.43853e+25,    0.03468, 9.37977e-08, 6.82605e-23,          0, 6.25356e+13, 3.16518e+14, 3.41461e+09, 3.79057e+14, 3.82389e+14, 1.23021e+08,    2.05214,  0.0269357
1.65412e+08,    11716.1, 1.88621e+06, 4.90438e+29, 2.92653e+24, 9.75939e+12,    9.78153, 2.06888e+25,    0.03468, 8.54909e-08, 4.75854e-23,          0, 5.99545e+13, 3.03454e+14, 3.19192e+09, 3.63412e+14, 3.44386e+14, 1.18893e+08,    2.21539,  0.0267686
1.66512e+08,    11419.8, 1.85428e+06, 4.94842e+29, 2.92689e+24, 9.88648e+12,    10.1994, 1.75158e+25,    0.03468, 7.78275e-08, 3.30198e-23,          0, 5.7449e+13, 2.90773e+14, 2.98118e+09, 3.48225e+14, 3.09665e+14, 1.14838e+08,    2.39543,  0.0265996
1.67612e+08,    11127.3, 1.82248e+06, 4.99191e+29, 2.92721e+24, 1.00157e+13,    10.6409, 1.47977e+25,    0.03468, 7.07652e-08, 2.28049e-23,          0, 5.50179e+13, 2.78468e+14, 2.78191e+09, 3.33488e+14, 2.77991e+14, 1.10856e+08,    2.59437,  0.0264287
1.68712e+08,    10838.7, 1.79083e+06, 5.03484e+29, 2.9275e+24, 1.0147e+13,    11.1076, 1.24739e+25,    0.03468, 6.42641e-08, 1.56743e-23,          0,  5.266e+13, 2.66533e+14, 2.59361e+09, 3.19196e+14, 2.49142e+14, 1.06946e+08,    2.81462,  0.0262562
1.69812e+08,    10553.9, 1.75932e+06, 5.07719e+29, 2.92776e+24, 1.02805e+13,    11.6014, 1.04915e+25,    0.03468, 5.82863e-08, 1.07203e-23,          0, 5.03741e+13, 2.54964e+14, 2.41584e+09, 3.0534e+14, 2.22908e+14, 1.03109e+08,    3.05893,  0.0260821
1.70912e+08,      10273, 1.72796e+06, 5.11897e+29, 2.92799e+24, 1.04164e+13,    12.1241, 8.80381e+24,    0.03468, 5.27961e-08, 7.29513e-24,          0, 4.8159e+13, 2.43752e+14, 2.24812e+09, 2.91914e+14, 1.99091e+14, 9.93437e+07,    3.33049,  0.0259063
1.72012e+08,    9995.87, 1.69674e+06, 5.16015e+29, 2.9282e+24, 1.05546e+13,    12.6778, 7.37025e+24,    0.03468, 4.77595e-08, 4.93872e-24,          0, 4.60136e+13, 2.32893e+14, 2.09003e+09, 2.78909e+14, 1.77503e+14, 9.56505e+07,    3.63299,  0.0257292
1.73112e+08,    9722.64, 1.66568e+06, 5.20073e+29, 2.92838e+24, 1.06952e+13,    13.2649, 6.15525e+24,    0.03468, 4.31446e-08, 3.3258e-24,          0, 4.39365e+13, 2.2238e+14, 1.94114e+09, 2.66319e+14, 1.5797e+14, 9.20292e+07,     3.9707,  0.0255506
1.74212e+08,    9453.28, 1.63477e+06, 5.2407e+29, 2.92855e+24, 1.08383e+13,    13.8878, 5.12785e+24,    0.03468, 3.89213e-08, 2.22751e-24,          0, 4.19266e+13, 2.12207e+14, 1.80102e+09, 2.54136e+14, 1.40325e+14, 8.84797e+07,    4.34861,  0.0253707
1.75312e+08,     9187.8, 1.60402e+06, 5.28005e+29, 2.92869e+24, 1.09841e+13,    14.5492, 4.2611e+24,    0.03468, 3.50611e-08, 1.48362e-24,          0, 3.99826e+13, 2.02368e+14, 1.66928e+09, 2.42352e+14, 1.24414e+14, 8.50016e+07,    4.77251,  0.0251895
1.76412e+08,     8926.2, 1.57343e+06, 5.31876e+29, 2.92882e+24, 1.11325e+13,    15.2521, 3.53166e+24,    0.03468, 3.15375e-08, 9.82528e-25,          0, 3.81033e+13, 1.92856e+14, 1.54552e+09, 2.30961e+14, 1.10093e+14, 8.15949e+07,     5.2492,  0.0250071
1.77512e+08,    8668.47, 1.54299e+06, 5.35684e+29, 2.92893e+24, 1.12836e+13,    15.9998, 2.91926e+24,    0.03468, 2.83252e-08, 6.46871e-25,          0, 3.62874e+13, 1.83665e+14, 1.42937e+09, 2.19954e+14, 9.72254e+13, 7.82593e+07,    5.78667,  0.0248237
1.78612e+08,    8414.63, 1.51272e+06, 5.39427e+29, 2.92903e+24, 1.14376e+13,    16.7956, 2.40644e+24,    0.03468, 2.54007e-08, 4.23321e-25,          0, 3.45337e+13, 1.74789e+14, 1.32046e+09, 2.09324e+14, 8.56862e+13, 7.49945e+07,    6.39435,  0.0246392
1.79712e+08,    8164.67, 1.48261e+06, 5.43105e+29, 2.92912e+24, 1.15946e+13,    17.6436, 1.9781e+24,    0.03468, 2.27418e-08, 2.75315e-25,          0, 3.2841e+13, 1.66221e+14, 1.21843e+09, 1.99064e+14, 7.53577e+13, 7.18003e+07,    7.08338,  0.0244538
1.80812e+08,     7918.6, 1.45267e+06, 5.46717e+29, 2.9292e+24, 1.17546e+13,    18.5479, 1.62129e+24,    0.03468, 2.03279e-08, 1.77917e-25,          0, 3.1208e+13, 1.57956e+14, 1.12295e+09, 1.89165e+14, 6.61311e+13, 6.86764e+07,    7.86704,  0.0242674
1.81912e+08,    7676.41, 1.4229e+06, 5.50262e+29, 2.92927e+24, 1.19177e+13,    19.5132, 1.32487e+24,    0.03468, 1.81396e-08, 1.14223e-25,          0, 2.96334e+13, 1.49987e+14, 1.03368e+09, 1.79621e+14, 5.79053e+13, 6.56227e+07,    8.76114,  0.0240803
1.83012e+08,    7438.09, 1.39329e+06, 5.5374e+29, 2.92933e+24, 1.20841e+13,    20.5447, 1.07931e+24,    0.03468, 1.61588e-08, 7.28368e-26,          0, 2.8116e+13, 1.42307e+14,  9.503e+08, 1.70424e+14, 5.05869e+13, 6.26387e+07,    9.78466,  0.0238924
1.84112e+08,    7203.65, 1.36386e+06, 5.57149e+29, 2.92938e+24, 1.22539e+13,     21.648, 8.7647e+23,    0.03468, 1.43684e-08, 4.61231e-26,          0, 2.66547e+13, 1.3491e+14, 8.7251e+08, 1.61565e+14, 4.40895e+13, 5.97243e+07,    10.9605,  0.0237039
1.85212e+08,    6973.09, 1.3346e+06, 5.6049e+29, 2.92943e+24, 1.24273e+13,    22.8293, 7.09424e+23,    0.03468, 1.27528e-08, 2.89975e-26,          0, 2.5248e+13, 1.2779e+14, 8.00011e+08, 1.53039e+14, 3.83336e+13, 5.6879e+07,    12.3162,  0.0235147
1.86312e+08,    6746.38, 1.30552e+06, 5.63762e+29, 2.92947e+24, 1.26042e+13,    24.0956, 5.72274e+23,    0.03468, 1.12973e-08, 1.80957e-26,          0, 2.38948e+13, 1.20941e+14, 7.32518e+08, 1.44837e+14, 3.32458e+13, 5.41028e+07,    13.8855,   0.023325
1.87412e+08,    6523.54, 1.27661e+06, 5.66964e+29, 2.9295e+24, 1.27849e+13,    25.4545, 4.60028e+23,    0.03468, 9.98819e-09, 1.12062e-26,          0, 2.25939e+13, 1.14356e+14, 6.69758e+08, 1.36951e+14, 2.8759e+13, 5.13951e+07,    15.7095,  0.0231348
1.88512e+08,    6304.55, 1.24787e+06, 5.70096e+29, 2.92953e+24, 1.29696e+13,    26.9145, 3.68463e+23,    0.03468, 8.81278e-09, 6.88481e-27,          0, 2.1344e+13, 1.0803e+14, 6.11467e+08, 1.29375e+14, 2.48116e+13, 4.87559e+07,    17.8389,  0.0229443
1.89612e+08,     6089.4, 1.21932e+06, 5.73158e+29, 2.92955e+24, 1.31583e+13,     28.485, 2.94021e+23,    0.03468, 7.75929e-09, 4.19528e-27,          0, 2.01439e+13, 1.01956e+14, 5.57393e+08, 1.22101e+14, 2.13471e+13, 4.63925e+07,    20.1164,   0.022769
1.90712e+08,     5878.1, 1.19095e+06, 5.76149e+29, 2.92958e+24, 1.33512e+13,    30.1765, 2.33711e+23,    0.03468, 6.81682e-09, 2.53475e-27,          0, 1.89924e+13, 9.61279e+13, 5.07294e+08, 1.15121e+14, 1.8314e+13, 4.40862e+07,    22.7639,  0.0225935
1.91812e+08,    5670.62, 1.16275e+06, 5.79069e+29, 2.92959e+24, 1.35486e+13,    32.0007, 1.85028e+23,    0.03468, 5.97528e-09, 1.51804e-27,          0, 1.78883e+13, 9.05396e+13, 4.60938e+08, 1.08428e+14, 1.56657e+13, 4.18369e+07,     25.855,  0.0224179
1.92912e+08,    5466.95, 1.13474e+06, 5.81917e+29, 2.92961e+24, 1.37505e+13,    33.9707, 1.45876e+23,    0.03468, 5.22533e-09, 9.0086e-28,          0, 1.68304e+13, 8.51852e+13, 4.18102e+08, 1.02016e+14, 1.33594e+13, 3.96443e+07,    29.4807,  0.0222421
1.94012e+08,     5267.1, 1.10692e+06, 5.84693e+29, 2.92962e+24, 1.39572e+13,    36.1012, 1.14513e+23,    0.03468, 4.55836e-09, 5.29552e-28,          0, 1.58175e+13, 8.00585e+13, 3.78575e+08, 9.58763e+13, 1.13566e+13, 3.75082e+07,    33.7549,  0.0220662
1.95112e+08,    5071.04, 1.07928e+06, 5.87398e+29, 2.92964e+24, 1.41689e+13,    38.4088, 8.94891e+22,    0.03468, 3.96646e-09, 3.08229e-28,          0, 1.48484e+13, 7.51536e+13, 3.42153e+08, 9.00024e+13, 9.62226e+12, 3.54284e+07,    38.8199,  0.0218904
1.96212e+08,    4878.77, 1.05182e+06, 5.9003e+29, 2.92965e+24, 1.43858e+13,    40.9118, 6.96073e+22,    0.03468, 3.44231e-09, 1.77573e-28,          0, 1.3922e+13, 7.04647e+13, 3.08642e+08, 8.4387e+13, 8.12495e+12, 3.34047e+07,    44.8562,  0.0217145
1.97312e+08,    4690.27, 1.02455e+06, 5.9259e+29, 2.92965e+24, 1.46081e+13,    43.6314, 5.38794e+22,    0.03468, 2.97923e-09, 1.01214e-28,          0, 1.30371e+13, 6.59858e+13, 2.77857e+08, 7.90232e+13, 6.83625e+12, 3.14369e+07,    52.0935,  0.0215387
1.98412e+08,    4505.53,     997466, 5.95078e+29, 2.92966e+24, 1.48361e+13,    46.5913, 4.1494e+22,    0.03468, 2.57107e-09, 5.70503e-29,          0, 1.21925e+13, 6.17112e+13, 2.49622e+08, 7.3904e+13, 5.73066e+12, 2.95248e+07,    60.8269,  0.0213631
1.99512e+08,    4324.54,     970571, 5.97494e+29, 2.92967e+24,  1.507e+13,    49.8182, 3.17867e+22,    0.03468, 2.2122e-09, 3.17851e-29,          0, 1.13872e+13, 5.76351e+13, 2.23769e+08, 6.90226e+13, 4.78533e+12, 2.76683e+07,    71.4394,  0.0211876
2.00612e+08,    4147.28,     943865, 5.99837e+29, 2.92967e+24, 1.53102e+13,    53.3428, 2.42159e+22,    0.03468, 1.89749e-09, 1.74948e-29,          0,  1.062e+13, 5.37519e+13, 2.00138e+08, 6.43721e+13, 3.97984e+12, 2.58672e+07,    84.4326,  0.0210124
2.01712e+08,    3973.74,     917348, 6.02108e+29, 2.92967e+24, 1.55568e+13,       57.2, 1.83416e+22,    0.03468, 1.62223e-09, 9.50762e-30,          0, 9.88974e+12, 5.00558e+13, 1.78578e+08, 5.99458e+13, 3.29599e+12, 2.41215e+07,     100.47,  0.0208374
2.02812e+08,    3803.92,     891022, 6.04307e+29, 2.92968e+24, 1.58103e+13,    61.4297, 1.38083e+22,    0.03468, 1.38217e-09, 5.09856e-30,          0, 9.19539e+12, 4.65414e+13, 1.58944e+08, 5.5737e+13, 2.71761e+12, 2.24309e+07,    120.441,  0.0206627
2.03912e+08,    3637.78,     864886, 6.06434e+29, 2.92968e+24, 1.6071e+13,    66.0779, 1.03294e+22,    0.03468, 1.1734e-09, 2.69622e-30,          0, 8.53584e+12, 4.32032e+13, 1.41099e+08, 5.17392e+13, 2.23038e+12, 2.07955e+07,    145.549,  0.0204884
2.05012e+08,    3475.33,     838941, 6.08489e+29, 2.92968e+24, 1.63393e+13,    71.1972, 7.67557e+21,    0.03468, 9.92424e-10, 1.40505e-30,          0, 7.91003e+12, 4.00357e+13, 1.24915e+08, 4.79459e+13, 1.82163e+12, 1.92152e+07,    177.451,  0.0203146
2.06112e+08,    3316.54,     813188, 6.10472e+29, 2.92968e+24, 1.66155e+13,    76.8489, 5.66357e+21,    0.03468, 8.36035e-10, 7.20981e-31,          0, 7.3169e+12, 3.70336e+13, 1.10269e+08, 4.43507e+13, 1.48022e+12,  1.769e+07,    218.456,  0.0201412
2.07212e+08,     3161.4,     787627, 6.12384e+29, 2.92969e+24, 1.69002e+13,    83.1037, 4.14814e+21,    0.03468, 7.01354e-10, 3.63996e-31,          0, 6.7554e+12, 3.41917e+13, 9.70447e+07, 4.09472e+13, 1.19634e+12, 1.62199e+07,    271.836,  0.0199683
2.08222e+08,    3022.16,     764326, 6.14077e+29, 2.92969e+24, 1.71693e+13,    89.4483, 3.09526e+21,    0.03468, 5.94577e-10, 1.91428e-31,          0, 6.26681e+12, 3.17188e+13, 8.60608e+07, 3.79857e+13, 9.79011e+11, 1.48051e+07,    342.318,   0.019796
2.09232e+08,    2885.97,     741188, 6.1571e+29, 2.92969e+24, 1.74464e+13,    96.4451, 2.29368e+21,    0.03468, 5.0209e-10, 9.91537e-32,          0, 5.80325e+12, 2.93725e+13, 7.61034e+07, 3.51758e+13, 7.97148e+11, 1.34456e+07,    436.864,  0.0196243
2.10242e+08,    2752.82,     718213, 6.17284e+29, 2.92969e+24, 1.77317e+13,     104.18, 1.68732e+21,    0.03468, 4.22247e-10, 5.05423e-32,          0, 5.36392e+12, 2.71489e+13, 6.70969e+07, 3.25129e+13, 6.45645e+11, 1.21418e+07,    565.958,  0.0194533
2.11252e+08,    2622.71,     695400, 6.18799e+29, 2.92969e+24, 1.80258e+13,    112.754, 1.23173e+21,    0.03468, 3.53562e-10, 2.53314e-32,          0, 4.94808e+12, 2.50441e+13, 5.89696e+07, 2.99923e+13, 5.20028e+11, 1.08938e+07,    745.803,  0.0192829
2.12262e+08,    2495.63,     672750, 6.20255e+29, 2.92969e+24, 1.83292e+13,    122.282, 8.91871e+20,    0.03468, 2.94693e-10, 1.24711e-32,          0, 4.55495e+12, 2.30544e+13, 5.16541e+07, 2.76094e+13, 4.16393e+11, 9.70219e+06,    1002.16,  0.0191134
2.13272e+08,    2371.55,     650263, 6.21653e+29, 2.92969e+24, 1.86425e+13,    132.904, 6.40243e+20,    0.03468, 2.44435e-10, 6.02475e-33,          0, 4.18381e+12, 2.11759e+13, 4.50864e+07, 2.53597e+13, 3.31339e+11, 8.56734e+06,    1377.35,  0.0189446
2.14282e+08,    2250.48,     627938, 6.22994e+29, 2.92969e+24, 1.89661e+13,     144.78, 4.55428e+20,    0.03468, 2.01706e-10, 2.85274e-33,          0, 3.83392e+12, 1.94049e+13, 3.92065e+07, 2.32389e+13, 2.61923e+11, 7.48996e+06,    1943.61,  0.0187767
2.15292e+08,     2132.4,     605777, 6.24277e+29, 2.92969e+24, 1.93009e+13,    158.103, 3.20832e+20,    0.03468, 1.65537e-10, 1.3223e-33,          0, 3.50455e+12, 1.77379e+13, 3.39579e+07, 2.12424e+13, 2.05602e+11, 6.47085e+06,    2829.82,  0.0186097
2.16302e+08,     2017.3,     583778, 6.25503e+29, 2.92969e+24, 1.96474e+13,      173.1, 2.23689e+20,    0.03468, 1.35063e-10, 5.99159e-34,          0, 3.19499e+12, 1.61711e+13, 2.92874e+07, 1.93661e+13, 1.60191e+11, 5.51108e+06,    4278.31,  0.0184437
2.17312e+08,    1905.18,     561942, 6.26673e+29, 2.92969e+24, 2.00065e+13,    190.047, 1.54249e+20,    0.03468, 1.09516e-10, 2.64996e-34,          0, 2.90455e+12, 1.47011e+13, 2.51453e+07, 1.76056e+13, 1.2382e+11, 4.61195e+06,    6774.68,  0.0182787
2.18322e+08,    1796.03,     540269, 6.27787e+29, 2.92969e+24, 2.03791e+13,    209.272, 1.05118e+20,    0.03468, 8.82123e-11, 1.14206e-34,          0, 2.63254e+12, 1.33243e+13, 2.14847e+07, 1.59569e+13, 9.48959e+10, 3.77517e+06,    11370.9,  0.0181148
2.19332e+08,    1689.84,     518758, 6.28846e+29, 2.92969e+24, 2.07661e+13,    231.176, 7.07349e+19,    0.03468, 7.05473e-11, 4.78719e-35,          0, 2.37827e+12, 1.20374e+13, 1.8262e+07, 1.44156e+13, 7.20675e+10, 3.00291e+06,    20582.4,  0.0179521
2.20342e+08,    1586.61,     497409, 6.29851e+29, 2.92969e+24, 2.11686e+13,    256.246, 4.69555e+19,    0.03468, 5.59886e-11, 1.94764e-35,          0, 2.14109e+12, 1.08369e+13, 1.54363e+07, 1.2978e+13, 5.41967e+10, 2.29805e+06,      41250,  0.0177905
2.21352e+08,    1486.32,     476222, 6.30802e+29, 2.92969e+24, 2.15878e+13,    285.084, 3.07165e+19,    0.03468, 4.40684e-11, 7.67295e-36,          0, 1.92032e+12, 9.71949e+12, 1.29696e+07, 1.16398e+13, 4.0329e+10, 1.66449e+06,    95564.8,  0.0176302
2.22362e+08,    1388.99,     455197, 6.31699e+29, 2.92969e+24, 2.2025e+13,    318.432, 1.97775e+19,    0.03468, 3.43772e-11, 2.91947e-36,          0, 1.71533e+12, 8.68196e+12, 1.08265e+07, 1.03973e+13, 2.96688e+10, 1.10774e+06,     276693,  0.0174713
2.23372e+08,    1294.59,     434333, 6.32545e+29, 2.92969e+24, 2.24818e+13,    357.223, 1.25171e+19,    0.03468, 2.65583e-11, 1.06967e-36,          0, 1.52548e+12, 7.72106e+12, 8.97391e+06, 9.24656e+12, 2.15577e+10,     636194, 1.18086e+06,  0.0173138
2.24382e+08,    1203.14,     413630, 6.33339e+29, 2.92969e+24, 2.29598e+13,    402.629, 7.77498e+18,    0.03468, 2.03022e-11, 3.76133e-37,          0, 1.35015e+12, 6.83362e+12, 7.38141e+06, 8.18377e+12, 1.54542e+10,     264259, 9.80127e+06,  0.0171578
2.25392e+08,    1114.64,     393088, 6.34083e+29, 2.92969e+24, 2.3461e+13,    456.148, 4.73157e+18,    0.03468, 1.53415e-11, 1.26451e-37,          0, 1.18871e+12, 6.01651e+12, 6.02073e+06, 7.20522e+12, 1.09167e+10,    11732.2,    2.05383,  0.0169868
2.26402e+08,    1029.08,     372706, 6.34777e+29, 2.92969e+24, 2.39876e+13,    519.706, 2.81548e+18,    0.03468, 1.1447e-11, 4.04651e-38,          0, 1.04056e+12, 5.26667e+12, 4.86582e+06, 6.30723e+12, 7.58769e+09,          0,       -nan,       -nan
2.27412e+08,    946.473,     352484, 6.35422e+29, 2.92969e+24, 2.45422e+13,     595.82, 1.63431e+18,    0.03468, 8.42248e-12, 1.22635e-38,          0, 9.05104e+11, 4.58108e+12, 3.89266e+06, 5.48619e+12, 5.18065e+09,          0,       -nan,       -nan
2.28422e+08,    866.825,     332421, 6.3602e+29, 2.92969e+24, 2.51278e+13,    687.812, 9.2297e+17,    0.03468, 6.10182e-12, 3.49915e-39,          0, 7.81755e+11, 3.95676e+12, 3.07923e+06, 4.73852e+12, 3.46798e+09,          0,       -nan,       -nan
2.29432e+08,    790.148,     312516, 6.36571e+29, 2.92969e+24, 2.57478e+13,    800.143, 5.05519e+17,    0.03468, 4.34485e-12,  9.335e-40,          0, 6.69935e+11, 3.3908e+12, 2.40536e+06, 4.06073e+12, 2.27091e+09,          0,       -nan,       -nan
2.30442e+08,    716.456,     292770, 6.37076e+29, 2.92969e+24, 2.64064e+13,    938.892, 2.67525e+17,    0.03468, 3.03439e-12, 2.30945e-40,          0, 5.69072e+11, 2.88029e+12, 1.85266e+06, 3.44937e+12, 1.45075e+09,          0,       -nan,       -nan
2.31452e+08,    645.767,     273181, 6.37537e+29, 2.92969e+24, 2.71084e+13,     1112.5, 1.36184e+17,    0.03468, 2.07327e-12, 5.24671e-41,          0, 4.78606e+11, 2.42241e+12, 1.40441e+06, 2.90101e+12, 9.01285e+08,          0,       -nan,       -nan
2.32462e+08,    578.105,     253749, 6.37955e+29, 2.92969e+24, 2.78598e+13,    1332.95, 6.63248e+16,    0.03468, 1.38166e-12, 1.08169e-41,          0, 3.97981e+11, 2.01434e+12, 1.04546e+06, 2.41232e+12, 5.42403e+08,          0,       -nan,       -nan
2.33472e+08,      513.5,     234473, 6.3833e+29, 2.92969e+24, 2.86677e+13,    1617.62, 3.07003e+16,    0.03468, 8.94727e-13, 1.99454e-42,          0, 3.26652e+11, 1.65331e+12,     762192, 1.97996e+12, 3.14709e+08,          0,       -nan,       -nan
2.34482e+08,    451.987,     215353, 6.38666e+29, 2.92969e+24, 2.9541e+13,    1992.44, 1.33953e+16,    0.03468, 5.6041e-13, 3.23051e-43,          0, 2.64076e+11, 1.33659e+12,     542368, 1.60066e+12, 1.75009e+08,          0,       -nan,       -nan
2.35492e+08,    393.613,     196387, 6.38962e+29, 2.92969e+24, 3.0491e+13,    2497.34, 5.45236e+15,    0.03468, 3.37519e-13, 4.49226e-44,          0, 2.09717e+11, 1.06146e+12,     375097, 1.27118e+12, 9.25828e+07,          0,       -nan,       -nan
2.36502e+08,    338.434,     177575, 6.3922e+29, 2.92969e+24, 3.06765e+13,    3196.08, 2.04273e+15,    0.03468, 1.9399e-13, 5.20749e-45,          0, 1.63045e+11, 8.25233e+11,     250738, 9.88279e+11, 4.61459e+07,          0,       -nan,       -nan
2.37512e+08,    286.519,     158916, 6.39443e+29, 2.92969e+24, 3.06765e+13,     4195.1, 6.92029e+14,    0.03468, 1.05342e-13, 4.84004e-46,          0, 1.2353e+11, 6.25233e+11,     160829, 7.48763e+11, 2.13962e+07,          0,       -nan,       -nan
2.38522e+08,    237.955,     140409, 6.39631e+29, 2.92969e+24, 3.06765e+13,    5681.78, 2.06941e+14,    0.03468, 5.33158e-14, 3.42078e-47,          0, 9.06447e+10, 4.58787e+11,    98011.3, 5.49432e+11, 9.0702e+06,          0,       -nan,       -nan
2.39532e+08,    192.853,     122054, 6.39787e+29, 2.92969e+24, 3.06765e+13,    8008.58, 5.27963e+13,    0.03468, 2.46721e-14, 1.70622e-48,          0,  6.386e+10, 3.2322e+11,    55962.2, 3.8708e+11, 3.4306e+06,          0,       -nan,       -nan
2.40542e+08,    151.355,     103848, 6.39913e+29, 2.92969e+24, 3.06765e+13,    11896.8, 1.09299e+13,    0.03468, 1.01477e-14, 5.3799e-50,          0, 4.2643e+10, 2.15833e+11,    29328.2, 2.58476e+11, 1.11676e+06,          0,       -nan,       -nan
2.41552e+08,    113.649,    85791.7, 6.4001e+29, 2.92969e+24, 3.06765e+13,    18996.1, 1.69754e+12,    0.03468, 3.54914e-15, 9.02744e-52,          0, 2.64523e+10, 1.33885e+11,    13660.6, 1.60338e+11,     295748,          0,       -nan,       -nan
2.42562e+08,    79.9913,    67883.2, 6.40082e+29, 2.92969e+24, 3.06765e+13,    33712.3, 1.73145e+11,    0.03468, 9.79191e-16, 6.01935e-54,          0, 1.47318e+10, 7.45634e+10,    5354.74, 8.92952e+10,    57911.6,          0,       -nan,       -nan
2.43572e+08,      50.75,    50121.5, 6.40131e+29, 2.92969e+24, 3.06765e+13,    70883.6, 8.99431e+09,    0.03468, 1.84633e-16, 9.12772e-57,          0,  6.901e+09, 3.49286e+10,    1591.43, 4.18296e+10,    6985.71,          0,       -nan,       -nan
2.44582e+08,    26.5055,    32505.5, 6.40159e+29, 2.92969e+24, 3.06765e+13,     204791, 1.31921e+08,    0.03468, 1.70585e-17, 8.62439e-61,          0, 2.33746e+09, 1.18308e+10,    281.527, 1.41683e+10,    339.888,          0,       -nan,       -nan
2.46302e+08,   0.683585,    2837.45, 6.40174e+29, 2.92969e+24, 3.07556e+13, 8.05251e+07, 0.00623422,    0.03468, 2.55436e-23,          0,          0, 5.26226e+06, 2.66343e+07,  0.0163457, 3.18966e+07, 1.33113e-05,          0,       -nan,       -nan
