X = 0.734
Y = 0.25
Z = 0.016
mu = 0.601142
    Radius,    Density,       Temp,       Mass,        Lum,       OptD,        Kff,         KH,        Kes,         PP,        CNO,         3a,        Deg,        Gas,        Rad,    TotPres,       dLdr,     dPdT,      dTRad,     dTConv
         0,          0,          0,          0,          0,          0,       -nan,          0,    0.03468,          0,          0,          0,          0,          0,          0,          0,          0,          0,       -nan,       -nan
      0.01,    67345.5, 5.33335e+06,     282096,    8.86098,    58945.5,    0.87527, 5.73039e+29,    0.03468, 3.14112e-05, 2.63057e-13, 2.65398e-66, 1.10586e+15, 4.93207e+15, 2.04028e+11, 6.03813e+15, 0.00265829, 9.46352e+08, 1.09395e-05, 4.5345e-06
1.0033e+06,    67341.2, 5.33312e+06, 2.84884e+23, 8.94729e+18, 5.91406e+10,    0.87536, 5.72803e+29,    0.03468, 3.14039e-05, 2.62819e-13, 2.64871e-66, 1.10574e+15, 4.93155e+15, 2.03994e+11, 6.03749e+15, 2.67505e+13, 9.46289e+08, 0.00109755, 0.000454926
2.0083e+06,    67328.4, 5.33245e+06, 2.28462e+24, 7.17226e+19, 1.18386e+11,   0.875633, 5.72094e+29,    0.03468, 3.13819e-05, 2.62105e-13, 2.63294e-66, 1.10539e+15, 4.92998e+15, 2.0389e+11, 6.03557e+15, 1.07089e+14, 9.46099e+08, 0.00219688, 0.000910515
3.0133e+06,      67307, 5.33132e+06, 7.71567e+24, 2.42054e+20, 1.77642e+11,   0.876088, 5.70913e+29,    0.03468, 3.13454e-05, 2.60919e-13, 2.60684e-66, 1.1048e+15, 4.92737e+15, 2.03717e+11, 6.03238e+15, 2.40728e+14, 9.45781e+08, 0.00329607, 0.00136588
4.0183e+06,      67277, 5.32973e+06, 1.82919e+25, 5.73285e+20, 2.36911e+11,   0.876725, 5.69263e+29,    0.03468, 3.12943e-05, 2.59267e-13, 2.57074e-66, 1.10398e+15, 4.92372e+15, 2.03476e+11, 6.0279e+15, 4.27194e+14, 9.45337e+08, 0.00439505, 0.00182092
5.0183e+06,    67238.8, 5.32771e+06, 3.56166e+25, 1.11487e+21, 2.95905e+11,    0.87754, 5.67161e+29,    0.03468, 3.1229e-05, 2.5717e-13, 2.52529e-66, 1.10294e+15, 4.91905e+15, 2.03167e+11, 6.02219e+15, 6.64508e+14, 9.44766e+08, 0.00549373, 0.00227552
6.11041e+06,    67187.3, 5.32499e+06, 6.42682e+25, 2.00833e+21, 3.6036e+11,   0.878638, 5.64345e+29,    0.03468, 3.11415e-05, 2.54376e-13, 2.46543e-66, 1.10153e+15, 4.91277e+15, 2.02753e+11, 6.01451e+15, 9.81697e+14, 9.44045e+08, 0.00662652, 0.00274382
7.21041e+06,    67125.3, 5.32172e+06, 1.05542e+26, 3.29142e+21, 4.25315e+11,   0.879964, 5.60969e+29,    0.03468, 3.10363e-05, 2.51048e-13, 2.39515e-66, 1.09984e+15, 4.90522e+15, 2.02254e+11, 6.00526e+15, 1.36109e+15, 9.43133e+08, 0.00782816,    0.00324
8.31041e+06,    67053.1, 5.3179e+06, 1.61485e+26, 5.02418e+21, 4.90312e+11,   0.881512, 5.57061e+29,    0.03468, 3.09141e-05, 2.47225e-13, 2.31577e-66, 1.09787e+15, 4.89644e+15, 2.01675e+11, 5.99451e+15,  1.799e+15, 9.4207e+08,  0.0090292, 0.00373525
9.31041e+06,    66978.7, 5.31397e+06, 2.26925e+26, 7.04301e+21, 5.4944e+11,   0.883112, 5.53055e+29,    0.03468, 3.07885e-05, 2.4334e-13, 2.23659e-66, 1.09584e+15, 4.88738e+15, 2.01079e+11, 5.98342e+15, 2.24633e+15, 9.40973e+08,  0.0101205, 0.00418455
1.04104e+07,    66887.2, 5.30913e+06, 3.16973e+26, 9.80841e+21, 6.14532e+11,   0.885085, 5.48163e+29,    0.03468, 3.06346e-05, 2.38641e-13, 2.14282e-66, 1.09334e+15, 4.87626e+15, 2.00347e+11, 5.96981e+15, 2.79062e+15, 9.39623e+08,  0.0113202, 0.00467761
1.15104e+07,    66785.7, 5.30375e+06, 4.28052e+26, 1.32016e+22, 6.79684e+11,   0.887285, 5.42776e+29,    0.03468, 3.04644e-05, 2.33523e-13, 2.04319e-66, 1.09058e+15, 4.86393e+15, 1.99537e+11, 5.95471e+15, 3.38741e+15, 9.38125e+08,  0.0125191, 0.00516933
1.26104e+07,    66674.1, 5.29784e+06, 5.6231e+26, 1.7279e+22, 7.44902e+11,   0.889712, 5.36908e+29,    0.03468, 3.02781e-05, 2.28018e-13, 1.93889e-66, 1.08754e+15, 4.85039e+15, 1.98649e+11, 5.93813e+15, 4.03418e+15, 9.36477e+08,  0.0137171, 0.00565956
1.37104e+07,    66552.5, 5.2914e+06, 7.2188e+26, 2.20942e+22, 8.10192e+11,   0.892368, 5.30577e+29,    0.03468, 3.00762e-05, 2.22158e-13, 1.83113e-66, 1.08424e+15, 4.83566e+15, 1.97685e+11, 5.9201e+15, 4.72823e+15, 9.34682e+08,  0.0149142, 0.00614816
1.48104e+07,    66421.1, 5.28443e+06, 9.08867e+26, 2.76974e+22, 8.75561e+11,   0.895255,  5.238e+29,    0.03468, 2.98589e-05, 2.15977e-13, 1.7211e-66, 1.08067e+15, 4.81975e+15, 1.96645e+11, 5.90062e+15, 5.46668e+15, 9.3274e+08,  0.0161103, 0.00663499
1.59104e+07,    66279.7, 5.27693e+06, 1.12535e+27, 3.4136e+22, 9.41014e+11,   0.898376, 5.16595e+29,    0.03468, 2.96265e-05, 2.09511e-13, 1.60995e-66, 1.07684e+15, 4.80266e+15, 1.95531e+11, 5.8797e+15, 6.24646e+15, 9.30652e+08,  0.0173054, 0.00711991
1.70104e+07,    66128.5, 5.2689e+06, 1.3734e+27, 4.14536e+22, 1.00656e+12,   0.901733, 5.08984e+29,    0.03468, 2.93795e-05, 2.02795e-13, 1.49878e-66, 1.07275e+15, 4.78442e+15, 1.94344e+11, 5.85737e+15, 7.06436e+15, 9.28419e+08,  0.0184995, 0.00760279
1.81104e+07,    65967.6, 5.26035e+06, 1.65502e+27, 4.96904e+22, 1.0722e+12,   0.905329, 5.00987e+29,    0.03468, 2.91182e-05, 1.95867e-13, 1.38861e-66, 1.06841e+15, 4.76503e+15, 1.93085e+11, 5.83363e+15, 7.91702e+15, 9.26041e+08,  0.0196925, 0.00808349
1.92104e+07,      65797, 5.25128e+06, 1.97222e+27, 5.88825e+22, 1.13795e+12,   0.909166, 4.92624e+29,    0.03468, 2.8843e-05, 1.88762e-13, 1.28039e-66, 1.0638e+15, 4.74451e+15, 1.91756e+11, 5.80851e+15, 8.80097e+15, 9.2352e+08,  0.0208845, 0.00856188
2.03104e+07,    65616.8, 5.24168e+06, 2.32696e+27, 6.90626e+22, 1.20381e+12,   0.913248, 4.8392e+29,    0.03468, 2.85544e-05, 1.81519e-13, 1.17495e-66, 1.05895e+15, 4.72287e+15, 1.90359e+11, 5.78201e+15, 9.7126e+15, 9.20858e+08,  0.0220755, 0.00903782
2.14104e+07,      65427, 5.23157e+06, 2.72117e+27, 8.02591e+22, 1.26979e+12,   0.917579, 4.74896e+29,    0.03468, 2.82528e-05, 1.74172e-13, 1.07303e-66, 1.05385e+15, 4.70013e+15, 1.88894e+11, 5.75417e+15, 1.06483e+16, 9.18054e+08,  0.0232655, 0.00951117
2.25104e+07,    65227.8, 5.22095e+06, 3.15675e+27, 9.24963e+22, 1.33589e+12,    0.92216, 4.65576e+29,    0.03468, 2.79387e-05, 1.66757e-13, 9.7525e-67, 1.04851e+15, 4.6763e+15, 1.87365e+11,  5.725e+15, 1.16042e+16, 9.15111e+08,  0.0244544, 0.00998182
2.36104e+07,    65019.3, 5.20981e+06, 3.63555e+27, 1.05794e+23, 1.40212e+12,   0.926997, 4.55983e+29,    0.03468, 2.76125e-05, 1.59309e-13, 8.82131e-67, 1.04293e+15, 4.65141e+15, 1.85771e+11, 5.69452e+15, 1.25767e+16, 9.12029e+08,  0.0256425,  0.0104496
2.47104e+07,    64801.4, 5.19817e+06, 4.15938e+27, 1.2017e+23, 1.46849e+12,   0.932093, 4.46143e+29,    0.03468, 2.72748e-05, 1.51861e-13, 7.94073e-67, 1.03711e+15, 4.62546e+15, 1.84116e+11, 5.66276e+15, 1.35617e+16, 9.08811e+08,  0.0268296,  0.0109145
2.58104e+07,    64574.4, 5.18602e+06, 4.73003e+27, 1.35633e+23,  1.535e+12,   0.937452, 4.3608e+29,    0.03468, 2.6926e-05, 1.44443e-13, 7.11373e-67, 1.03106e+15, 4.59848e+15, 1.82401e+11, 5.62973e+15, 1.45557e+16, 9.05457e+08,   0.028016,  0.0113762
2.69104e+07,    64338.2, 5.17337e+06, 5.34923e+27, 1.52194e+23, 1.60167e+12,   0.943078, 4.25818e+29,    0.03468, 2.65667e-05, 1.37087e-13, 6.34223e-67, 1.02479e+15, 4.57049e+15, 1.80627e+11, 5.59546e+15, 1.55546e+16, 9.01969e+08,  0.0292017,  0.0118347
2.80104e+07,    64093.1, 5.16022e+06, 6.01866e+27, 1.69854e+23, 1.66849e+12,   0.948977, 4.15381e+29,    0.03468, 2.61974e-05, 1.29821e-13, 5.62719e-67, 1.01829e+15, 4.5415e+15, 1.78798e+11, 5.55997e+15, 1.65546e+16, 8.98348e+08,  0.0303868,  0.0122899
2.91104e+07,      63839, 5.14657e+06, 6.73998e+27, 1.88613e+23, 1.73548e+12,   0.955153, 4.04795e+29,    0.03468, 2.58187e-05, 1.22669e-13, 4.96874e-67, 1.01157e+15, 4.51154e+15, 1.76914e+11, 5.52329e+15, 1.7552e+16, 8.94597e+08,  0.0315715,  0.0127416
3.02104e+07,    63576.2, 5.13244e+06, 7.51479e+27, 2.08466e+23, 1.80264e+12,   0.961612, 3.94084e+29,    0.03468, 2.5431e-05, 1.15657e-13, 4.36619e-67, 1.00464e+15, 4.48062e+15, 1.74978e+11, 5.48544e+15, 1.85431e+16, 8.90716e+08,  0.0327559,  0.0131898
3.13104e+07,    63304.7, 5.11781e+06, 8.34463e+27, 2.29404e+23, 1.86998e+12,   0.968358, 3.83271e+29,    0.03468, 2.50351e-05, 1.08806e-13, 3.81821e-67, 9.97496e+14, 4.44878e+15, 1.72992e+11, 5.44644e+15, 1.95241e+16, 8.86707e+08,  0.0339401,  0.0136342
3.24104e+07,    63024.6, 5.1027e+06,  9.231e+27, 2.51414e+23, 1.93751e+12,   0.975397, 3.72381e+29,    0.03468, 2.46313e-05, 1.02136e-13, 3.32288e-67, 9.90151e+14, 4.41602e+15, 1.70959e+11, 5.40634e+15, 2.04916e+16, 8.82573e+08,  0.0351245,  0.0140748
3.35104e+07,      62736, 5.08712e+06, 1.01754e+28, 2.74479e+23, 2.00523e+12,   0.982736, 3.61437e+29,    0.03468, 2.42203e-05, 9.56628e-14, 2.87784e-67, 9.82607e+14, 4.38237e+15, 1.68879e+11, 5.36515e+15, 2.1442e+16, 8.78314e+08,  0.0363091,  0.0145115
3.46104e+07,    62439.1, 5.07105e+06, 1.11791e+28, 2.98579e+23, 2.07315e+12,    0.99038, 3.50463e+29,    0.03468, 2.38026e-05, 8.94026e-14, 2.48035e-67, 9.74869e+14, 4.34786e+15, 1.66756e+11, 5.32289e+15, 2.2372e+16, 8.74337e+08,  0.0373865,   0.014905
3.57104e+07,      62134, 5.05452e+06, 1.22436e+28, 3.23689e+23, 2.14128e+12,   0.998337, 3.39479e+29,    0.03468, 2.33789e-05, 8.33676e-14, 2.1274e-67, 9.66942e+14, 4.3125e+15, 1.64592e+11, 5.27961e+15, 2.32784e+16, 8.69846e+08,  0.0385724,  0.0153339
3.68104e+07,    61820.8, 5.03752e+06, 1.33701e+28, 3.49782e+23, 2.20962e+12,    1.00661, 3.28508e+29,    0.03468, 2.29497e-05, 7.75682e-14, 1.81584e-67, 9.58831e+14, 4.27633e+15, 1.62389e+11, 5.23533e+15, 2.41581e+16, 8.65237e+08,  0.0397594,  0.0157585
3.79104e+07,    61499.6, 5.02005e+06, 1.45598e+28, 3.76826e+23, 2.27818e+12,    1.01521, 3.17571e+29,    0.03468, 2.25155e-05, 7.20125e-14, 1.54238e-67, 9.50543e+14, 4.23937e+15, 1.60149e+11, 5.19007e+15, 2.50081e+16, 8.60511e+08,  0.0409477,  0.0161787
3.90104e+07,    61170.5, 5.00213e+06, 1.5814e+28, 4.04788e+23, 2.34698e+12,    1.02415, 3.06688e+29,    0.03468, 2.20769e-05, 6.67066e-14, 1.30373e-67, 9.42082e+14, 4.20163e+15, 1.57874e+11, 5.14387e+15, 2.58257e+16, 8.5567e+08,  0.0421377,  0.0165946
4.01104e+07,    60833.8, 4.98376e+06, 1.71337e+28, 4.3363e+23, 2.41601e+12,    1.03342, 2.95878e+29,    0.03468, 2.16345e-05, 6.16545e-14, 1.09665e-67, 9.33455e+14, 4.16315e+15, 1.55567e+11, 5.09676e+15, 2.66083e+16, 8.50717e+08,  0.0433298,  0.0170058
4.12104e+07,    60489.5, 4.96493e+06, 1.85201e+28, 4.63312e+23, 2.48529e+12,    1.04305, 2.85161e+29,    0.03468, 2.11889e-05, 5.68585e-14, 9.17965e-68, 9.24666e+14, 4.12395e+15, 1.5323e+11, 5.04877e+15, 2.73535e+16, 8.45653e+08,  0.0445244,  0.0174124
4.23104e+07,    60137.7, 4.94566e+06, 1.99741e+28, 4.93793e+23, 2.55482e+12,    1.05303, 2.74553e+29,    0.03468, 2.07406e-05, 5.23189e-14, 7.64646e-68, 9.15721e+14, 4.08406e+15, 1.50865e+11, 4.99993e+15, 2.8059e+16, 8.4048e+08,  0.0457219,  0.0178142
4.34104e+07,    59778.7, 4.92596e+06, 2.14967e+28, 5.25027e+23, 2.62461e+12,    1.06338, 2.64071e+29,    0.03468, 2.02901e-05, 4.80345e-14, 6.33823e-68, 9.06627e+14, 4.0435e+15, 1.48475e+11, 4.95028e+15, 2.8723e+16, 8.35202e+08,  0.0469227,  0.0182112
4.45104e+07,    59412.4, 4.90582e+06, 2.30888e+28, 5.56967e+23, 2.69467e+12,    1.07411, 2.53731e+29,    0.03468, 1.98381e-05, 4.40026e-14, 5.22811e-68, 8.97389e+14, 4.0023e+15, 1.46062e+11, 4.89983e+15, 2.93434e+16, 8.29819e+08,  0.0481273,  0.0186032
4.56104e+07,    59039.2, 4.88525e+06, 2.47511e+28, 5.89566e+23, 2.76501e+12,    1.08523, 2.43547e+29,    0.03468, 1.93849e-05, 4.0219e-14, 4.29129e-68, 8.88013e+14, 3.96048e+15, 1.43628e+11, 4.84864e+15, 2.99187e+16, 8.24334e+08,  0.0493363,  0.0189902
4.67104e+07,    58659.1, 4.86426e+06, 2.64845e+28, 6.22771e+23, 2.83563e+12,    1.09673, 2.33534e+29,    0.03468, 1.89312e-05, 3.66785e-14, 3.50505e-68, 8.78505e+14, 3.91808e+15, 1.41175e+11, 4.79672e+15, 3.04475e+16, 8.18749e+08,  0.0505502,  0.0193721
4.78104e+07,    58272.3, 4.84285e+06, 2.82896e+28, 6.56533e+23, 2.90654e+12,    1.10865, 2.23703e+29,    0.03468, 1.84775e-05, 3.33747e-14, 2.84879e-68, 8.68871e+14, 3.87511e+15, 1.38706e+11, 4.74412e+15, 3.09286e+16, 8.13067e+08,  0.0517696,  0.0197488
4.89104e+07,    57878.9, 4.82103e+06, 3.01672e+28, 6.90797e+23, 2.97776e+12,    1.12099, 2.14067e+29,    0.03468, 1.80242e-05, 3.03003e-14,  2.304e-68, 8.59117e+14, 3.83161e+15, 1.36223e+11, 4.69086e+15, 3.1361e+16, 8.0729e+08,  0.0529952,  0.0201202
5.00104e+07,    57479.1, 4.7988e+06, 3.21177e+28, 7.25509e+23, 3.04929e+12,    1.13375, 2.04636e+29,    0.03468, 1.75719e-05, 2.74473e-14, 1.8542e-68, 8.49249e+14, 3.7876e+15, 1.33728e+11, 4.63698e+15, 3.17438e+16, 8.01421e+08,  0.0542275,  0.0204862
5.11104e+07,      57073, 4.77618e+06, 3.41416e+28, 7.60615e+23, 3.12113e+12,    1.14695, 1.9542e+29,    0.03468, 1.7121e-05, 2.48068e-14, 1.48484e-68, 8.39273e+14, 3.7431e+15, 1.31224e+11, 4.58251e+15, 3.20766e+16, 7.95461e+08,  0.0554674,  0.0208468
5.22104e+07,    56660.9, 4.75315e+06, 3.62396e+28, 7.96059e+23, 3.1933e+12,    1.16061, 1.86427e+29,    0.03468, 1.66719e-05, 2.23698e-14, 1.18317e-68, 8.29196e+14, 3.69816e+15, 1.28711e+11, 4.52748e+15, 3.23589e+16, 7.89413e+08,  0.0567155,  0.0212019
5.33104e+07,    56242.8, 4.72974e+06, 3.84118e+28, 8.31786e+23, 3.26581e+12,    1.17474, 1.77664e+29,    0.03468, 1.62253e-05, 2.01265e-14, 9.38107e-69, 8.19023e+14, 3.65279e+15, 1.26194e+11, 4.47194e+15, 3.25906e+16, 7.83279e+08,  0.0579727,  0.0215514
5.44104e+07,    55818.8, 4.70594e+06, 4.06586e+28, 8.67739e+23, 3.33866e+12,    1.18935, 1.69138e+29,    0.03468, 1.57813e-05, 1.80672e-14, 7.40108e-69, 8.0876e+14, 3.60701e+15, 1.23674e+11, 4.4159e+15, 3.27716e+16, 7.77063e+08,  0.0592398,  0.0218952
5.55104e+07,    55389.3, 4.68177e+06, 4.29804e+28, 9.03865e+23, 3.41187e+12,    1.20445, 1.60854e+29,    0.03468, 1.53406e-05, 1.61817e-14, 5.8099e-69, 7.98413e+14, 3.56087e+15, 1.21152e+11, 4.35941e+15, 3.29023e+16, 7.70765e+08,  0.0605177,  0.0222333
5.66104e+07,    54954.3, 4.65722e+06, 4.53772e+28, 9.40106e+23, 3.48543e+12,    1.22006, 1.52817e+29,    0.03468, 1.49034e-05,  1.446e-14, 4.53804e-69, 7.8799e+14, 3.51438e+15, 1.18631e+11, 4.30249e+15, 3.29829e+16, 7.6439e+08,  0.0618074,  0.0225657
5.77104e+07,    54513.9, 4.63231e+06, 4.78493e+28, 9.76409e+23, 3.55937e+12,     1.2362, 1.45031e+29,    0.03468, 1.44702e-05, 1.2892e-14, 3.52688e-69, 7.77495e+14, 3.46757e+15, 1.16113e+11, 4.24518e+15, 3.30141e+16, 7.57939e+08,  0.0631098,  0.0228922
5.88104e+07,    54068.4, 4.60704e+06, 5.03966e+28, 1.01272e+24, 3.63369e+12,    1.25288, 1.37499e+29,    0.03468, 1.40413e-05, 1.14678e-14, 2.72728e-69, 7.66934e+14, 3.42047e+15,  1.136e+11, 4.18752e+15, 3.29966e+16, 7.51415e+08,   0.064426,  0.0232127
5.99104e+07,      53618, 4.58141e+06, 5.30192e+28, 1.04898e+24, 3.70841e+12,    1.27012, 1.30221e+29,    0.03468, 1.36171e-05, 1.01775e-14, 2.09836e-69, 7.56314e+14, 3.37311e+15, 1.11093e+11, 4.12954e+15, 3.29313e+16, 7.4482e+08,  0.0657571,  0.0235274
6.10104e+07,    53162.7, 4.55544e+06, 5.5717e+28, 1.08515e+24, 3.78352e+12,    1.28794, 1.23199e+29,    0.03468, 1.31979e-05, 9.01164e-15, 1.60633e-69, 7.45641e+14, 3.32551e+15, 1.08596e+11, 4.07126e+15, 3.28193e+16, 7.38157e+08,  0.0671042,   0.023836
6.21104e+07,    52702.8, 4.52913e+06, 5.84899e+28, 1.12117e+24, 3.85905e+12,    1.30635, 1.16434e+29,    0.03468, 1.2784e-05, 7.96097e-15, 1.22347e-69, 7.34921e+14, 3.2777e+15, 1.06108e+11, 4.01272e+15, 3.26618e+16, 7.31428e+08,  0.0684687,  0.0241385
6.32104e+07,    52238.3, 4.50248e+06, 6.13377e+28, 1.15699e+24, 3.93499e+12,    1.32537, 1.09924e+29,    0.03468, 1.23758e-05, 7.01655e-15, 9.27139e-70, 7.24159e+14, 3.2297e+15, 1.03633e+11, 3.95396e+15, 3.24601e+16, 7.24636e+08,  0.0698517,   0.024435
6.43104e+07,    51769.6, 4.47551e+06, 6.42601e+28, 1.19257e+24, 4.01137e+12,    1.34503, 1.03669e+29,    0.03468, 1.19735e-05, 6.16985e-15, 6.99015e-70, 7.13362e+14, 3.18154e+15, 1.01172e+11,  3.895e+15, 3.22156e+16, 7.17784e+08,  0.0712547,  0.0247253
6.54104e+07,    51296.7, 4.44821e+06, 6.72569e+28, 1.22785e+24, 4.08818e+12,    1.36534, 9.76657e+28,    0.03468, 1.15773e-05, 5.41273e-15, 5.24338e-70, 7.02534e+14, 3.13325e+15, 9.87259e+10, 3.83589e+15, 3.19301e+16, 7.10874e+08,   0.072679,  0.0250094
6.65104e+07,    50819.8, 4.4206e+06, 7.03276e+28, 1.2628e+24, 4.16545e+12,    1.38633, 9.19128e+28,    0.03468, 1.11875e-05, 4.73747e-15, 3.91302e-70, 6.91683e+14, 3.08486e+15, 9.62973e+10, 3.77663e+15, 3.1605e+16, 7.03908e+08,  0.0741263,  0.0252872
6.76104e+07,    50339.1, 4.39268e+06, 7.34718e+28, 1.29737e+24, 4.24318e+12,    1.40801, 8.64066e+28,    0.03468, 1.08044e-05, 4.13676e-15, 2.90525e-70, 6.80813e+14, 3.03638e+15, 9.38875e+10, 3.71728e+15, 3.12422e+16, 6.9689e+08,  0.0755981,  0.0255589
6.87104e+07,    49854.8, 4.36446e+06, 7.6689e+28, 1.33152e+24, 4.32139e+12,    1.43043, 8.11436e+28,    0.03468, 1.04281e-05, 3.60377e-15, 2.14595e-70, 6.69931e+14, 2.98784e+15, 9.14978e+10, 3.65787e+15, 3.08436e+16, 6.89822e+08,   0.077096,  0.0258242
6.98104e+07,      49367, 4.33594e+06, 7.99786e+28, 1.36521e+24, 4.40008e+12,    1.45359, 7.61196e+28,    0.03468, 1.00588e-05, 3.13207e-15, 1.57693e-70, 6.59042e+14, 2.93928e+15, 8.91297e+10, 3.59841e+15, 3.04111e+16, 6.82705e+08,  0.0786219,  0.0260831
7.09104e+07,    48875.9, 4.30713e+06, 8.33401e+28, 1.39841e+24, 4.47926e+12,    1.47752, 7.13299e+28,    0.03468, 9.69669e-06, 2.7157e-15, 1.1528e-70, 6.4815e+14, 2.8907e+15, 8.67847e+10, 3.53894e+15, 2.99466e+16, 6.75544e+08,  0.0801775,  0.0263358
7.20104e+07,    48381.6, 4.27804e+06, 8.67727e+28, 1.43108e+24, 4.55895e+12,    1.50225, 6.67695e+28,    0.03468, 9.34195e-06, 2.34911e-15,          0, 6.37263e+14, 2.84214e+15, 8.4464e+10, 3.47949e+15, 2.94522e+16, 6.6834e+08,   0.081765,   0.026582
7.31104e+07,    47884.4, 4.24868e+06, 9.02758e+28, 1.4632e+24, 4.63916e+12,    1.52782, 6.24331e+28,    0.03468, 8.9947e-06, 2.02718e-15,          0, 6.26385e+14, 2.79363e+15, 8.21688e+10, 3.42009e+15,  2.893e+16, 6.61096e+08,  0.0833862,  0.0268218
7.42104e+07,    47384.3, 4.21905e+06, 9.38484e+28, 1.49472e+24, 4.71991e+12,    1.55424, 5.8315e+28,    0.03468, 8.65505e-06, 1.74521e-15,          0, 6.1552e+14, 2.74517e+15, 7.99004e+10, 3.36077e+15, 2.8382e+16, 6.53815e+08,  0.0850434,  0.0270552
7.53104e+07,    46881.6, 4.18916e+06, 9.74898e+28, 1.52563e+24, 4.80119e+12,    1.58155, 5.44091e+28,    0.03468, 8.3231e-06, 1.49887e-15,          0, 6.04676e+14, 2.69681e+15, 7.76599e+10, 3.30156e+15, 2.78104e+16, 6.46498e+08,  0.0867388,  0.0272822
7.64104e+07,    46376.5, 4.15901e+06, 1.01199e+29, 1.55589e+24, 4.88303e+12,    1.60979, 5.07094e+28,    0.03468, 7.99895e-06, 1.28422e-15,          0, 5.93856e+14, 2.64855e+15, 7.54484e+10, 3.24248e+15, 2.72173e+16, 6.3915e+08,  0.0884749,  0.0275027
7.75104e+07,      45869, 4.12861e+06, 1.04975e+29, 1.5855e+24, 4.96544e+12,    1.63898, 4.72094e+28,    0.03468, 7.68267e-06, 1.09765e-15,          0, 5.83065e+14, 2.60042e+15, 7.32668e+10, 3.18356e+15, 2.66049e+16, 6.31771e+08,  0.0902542,  0.0277167
7.86104e+07,    45359.4, 4.09798e+06, 1.08817e+29, 1.61442e+24, 5.04843e+12,    1.66917, 4.39025e+28,    0.03468, 7.3743e-06, 9.35924e-16,          0, 5.72308e+14, 2.55245e+15, 7.11161e+10, 3.12483e+15, 2.59751e+16, 6.24365e+08,  0.0920793,  0.0279243
7.97104e+07,    44847.8, 4.06711e+06, 1.12724e+29, 1.64264e+24, 5.13201e+12,    1.70038, 4.07821e+28,    0.03468, 7.0739e-06, 7.96089e-16,          0, 5.61591e+14, 2.50465e+15, 6.89973e+10, 3.06631e+15, 2.53303e+16, 6.16934e+08,  0.0939531,  0.0281254
8.08104e+07,    44334.4, 4.03601e+06, 1.16695e+29, 1.67014e+24, 5.2162e+12,    1.73266, 3.78414e+28,    0.03468, 6.78147e-06, 6.75496e-16,          0, 5.50917e+14, 2.45705e+15, 6.6911e+10, 3.00803e+15, 2.46723e+16, 6.09481e+08,  0.0958786,    0.02832
8.19104e+07,    43819.3, 4.00469e+06, 1.20728e+29, 1.69691e+24, 5.30101e+12,    1.76605, 3.50736e+28,    0.03468, 6.49705e-06, 5.71769e-16,          0, 5.40292e+14, 2.40966e+15, 6.48581e+10, 2.95001e+15, 2.40032e+16, 6.02008e+08,  0.0978588,  0.0285081
8.30104e+07,    43302.8, 3.97315e+06, 1.24822e+29, 1.72294e+24, 5.38646e+12,    1.80058, 3.24718e+28,    0.03468, 6.22061e-06, 4.8278e-16,          0, 5.29719e+14, 2.3625e+15, 6.28393e+10, 2.89228e+15, 2.33252e+16, 5.94517e+08,  0.0998971,  0.0286897
8.41104e+07,      42785, 3.94141e+06, 1.28977e+29, 1.74823e+24, 5.47255e+12,    1.83632, 3.00291e+28,    0.03468, 5.95216e-06, 4.06635e-16,          0, 5.19203e+14, 2.3156e+15, 6.08552e+10, 2.83486e+15, 2.26399e+16, 5.87011e+08,   0.101997,  0.0288649
8.52104e+07,    42265.9, 3.90947e+06, 1.3319e+29, 1.77275e+24, 5.55931e+12,    1.87329, 2.77388e+28,    0.03468, 5.69166e-06, 3.4165e-16,          0, 5.08748e+14, 2.26897e+15, 5.89064e+10, 2.77778e+15, 2.19495e+16, 5.79493e+08,   0.104162,  0.0290335
8.63104e+07,    41745.9, 3.87734e+06, 1.3746e+29, 1.79651e+24, 5.64674e+12,    1.91156, 2.55941e+28,    0.03468, 5.43907e-06, 2.86335e-16,          0, 4.98358e+14, 2.22264e+15, 5.69934e+10, 2.72105e+15, 2.12557e+16, 5.71964e+08,   0.106396,  0.0291957
8.74104e+07,      41225, 3.84502e+06, 1.41787e+29, 1.81951e+24, 5.73487e+12,    1.95117, 2.35883e+28,    0.03468, 5.19434e-06, 2.39375e-16,          0, 4.88038e+14, 2.17661e+15, 5.51168e+10, 2.6647e+15, 2.05602e+16, 5.64427e+08,   0.108704,  0.0293515
8.85104e+07,    40703.5, 3.81252e+06, 1.46168e+29, 1.84175e+24, 5.82371e+12,    1.99217, 2.17147e+28,    0.03468, 4.95741e-06, 1.99613e-16,          0, 4.77791e+14, 2.1309e+15, 5.32768e+10, 2.60875e+15, 1.98649e+16, 5.56885e+08,   0.111089,  0.0295008
8.96104e+07,    40181.4, 3.77985e+06, 1.50602e+29, 1.86322e+24, 5.91327e+12,    2.03462, 1.99668e+28,    0.03468, 4.72821e-06, 1.66035e-16,          0, 4.6762e+14, 2.08554e+15, 5.14738e+10, 2.55322e+15, 1.91712e+16, 5.49339e+08,   0.113556,  0.0296437
9.07104e+07,    39658.9, 3.74701e+06, 1.55087e+29, 1.88392e+24, 6.00357e+12,    2.07859, 1.83384e+28,    0.03468, 4.50666e-06, 1.37754e-16,          0, 4.5753e+14, 2.04054e+15, 4.97082e+10, 2.49812e+15, 1.84808e+16, 5.41792e+08,    0.11611,  0.0297802
9.18104e+07,    39136.2, 3.71401e+06, 1.59623e+29, 1.90387e+24, 6.09463e+12,    2.12413, 1.68231e+28,    0.03468, 4.29266e-06, 1.13998e-16,          0, 4.47524e+14, 1.99592e+15, 4.79802e+10, 2.44349e+15, 1.7795e+16, 5.34247e+08,   0.118756,  0.0299103
9.29104e+07,    38613.4, 3.68086e+06, 1.64207e+29, 1.92307e+24, 6.18647e+12,     2.1713, 1.5415e+28,    0.03468, 4.08612e-06, 9.40957e-17,          0, 4.37604e+14, 1.95168e+15,  4.629e+10, 2.38933e+15, 1.71154e+16, 5.26705e+08,     0.1215,  0.0300341
9.40104e+07,    38090.7, 3.64756e+06, 1.68838e+29, 1.94153e+24, 6.27909e+12,    2.22018, 1.4108e+28,    0.03468, 3.88693e-06, 7.74674e-17,          0, 4.27776e+14, 1.90784e+15, 4.46377e+10, 2.33566e+15, 1.64432e+16, 5.19169e+08,   0.124348,  0.0301515
9.51104e+07,    37568.2, 3.61413e+06, 1.73513e+29, 1.95925e+24, 6.37252e+12,    2.27084, 1.28966e+28,    0.03468, 3.69497e-06, 6.36117e-17,          0, 4.18041e+14, 1.86442e+15, 4.30235e+10, 2.28251e+15, 1.57797e+16, 5.11641e+08,   0.127305,  0.0302626
9.62104e+07,      37046, 3.58056e+06, 1.78232e+29, 1.97625e+24, 6.46678e+12,    2.32335, 1.17751e+28,    0.03468, 3.51013e-06, 5.20975e-17,          0, 4.08402e+14, 1.82143e+15, 4.14473e+10, 2.22988e+15, 1.51258e+16, 5.04122e+08,   0.130378,  0.0303674
9.73104e+07,    36524.4, 3.54687e+06, 1.82993e+29, 1.99253e+24, 6.56189e+12,    2.37779, 1.07382e+28,    0.03468, 3.33228e-06, 4.2555e-17,          0, 3.98862e+14, 1.77889e+15, 3.99092e+10, 2.17779e+15, 1.44828e+16, 4.96616e+08,   0.133574,   0.030466
9.84104e+07,    36003.4, 3.51306e+06, 1.87793e+29, 2.00812e+24, 6.65785e+12,    2.43425, 9.7808e+27,    0.03468, 3.16128e-06, 3.46683e-17,          0, 3.89425e+14, 1.7368e+15, 3.8409e+10, 2.12626e+15, 1.38515e+16, 4.89125e+08,     0.1369,  0.0305584
9.95104e+07,    35483.2, 3.47914e+06, 1.92632e+29, 2.02301e+24, 6.7547e+12,    2.49282, 8.89791e+27,    0.03468, 2.99699e-06, 2.81678e-17,          0, 3.80092e+14, 1.69518e+15, 3.69469e+10, 2.07531e+15, 1.32329e+16, 4.81649e+08,   0.140365,  0.0306446
1.0061e+08,    34963.9, 3.44511e+06, 1.97507e+29, 2.03723e+24, 6.85246e+12,    2.55357, 8.08481e+27,    0.03468, 2.83928e-06, 2.28248e-17,          0, 3.70867e+14, 1.65403e+15, 3.55225e+10, 2.02493e+15, 1.26277e+16, 4.74192e+08,   0.143976,  0.0307247
1.0171e+08,    34445.7, 3.41098e+06, 2.02416e+29, 2.0508e+24, 6.95113e+12,    2.61662, 7.33694e+27,    0.03468,  2.688e-06, 1.84452e-17,          0, 3.61751e+14, 1.61337e+15, 3.41357e+10, 1.97516e+15, 1.20366e+16, 4.66755e+08,   0.147742,  0.0307987
1.0281e+08,    33928.6, 3.37677e+06, 2.07357e+29, 2.06372e+24, 7.05075e+12,    2.68206, 6.64999e+27,    0.03468,  2.543e-06, 1.48653e-17,          0, 3.52746e+14, 1.57321e+15, 3.27864e+10, 1.92599e+15, 1.14603e+16, 4.59341e+08,   0.151673,  0.0308666
1.0391e+08,    33412.9, 3.34246e+06, 2.1233e+29, 2.07602e+24, 7.15134e+12,    2.75001, 6.01981e+27,    0.03468, 2.40411e-06, 1.19474e-17,          0, 3.43855e+14, 1.53356e+15, 3.14742e+10, 1.87745e+15, 1.08993e+16, 4.5195e+08,   0.155779,  0.0309285
1.0501e+08,    32898.7, 3.30807e+06, 2.17331e+29, 2.0877e+24, 7.25291e+12,    2.82057, 5.44248e+27,    0.03468, 2.2712e-06, 9.57564e-18,          0, 3.3508e+14, 1.49442e+15, 3.01989e+10, 1.82954e+15, 1.0354e+16, 4.44586e+08,    0.16007,  0.0309844
1.0611e+08,      32386, 3.27362e+06, 2.22358e+29, 2.0988e+24, 7.35549e+12,    2.89387, 4.91427e+27,    0.03468, 2.1441e-06, 7.65336e-18,          0, 3.26423e+14, 1.45581e+15, 2.89602e+10, 1.78226e+15, 9.82488e+15, 4.3725e+08,   0.164558,  0.0310345
1.0721e+08,      31875, 3.23909e+06, 2.27411e+29, 2.10932e+24, 7.4591e+12,    2.97002, 4.43164e+27,    0.03468, 2.02264e-06, 6.09979e-18,          0, 3.17884e+14, 1.41773e+15, 2.77577e+10, 1.73564e+15, 9.31223e+15, 4.29943e+08,   0.169255,  0.0310787
1.0831e+08,    31365.9, 3.20451e+06, 2.32487e+29, 2.11929e+24, 7.56377e+12,    3.04917, 3.99126e+27,    0.03468, 1.90668e-06, 4.84781e-18,          0, 3.09467e+14, 1.38019e+15, 2.6591e+10, 1.68968e+15, 8.81629e+15, 4.22668e+08,   0.174174,   0.031117
1.0941e+08,    30858.7, 3.16987e+06, 2.37583e+29, 2.12873e+24, 7.66952e+12,    3.13145, 3.58995e+27,    0.03468, 1.79605e-06, 3.84181e-18,          0, 3.01171e+14, 1.34319e+15, 2.54598e+10, 1.64439e+15, 8.33723e+15, 4.15427e+08,   0.179329,  0.0311496
1.1051e+08,    30353.5, 3.13518e+06, 2.42698e+29, 2.13764e+24, 7.77637e+12,    3.21702, 3.22476e+27,    0.03468, 1.69058e-06, 3.0358e-18,          0,   2.93e+14, 1.30675e+15, 2.43635e+10, 1.59977e+15, 7.87519e+15, 4.0822e+08,   0.184735,  0.0311765
1.1161e+08,    29850.6, 3.10045e+06, 2.4783e+29, 2.14606e+24, 7.88435e+12,    3.30603, 2.89288e+27,    0.03468, 1.59011e-06, 2.39192e-18,          0, 2.84953e+14, 1.27086e+15, 2.33018e+10, 1.55584e+15, 7.4302e+15, 4.0105e+08,   0.190408,  0.0311977
1.1271e+08,    29349.9, 3.06569e+06, 2.52978e+29, 2.15399e+24, 7.99349e+12,    3.39863, 2.59168e+27,    0.03468, 1.49449e-06, 1.87909e-18,          0, 2.77032e+14, 1.23554e+15, 2.22741e+10, 1.51259e+15, 7.00227e+15, 3.93918e+08,   0.196366,  0.0312134
1.1381e+08,    28851.7, 3.03089e+06, 2.58138e+29, 2.16147e+24, 8.10381e+12,    3.49502, 2.31872e+27,    0.03468, 1.40355e-06, 1.47184e-18,          0, 2.69239e+14, 1.20078e+15,  2.128e+10, 1.47004e+15, 6.59134e+15, 3.86826e+08,   0.202625,  0.0312235
1.1491e+08,      28356, 2.99607e+06, 2.63309e+29, 2.1685e+24, 8.21534e+12,    3.59537, 2.07168e+27,    0.03468, 1.31713e-06, 1.14941e-18,          0, 2.61573e+14, 1.16659e+15, 2.03189e+10, 1.42818e+15, 6.1973e+15, 3.79776e+08,   0.209207,  0.0312281
1.1601e+08,    27862.9, 2.96124e+06, 2.68488e+29, 2.17511e+24, 8.32811e+12,    3.69989, 1.84842e+27,    0.03468, 1.23508e-06, 8.94909e-19,          0, 2.54036e+14, 1.13297e+15, 1.93902e+10, 1.38703e+15,   5.82e+15, 3.72768e+08,   0.216132,  0.0312273
1.1711e+08,    27372.5, 2.92639e+06, 2.73675e+29, 2.18131e+24, 8.44215e+12,    3.80877, 1.64692e+27,    0.03468, 1.15722e-06, 6.94638e-19,          0, 2.46628e+14, 1.09993e+15, 1.84934e+10, 1.34658e+15, 5.45924e+15, 3.65805e+08,   0.223423,  0.0312212
1.1821e+08,    26884.9, 2.89153e+06, 2.78866e+29, 2.18713e+24, 8.55748e+12,    3.92223, 1.46534e+27,    0.03468, 1.08342e-06, 5.37527e-19,          0, 2.3935e+14, 1.06747e+15, 1.7628e+10, 1.30684e+15, 5.11478e+15, 3.58888e+08,   0.231105,  0.0312098
1.1931e+08,    26400.3, 2.85668e+06, 2.8406e+29, 2.19257e+24, 8.67414e+12,    4.04052, 1.30193e+27,    0.03468, 1.01351e-06, 4.14658e-19,          0, 2.32202e+14, 1.0356e+15, 1.67933e+10, 1.26781e+15, 4.78635e+15, 3.52018e+08,   0.239204,  0.0311932
1.2041e+08,    25918.7, 2.82183e+06, 2.89255e+29, 2.19766e+24, 8.79217e+12,    4.16387, 1.15508e+27,    0.03468, 9.47351e-07, 3.1887e-19,          0, 2.25185e+14, 1.0043e+15, 1.59887e+10, 1.2295e+15, 4.47365e+15, 3.45196e+08,   0.247749,  0.0311714
1.2151e+08,    25440.2, 2.78699e+06, 2.94449e+29, 2.20242e+24, 8.91158e+12,    4.29255, 1.02331e+27,    0.03468, 8.84784e-07, 2.44431e-19,          0, 2.18299e+14, 9.73589e+14, 1.52136e+10, 1.1919e+15, 4.17632e+15, 3.38425e+08,   0.256769,  0.0311445
1.2261e+08,    24964.9, 2.75217e+06, 2.99639e+29, 2.20686e+24, 9.03243e+12,    4.42684, 9.05251e+26,    0.03468, 8.25667e-07, 1.86767e-19,          0, 2.11544e+14, 9.43462e+14, 1.44674e+10, 1.15502e+15, 3.89402e+15, 3.31705e+08,   0.266299,  0.0311126
1.2371e+08,    24492.9, 2.71737e+06, 3.04824e+29, 2.21099e+24, 9.15473e+12,    4.56703, 7.99623e+26,    0.03468, 7.69855e-07, 1.42244e-19,          0, 2.0492e+14, 9.1392e+14, 1.37494e+10, 1.11885e+15, 3.62636e+15, 3.25037e+08,   0.276374,  0.0310757
1.2481e+08,    24024.2, 2.68259e+06, 3.10001e+29, 2.21484e+24, 9.27853e+12,    4.71344, 7.05261e+26,    0.03468, 7.17209e-07, 1.07978e-19,          0, 1.98427e+14, 8.84963e+14, 1.3059e+10, 1.0834e+15, 3.37292e+15, 3.18423e+08,   0.287032,   0.031034
1.2591e+08,    23559.1, 2.64785e+06, 3.15169e+29, 2.21842e+24, 9.40386e+12,    4.86639, 6.21092e+26,    0.03468, 6.67591e-07, 8.16941e-20,          0, 1.92065e+14, 8.56589e+14, 1.23956e+10, 1.04867e+15, 3.1333e+15, 3.11863e+08,   0.298316,  0.0309875
1.2701e+08,    23097.5, 2.61315e+06, 3.20326e+29, 2.22174e+24, 9.53077e+12,    5.02626, 5.46127e+26,    0.03468, 6.20867e-07,   6.16e-20,          0, 1.85834e+14, 8.28799e+14, 1.17584e+10, 1.01464e+15, 2.90704e+15, 3.0536e+08,   0.310271,  0.0309362
1.2811e+08,    22639.5, 2.57849e+06, 3.25469e+29, 2.22482e+24, 9.65928e+12,     5.1934, 4.79463e+26,    0.03468, 5.76906e-07, 4.62899e-20,          0, 1.79733e+14, 8.0159e+14, 1.11469e+10, 9.81334e+14, 2.6937e+15, 2.98913e+08,   0.322946,  0.0308803
1.2921e+08,    22185.2, 2.54388e+06, 3.30598e+29, 2.22767e+24, 9.78945e+12,    5.36823, 4.20274e+26,    0.03468, 5.35581e-07, 3.46648e-20,          0, 1.73762e+14, 7.74961e+14, 1.05603e+10, 9.48734e+14, 2.49283e+15, 2.92525e+08,   0.336394,  0.0308198
1.3031e+08,    21734.6, 2.50932e+06, 3.35709e+29, 2.2303e+24, 9.92131e+12,    5.55117, 3.67803e+26,    0.03468, 4.96769e-07, 2.58683e-20,          0, 1.67921e+14, 7.4891e+14, 9.99808e+09, 9.16841e+14, 2.30396e+15, 2.86195e+08,   0.350673,  0.0307548
1.3141e+08,    21287.9, 2.47482e+06,  3.408e+29, 2.23274e+24, 1.00549e+13,    5.74268, 3.21362e+26,    0.03468, 4.60348e-07, 1.92355e-20,          0, 1.62209e+14, 7.23433e+14, 9.45947e+09, 8.85652e+14, 2.12662e+15, 2.79926e+08,   0.365847,  0.0306854
1.3251e+08,    20845.2, 2.44039e+06, 3.45871e+29, 2.23499e+24, 1.01903e+13,    5.94326, 2.80324e+26,    0.03468, 4.26202e-07, 1.42519e-20,          0, 1.56625e+14, 6.98529e+14, 8.94385e+09, 8.55163e+14, 1.96034e+15, 2.73718e+08,   0.381984,  0.0306116
1.3361e+08,    20406.4, 2.40602e+06, 3.50919e+29, 2.23706e+24, 1.03275e+13,    6.15341, 2.44119e+26,    0.03468, 3.94219e-07, 1.05209e-20,          0, 1.51169e+14, 6.74195e+14, 8.45056e+09, 8.25372e+14, 1.80465e+15, 2.67571e+08,   0.399159,  0.0305335
1.3471e+08,    19971.6, 2.37172e+06, 3.55942e+29, 2.23896e+24, 1.04665e+13,    6.37371, 2.12232e+26,    0.03468, 3.64287e-07, 7.73787e-21,          0, 1.45839e+14, 6.50425e+14, 7.97894e+09, 7.96272e+14, 1.65909e+15, 2.61487e+08,   0.417453,  0.0304513
1.3581e+08,      19541, 2.3375e+06, 3.60938e+29, 2.24071e+24, 1.06075e+13,    6.60474, 1.84193e+26,    0.03468, 3.36303e-07, 5.66962e-21,          0, 1.40636e+14, 6.27218e+14, 7.52833e+09, 7.67861e+14, 1.52318e+15, 2.55466e+08,   0.436956,  0.0303649
1.3691e+08,    19114.5, 2.30337e+06, 3.65905e+29, 2.24232e+24, 1.07505e+13,    6.84714, 1.5958e+26,    0.03468, 3.10163e-07, 4.13833e-21,          0, 1.35557e+14, 6.04569e+14, 7.09809e+09, 7.40133e+14, 1.39648e+15, 2.4951e+08,   0.457764,  0.0302744
1.3801e+08,    18692.2, 2.26932e+06, 3.70842e+29, 2.24379e+24, 1.08955e+13,     7.1016, 1.38011e+26,    0.03468, 2.85769e-07, 3.0089e-21,          0, 1.30603e+14, 5.82473e+14, 6.68759e+09, 7.13082e+14, 1.27852e+15, 2.43619e+08,   0.479984,    0.03018
1.3911e+08,    18274.2, 2.23536e+06, 3.75747e+29, 2.24513e+24, 1.10426e+13,    7.36885, 1.19143e+26,    0.03468, 2.63027e-07, 2.17909e-21,          0, 1.25771e+14, 5.60925e+14, 6.29617e+09, 6.86703e+14, 1.16887e+15, 2.37793e+08,   0.503733,  0.0300818
1.4021e+08,    17860.5, 2.20149e+06, 3.80618e+29, 2.24636e+24, 1.11918e+13,    7.64966, 1.02666e+26,    0.03468, 2.41845e-07, 1.57181e-21,          0, 1.21062e+14, 5.39922e+14, 5.92322e+09, 6.60989e+14, 1.06709e+15, 2.32033e+08,   0.529139,  0.0299797
1.4131e+08,    17451.2, 2.16773e+06, 3.85454e+29, 2.24748e+24, 1.13431e+13,     7.9449, 8.8304e+25,    0.03468, 2.22135e-07, 1.12914e-21,          0, 1.16473e+14, 5.19457e+14, 5.5681e+09, 6.35935e+14, 9.72748e+14, 2.26341e+08,   0.556343,  0.0298739
1.4241e+08,    17046.3, 2.13406e+06, 3.90252e+29, 2.2485e+24, 1.14968e+13,    8.25545, 7.58072e+25,    0.03468, 2.03814e-07, 8.07785e-22,          0, 1.12004e+14, 4.99525e+14, 5.23021e+09, 6.11534e+14, 8.85436e+14, 2.20716e+08,   0.585498,  0.0297644
1.4351e+08,    16645.8, 2.10051e+06, 3.95011e+29, 2.24943e+24, 1.16528e+13,    8.58229, 6.49537e+25,    0.03468, 1.86801e-07, 5.75447e-22,          0, 1.07653e+14, 4.80121e+14, 4.90895e+09, 5.87779e+14, 8.04751e+14, 2.15159e+08,   0.616776,  0.0296514
1.4461e+08,    16249.9, 2.06707e+06, 3.99729e+29, 2.25028e+24, 1.18111e+13,    8.92648, 5.55451e+25,    0.03468, 1.71019e-07, 4.08174e-22,          0, 1.03419e+14, 4.61238e+14, 4.60371e+09, 5.64662e+14, 7.30304e+14, 2.09671e+08,   0.650363,  0.0295349
1.4571e+08,    15858.5, 2.03374e+06, 4.04405e+29, 2.25104e+24, 1.19719e+13,    9.28913, 4.74045e+25,    0.03468, 1.56394e-07, 2.88258e-22,          0, 9.93012e+13, 4.42871e+14, 4.31392e+09, 5.42177e+14, 6.61716e+14, 2.04252e+08,   0.686466,   0.029415
1.4681e+08,    15471.7, 2.00053e+06, 4.09037e+29, 2.25173e+24, 1.21352e+13,    9.67146, 4.03746e+25,    0.03468, 1.42855e-07, 2.02663e-22,          0, 9.52971e+13, 4.25014e+14, 4.03899e+09, 5.20315e+14, 5.98626e+14, 1.98903e+08,   0.725315,  0.0292918
1.4791e+08,    15089.5, 1.96745e+06, 4.13623e+29, 2.25236e+24, 1.23011e+13,    10.0748, 3.43159e+25,    0.03468, 1.30335e-07, 1.41837e-22,          0, 9.14059e+13, 4.07659e+14, 3.77836e+09, 4.99069e+14, 5.40684e+14, 1.93624e+08,   0.767162,  0.0291653
1.4901e+08,    14711.9, 1.93449e+06, 4.18163e+29, 2.25292e+24, 1.24697e+13,    10.5005, 2.91047e+25,    0.03468, 1.18771e-07, 9.88062e-23,          0, 8.76259e+13, 3.90801e+14, 3.53148e+09, 4.78431e+14, 4.87554e+14, 1.88414e+08,   0.812288,  0.0290357
1.5011e+08,      14339, 1.90166e+06, 4.22654e+29, 2.25343e+24, 1.2641e+13,    10.9502, 2.46316e+25,    0.03468, 1.08101e-07, 6.85045e-23,          0, 8.39557e+13, 3.74432e+14, 3.2978e+09, 4.58391e+14, 4.38915e+14, 1.83276e+08,   0.861004,  0.0289031
1.5121e+08,    13970.8, 1.86897e+06, 4.27095e+29, 2.25389e+24, 1.28152e+13,    11.4255,   2.08e+25,    0.03468, 9.8267e-08, 4.72661e-23,          0, 8.03938e+13, 3.58546e+14, 3.0768e+09, 4.38943e+14, 3.9446e+14, 1.78209e+08,   0.913656,  0.0287674
1.5231e+08,    13607.4, 1.83641e+06, 4.31485e+29, 2.2543e+24, 1.29922e+13,    11.9281, 1.75248e+25,    0.03468, 8.92141e-08, 3.24513e-23,          0, 7.69384e+13, 3.43136e+14, 2.86796e+09, 4.20077e+14, 3.53898e+14, 1.73213e+08,   0.970629,  0.0286288
1.5341e+08,    13248.7,  1.804e+06, 4.35821e+29, 2.25467e+24, 1.31723e+13,    12.4601, 1.47314e+25,    0.03468,  8.089e-08, 2.21675e-23,          0, 7.35881e+13, 3.28194e+14, 2.67076e+09, 4.01785e+14, 3.16948e+14, 1.68289e+08,    1.03235,  0.0284874
1.5451e+08,    12894.8, 1.77173e+06, 4.40104e+29,  2.255e+24, 1.33554e+13,    13.0235, 1.23541e+25,    0.03468, 7.32451e-08, 1.50646e-23,          0, 7.03411e+13, 3.13713e+14, 2.48473e+09, 3.84056e+14, 2.83347e+14, 1.63436e+08,    1.09931,  0.0283433
1.5561e+08,    12545.7, 1.7396e+06, 4.44332e+29, 2.2553e+24, 1.35418e+13,    13.6206, 1.03355e+25,    0.03468, 6.62327e-08, 1.01835e-23,          0, 6.71959e+13, 2.99685e+14, 2.30936e+09, 3.66884e+14, 2.52845e+14, 1.58656e+08,    1.17203,  0.0281965
1.5671e+08,    12201.4, 1.70763e+06, 4.48502e+29, 2.25556e+24, 1.37314e+13,    14.2539, 8.6254e+24,    0.03468, 5.98083e-08, 6.8468e-24,          0, 6.41507e+13, 2.86104e+14, 2.1442e+09, 3.50257e+14, 2.25204e+14, 1.53947e+08,    1.25112,  0.0280471
1.5781e+08,      11862, 1.67581e+06, 4.52615e+29, 2.25579e+24, 1.39244e+13,    14.9262, 7.18009e+24,    0.03468,  5.393e-08, 4.57791e-24,          0, 6.12039e+13, 2.72962e+14, 1.98879e+09, 3.34167e+14, 2.00202e+14, 1.49311e+08,    1.33726,  0.0278952
1.5891e+08,    11527.4, 1.64415e+06, 4.56669e+29,  2.256e+24, 1.41209e+13,    15.6403, 5.96151e+24,    0.03468, 4.85586e-08, 3.04354e-24,          0, 5.83536e+13, 2.6025e+14, 1.84268e+09, 3.18605e+14, 1.77627e+14, 1.44748e+08,     1.4312,  0.0277409
1.6001e+08,    11197.6, 1.61264e+06, 4.60662e+29, 2.25618e+24, 1.43211e+13,    16.3996, 4.9366e+24,    0.03468, 4.36567e-08, 2.01168e-24,          0, 5.55982e+13, 2.47961e+14, 1.70545e+09, 3.03561e+14, 1.57283e+14, 1.40257e+08,     1.5338,  0.0275842
1.6111e+08,    10872.7, 1.5813e+06, 4.64595e+29, 2.25635e+24, 1.4525e+13,    17.2075, 4.07678e+24,    0.03468, 3.91893e-08, 1.32172e-24,          0, 5.29359e+13, 2.36087e+14, 1.57668e+09, 2.89025e+14, 1.38984e+14, 1.35839e+08,    1.64602,  0.0274253
1.6221e+08,    10552.8, 1.55012e+06, 4.68464e+29, 2.25649e+24, 1.47327e+13,    18.0679, 3.35731e+24,    0.03468, 3.51236e-08, 8.63089e-25,          0, 5.03649e+13, 2.24621e+14, 1.45595e+09, 2.74988e+14, 1.22555e+14, 1.31494e+08,    1.76897,  0.0272642
1.6331e+08,    10237.7, 1.5191e+06, 4.72271e+29, 2.25662e+24, 1.49445e+13,     18.985, 2.75688e+24,    0.03468, 3.14287e-08, 5.60056e-25,          0, 4.78835e+13, 2.13555e+14, 1.34289e+09, 2.61439e+14, 1.07836e+14, 1.27221e+08,    1.90387,   0.027101
1.6441e+08,    9927.46, 1.48826e+06, 4.76013e+29, 2.25673e+24, 1.51604e+13,    19.9635, 2.25715e+24,    0.03468, 2.80757e-08, 3.6107e-25,          0, 4.54899e+13, 2.02879e+14, 1.2371e+09, 2.4837e+14, 9.46753e+13, 1.23021e+08,    2.05214,  0.0269357
1.6551e+08,    9622.16, 1.45759e+06, 4.79689e+29, 2.25683e+24, 1.53806e+13,    21.0084, 1.8424e+24,    0.03468, 2.50374e-08, 2.31236e-25,          0, 4.31823e+13, 1.92588e+14, 1.13823e+09, 2.35771e+14, 8.29321e+13, 1.18893e+08,    2.21539,  0.0267686
1.6661e+08,    9321.76, 1.42709e+06, 4.83299e+29, 2.25691e+24, 1.56052e+13,    22.1254, 1.49916e+24,    0.03468, 2.22886e-08, 1.47074e-25,          0, 4.09589e+13, 1.82671e+14, 1.04592e+09, 2.23631e+14, 7.24761e+13, 1.14838e+08,    2.39543,  0.0265996
1.6771e+08,    9026.27, 1.39677e+06, 4.86843e+29, 2.25699e+24, 1.58344e+13,    23.3207, 1.21595e+24,    0.03468, 1.98055e-08, 9.28854e-26,          0, 3.88179e+13, 1.73123e+14, 9.59826e+08, 2.11942e+14, 6.31865e+13, 1.10856e+08,    2.59437,  0.0264287
1.6881e+08,    8735.68, 1.36663e+06, 4.90318e+29, 2.25705e+24, 1.60683e+13,    24.6011, 9.82964e+23,    0.03468, 1.75662e-08, 5.82362e-26,          0, 3.67575e+13, 1.63934e+14, 8.79619e+08, 2.00692e+14, 5.49517e+13, 1.06946e+08,    2.81462,  0.0262562
1.6991e+08,    8449.98, 1.33667e+06, 4.93725e+29, 2.25711e+24, 1.63072e+13,    25.9741, 7.91906e+23,    0.03468, 1.55499e-08, 3.62387e-26,          0, 3.47759e+13, 1.55096e+14, 8.04982e+08, 1.89873e+14, 4.76687e+13, 1.03109e+08,    3.05893,  0.0260821
1.7101e+08,    8169.19, 1.30689e+06, 4.97062e+29, 2.25716e+24, 1.65512e+13,    27.4482, 6.35731e+23,    0.03468, 1.37376e-08, 2.2376e-26,          0, 3.28713e+13, 1.46602e+14, 7.3561e+08, 1.79474e+14, 4.12426e+13, 9.93437e+07,    3.33049,  0.0259063
1.7211e+08,    7893.29, 1.2773e+06, 5.00329e+29, 2.2572e+24, 1.68006e+13,    29.0325, 5.08495e+23,    0.03468, 1.21116e-08, 1.37059e-26,          0, 3.10419e+13, 1.38443e+14, 6.71209e+08, 1.69485e+14, 3.55864e+13, 9.56505e+07,    3.63299,  0.0257292
1.7321e+08,    7622.27, 1.24789e+06, 5.03526e+29, 2.25723e+24, 1.70555e+13,    30.7375, 4.0519e+23,    0.03468, 1.06553e-08, 8.32595e-27,          0, 2.92859e+13, 1.30612e+14, 6.11498e+08, 1.59898e+14, 3.06202e+13, 9.20292e+07,     3.9707,  0.0255506
1.7431e+08,    7356.14, 1.21867e+06, 5.06651e+29, 2.25727e+24, 1.73161e+13,    32.5745, 3.21613e+23,    0.03468, 9.35345e-09, 5.01455e-27,          0, 2.76016e+13,  1.231e+14, 5.56207e+08, 1.50702e+14, 2.62711e+13, 8.84797e+07,    4.34861,  0.0253707
1.7541e+08,    7094.88, 1.18964e+06, 5.09705e+29, 2.25729e+24, 1.75827e+13,    34.5565, 2.54243e+23,    0.03468, 8.19193e-09, 2.99344e-27,          0, 2.59872e+13,  1.159e+14, 5.05075e+08, 1.41887e+14, 2.24725e+13, 8.50016e+07,    4.77251,  0.0251895
1.7651e+08,    6838.47, 1.1608e+06, 5.12686e+29, 2.25732e+24, 1.78556e+13,    36.6978, 2.00144e+23,    0.03468, 7.15767e-09, 1.77055e-27,          0, 2.44409e+13, 1.09003e+14, 4.57854e+08, 1.33444e+14, 1.91638e+13, 8.15949e+07,     5.2492,  0.0250071
1.7761e+08,    6586.92, 1.13216e+06, 5.15595e+29, 2.25734e+24, 1.81349e+13,    39.0144, 1.56871e+23,    0.03468, 6.23865e-09, 1.03727e-27,          0, 2.29609e+13, 1.02403e+14, 4.14307e+08, 1.25364e+14, 1.62899e+13, 7.82593e+07,    5.78667,  0.0248237
1.7871e+08,    6340.21, 1.10371e+06, 5.1843e+29, 2.25735e+24, 1.8421e+13,    41.5245,  1.224e+23,    0.03468, 5.42376e-09, 6.0168e-28,          0, 2.15455e+13, 9.60902e+13, 3.74207e+08, 1.17636e+14, 1.38011e+13, 7.49945e+07,    6.39435,  0.0246392
1.7981e+08,    6098.32, 1.07546e+06, 5.21193e+29, 2.25737e+24, 1.87142e+13,    44.2483, 9.50546e+22,    0.03468, 4.70282e-09, 3.45425e-28,          0, 2.0193e+13, 9.00583e+13, 3.37336e+08, 1.10252e+14, 1.16522e+13, 7.18003e+07,    7.08338,  0.0244538
1.8091e+08,    5861.24, 1.0474e+06, 5.23881e+29, 2.25738e+24, 1.90148e+13,    47.2089, 7.34583e+22,    0.03468, 4.06647e-09, 1.9619e-28,          0, 1.89017e+13, 8.42991e+13, 3.03488e+08, 1.03201e+14, 9.80266e+12, 6.86764e+07,    7.86704,  0.0242674
1.8201e+08,    5628.97, 1.01954e+06, 5.26496e+29, 2.25739e+24, 1.93231e+13,    50.4321, 5.64798e+22,    0.03468, 3.50612e-09, 1.10189e-28,          0, 1.76698e+13, 7.88051e+13, 2.72466e+08, 9.64753e+13, 8.21594e+12, 6.56227e+07,    8.76114,  0.0240803
1.8311e+08,    5401.47,     991884, 5.29037e+29, 2.2574e+24, 1.96394e+13,    53.9474, 4.31952e+22,    0.03468, 3.01392e-09, 6.11683e-29,          0, 1.64957e+13, 7.35688e+13, 2.44081e+08, 9.00648e+13, 6.8593e+12, 6.26387e+07,    9.78466,  0.0238924
1.8421e+08,    5178.74,     964427, 5.31503e+29, 2.2574e+24, 1.99643e+13,    57.7884, 3.28522e+22,    0.03468, 2.58272e-09, 3.35445e-29,          0, 1.53777e+13, 6.85826e+13, 2.18156e+08, 8.39606e+13, 5.70347e+12, 5.97243e+07,    10.9605,  0.0237039
1.8531e+08,    4960.76,     937171, 5.33895e+29, 2.25741e+24, 2.0298e+13,    61.9933, 2.48412e+22,    0.03468, 2.20597e-09, 1.81627e-29,          0, 1.43142e+13, 6.38392e+13, 1.9452e+08, 7.81536e+13, 4.72234e+12, 5.6879e+07,    12.3162,  0.0235147
1.8641e+08,    4747.52,     910117, 5.36212e+29, 2.25741e+24, 2.0641e+13,    66.6058, 1.86698e+22,    0.03468, 1.87772e-09, 9.70382e-30,          0, 1.33034e+13, 5.93314e+13, 1.73013e+08, 7.26349e+13, 3.89268e+12, 5.41028e+07,    13.8855,   0.023325
1.8751e+08,    4538.99,     883267, 5.38456e+29, 2.25742e+24, 2.09938e+13,    71.6762, 1.39424e+22,    0.03468, 1.59259e-09, 5.11247e-30,          0, 1.23438e+13, 5.50518e+13, 1.53482e+08, 6.73958e+13, 3.19391e+12, 5.13951e+07,    15.7095,  0.0231348
1.8861e+08,    4335.15,     856621, 5.40625e+29, 2.25742e+24, 2.13569e+13,    77.2623, 1.03427e+22,    0.03468, 1.34566e-09, 2.65426e-30,          0, 1.14338e+13, 5.09933e+13, 1.35783e+08, 6.24273e+13, 2.60784e+12, 4.87559e+07,    17.8389,  0.0229443
1.8971e+08,    4135.99,     830181, 5.42719e+29, 2.25742e+24, 2.17309e+13,    83.4311, 7.61855e+21,    0.03468, 1.13252e-09, 1.35692e-30,          0, 1.05718e+13, 4.7149e+13, 1.19779e+08, 5.7721e+13, 2.11845e+12, 4.63925e+07,    20.1164,   0.022769
1.9081e+08,    3941.49,     803945, 5.4474e+29, 2.25742e+24, 2.21163e+13,    90.2601, 5.57056e+21,    0.03468, 9.49166e-10, 6.82508e-31,          0, 9.75632e+12, 4.35119e+13, 1.05341e+08, 5.32683e+13, 1.71166e+12, 4.40862e+07,    22.7639,  0.0225935
1.9191e+08,    3751.63,     777916, 5.46687e+29, 2.25743e+24, 2.25138e+13,    97.8397, 4.04143e+21,    0.03468, 7.92003e-10, 3.37461e-31,          0, 8.9857e+12, 4.0075e+13, 9.23467e+07, 4.90608e+13, 1.37516e+12, 4.18369e+07,     25.855,  0.0224179
1.9301e+08,    3566.39,     752094, 5.4856e+29, 2.25743e+24, 2.29241e+13,    106.276, 2.90798e+21,    0.03468, 6.57798e-10, 1.63863e-31,          0, 8.25847e+12, 3.68317e+13, 8.06822e+07, 4.50902e+13, 1.09823e+12, 3.96443e+07,    29.4807,  0.0222421
1.9411e+08,    3385.75,     726478, 5.5036e+29, 2.25743e+24, 2.33479e+13,    115.693, 2.07425e+21,    0.03468, 5.43652e-10, 7.80593e-32,          0, 7.57315e+12, 3.37752e+13, 7.02393e+07, 4.13484e+13, 8.71532e+11, 3.75082e+07,    33.7549,  0.0220662
1.9512e+08,    3223.92,     703141, 5.51948e+29, 2.25743e+24, 2.37497e+13,    125.327, 1.50871e+21,    0.03468, 4.54287e-10, 3.88125e-32,          0, 6.97953e+12, 3.11278e+13, 6.16397e+07, 3.81074e+13, 7.00698e+11, 3.54284e+07,    38.8199,  0.0218904
1.9613e+08,    3065.95,     679979, 5.53475e+29, 2.25743e+24, 2.41643e+13,    136.046, 1.08836e+21,    0.03468, 3.77853e-10, 1.89526e-32,          0, 6.41888e+12, 2.86273e+13, 5.39104e+07, 3.50462e+13, 5.59999e+11, 3.34047e+07,    44.8562,  0.0217145
1.9714e+08,     2911.8,     656993, 5.54942e+29, 2.25743e+24, 2.45925e+13,    148.005, 7.78314e+20,    0.03468, 3.12737e-10, 9.07935e-33,          0, 5.89008e+12, 2.62689e+13, 4.6982e+07, 3.21591e+13, 4.44736e+11, 3.14369e+07,    52.0935,  0.0215387
1.9815e+08,    2761.47,     634181, 5.56348e+29, 2.25743e+24, 2.50351e+13,     161.39, 5.51468e+20,    0.03468, 2.57496e-10, 4.26213e-33,          0, 5.39204e+12, 2.40478e+13, 4.0789e+07, 2.94399e+13, 3.50842e+11, 2.95248e+07,    60.8269,  0.0213631
1.9916e+08,    2614.95,     611545, 5.57694e+29, 2.25743e+24, 2.54931e+13,    176.421, 3.86918e+20,    0.03468, 2.10841e-10, 1.95809e-33,          0, 4.9237e+12, 2.1959e+13, 3.52699e+07, 2.68828e+13, 2.74811e+11, 2.76683e+07,    71.4394,  0.0211876
2.0017e+08,    2472.22,     589085, 5.58981e+29, 2.25743e+24, 2.59674e+13,    193.359, 2.68642e+20,    0.03468, 1.71623e-10, 8.79158e-34,          0, 4.48399e+12, 1.9998e+13, 3.0367e+07, 2.4482e+13, 2.13635e+11, 2.58672e+07,    84.4326,  0.0210124
2.0118e+08,    2333.27,     566800, 5.60209e+29, 2.25743e+24, 2.64591e+13,    212.519, 1.84451e+20,    0.03468, 1.38823e-10, 3.85174e-34,          0, 4.07188e+12,  1.816e+13, 2.60261e+07, 2.22319e+13, 1.64743e+11, 2.41215e+07,     100.47,  0.0208374
2.0219e+08,    2198.09,     544690, 5.61379e+29, 2.25743e+24, 2.69695e+13,    234.279, 1.25141e+20,    0.03468, 1.11537e-10, 1.64385e-34,          0, 3.68633e+12, 1.64405e+13, 2.21967e+07, 2.01269e+13, 1.25949e+11, 2.24309e+07,    120.441,  0.0206627
 2.032e+08,    2066.66,     522756, 5.6249e+29, 2.25743e+24, 2.74998e+13,    259.101, 8.38214e+19,    0.03468, 8.89695e-11, 6.82116e-35,          0, 3.32635e+12, 1.4835e+13, 1.88315e+07, 1.81614e+13, 9.54047e+10, 2.07955e+07,    145.549,  0.0204884
2.0421e+08,    1938.98,     500997, 5.63545e+29, 2.25743e+24, 2.80516e+13,    287.545, 5.5377e+19,    0.03468, 7.04188e-11, 2.74616e-35,          0, 2.99094e+12, 1.33392e+13, 1.58865e+07, 1.63301e+13, 7.15529e+10, 1.92152e+07,    177.451,  0.0203146
2.0522e+08,    1815.03,     479412, 5.64543e+29, 2.25743e+24, 2.86266e+13,    320.305, 3.60458e+19,    0.03468, 5.5271e-11, 1.07013e-35,          0, 2.67913e+12, 1.19485e+13, 1.33207e+07, 1.46277e+13, 5.30925e+10,  1.769e+07,    218.456,  0.0201412
2.0623e+08,    1694.82,     458003, 5.65486e+29, 2.25743e+24, 2.92267e+13,     358.24, 2.30889e+19,    0.03468, 4.29903e-11, 4.02564e-36,          0, 2.38996e+12, 1.06589e+13, 1.10959e+07, 1.30488e+13, 3.89412e+10, 1.62199e+07,    271.836,  0.0199683
2.0724e+08,    1578.32,     436767, 5.66373e+29, 2.25743e+24, 2.98538e+13,    402.428, 1.45338e+19,    0.03468, 3.3111e-11, 1.45751e-36,          0, 2.12249e+12, 9.46601e+12, 9.17678e+06, 1.15885e+13, 2.82051e+10, 1.48051e+07,    342.318,   0.019796
2.0825e+08,    1465.55,     415706, 5.67207e+29, 2.25743e+24, 3.05105e+13,    454.229, 8.97647e+18,    0.03468, 2.52302e-11, 5.06158e-37,          0, 1.8758e+12, 8.3658e+12, 7.53069e+06, 1.02416e+13, 2.01513e+10, 1.34456e+07,    436.864,  0.0196243
2.0926e+08,    1356.49,     394818, 5.67987e+29, 2.25743e+24, 3.11995e+13,     515.38, 5.43016e+18,    0.03468, 1.90012e-11, 1.67942e-37,          0, 1.64897e+12, 7.35419e+12, 6.12743e+06, 9.00317e+12, 1.41835e+10, 1.21418e+07,    565.958,  0.0194533
2.1027e+08,    1251.15,     374104, 5.68715e+29, 2.25743e+24, 3.19238e+13,    588.126, 3.21079e+18,    0.03468, 1.41271e-11, 5.30015e-38,          0, 1.44112e+12, 6.4272e+12, 4.93921e+06, 7.86832e+12, 9.82037e+09, 1.08938e+07,    745.803,  0.0192829
2.1128e+08,    1149.53,     353562, 5.69391e+29, 2.25743e+24, 3.26872e+13,      675.4, 1.8513e+18,    0.03468, 1.03551e-11, 1.58277e-38,          0, 1.25136e+12, 5.58091e+12, 3.9405e+06, 6.83228e+12, 6.67735e+09, 9.70219e+06,    1002.16,  0.0191134
2.1229e+08,    1051.63,     333192, 5.70018e+29, 2.25743e+24, 3.34937e+13,    781.086, 1.03804e+18,    0.03468, 7.47167e-12, 4.44557e-39,          0, 1.07884e+12, 4.81148e+12, 3.10791e+06, 5.89032e+12, 4.44992e+09, 8.56734e+06,    1377.35,  0.0189446
 2.133e+08,     957.47,     312994, 5.70595e+29, 2.25743e+24, 3.43482e+13,    910.411, 5.64179e+17,    0.03468, 5.29719e-12, 1.16609e-39,          0,  9.227e+11, 4.11511e+12, 2.4201e+06, 5.03782e+12, 2.89977e+09, 7.48996e+06,    1943.61,  0.0187767
2.1431e+08,     867.06,     292967, 5.71124e+29, 2.25743e+24, 3.52566e+13,    1070.52, 2.96088e+17,    0.03468, 3.68213e-12, 2.83255e-40,          0, 7.82108e+11, 3.48809e+12, 1.85765e+06, 4.27021e+12, 1.84266e+09, 6.47085e+06,    2829.82,  0.0186097
2.1532e+08,    780.419,     273110, 5.71606e+29, 2.25743e+24, 3.62257e+13,    1271.37, 1.4936e+17,    0.03468, 2.50297e-12, 6.30796e-41,          0, 6.56244e+11, 2.92675e+12, 1.40295e+06,  3.583e+12, 1.13805e+09, 5.51108e+06,    4278.31,  0.0184437
2.1633e+08,    697.574,     253423, 5.72043e+29, 2.25743e+24, 3.63402e+13,    1527.14, 7.20174e+16,    0.03468, 1.65863e-12, 1.27222e-41,          0, 5.44296e+11, 2.42748e+12, 1.0401e+06, 2.97178e+12, 6.80432e+08, 4.61195e+06,    6774.68,  0.0182787
2.1734e+08,    618.557,     233905, 5.72435e+29, 2.25743e+24, 3.63402e+13,    1858.47, 3.29661e+16,    0.03468, 1.06736e-12, 2.28922e-42,          0, 4.45469e+11, 1.98673e+12,     754822, 2.4322e+12, 3.91904e+08, 3.77517e+06,    11370.9,  0.0181148
2.1835e+08,    543.409,     214554, 5.72785e+29, 2.25743e+24, 3.63402e+13,    2296.34, 1.42045e+16,    0.03468, 6.63821e-13, 3.60706e-43,          0, 3.58974e+11, 1.60097e+12,     534365, 1.95995e+12, 2.1612e+08, 3.00291e+06,    20582.4,  0.0179521
2.1936e+08,    472.184,     195371, 5.73093e+29, 2.25743e+24, 3.63402e+13,    2888.64, 5.69937e+15,    0.03468, 3.96578e-13, 4.86037e-44,          0, 2.84035e+11, 1.26675e+12,     367393, 1.55079e+12, 1.13231e+08, 2.29805e+06,      41250,  0.0177905
2.2037e+08,    404.949,     176354, 5.73362e+29, 2.25743e+24, 3.63402e+13,    3712.41, 2.09991e+15,    0.03468, 2.25797e-13, 5.43143e-45,          0, 2.1988e+11, 9.80632e+11,     243912, 1.20051e+12, 5.58001e+07, 1.66449e+06,    95564.8,  0.0176302
2.2138e+08,    341.785,     157503, 5.73593e+29, 2.25743e+24, 3.63402e+13,    4897.18, 6.9742e+14,    0.03468, 1.21249e-13, 4.83299e-46,          0, 1.65745e+11, 7.39198e+11,     155182, 9.04943e+11, 2.55223e+07, 1.10774e+06,     276693,  0.0174713
2.2239e+08,    282.799,     138815, 5.73788e+29, 2.25743e+24, 3.63402e+13,    6673.13, 2.03565e+14,    0.03468, 6.05344e-14, 3.23905e-47,          0, 1.20869e+11, 5.39057e+11,    93635.2, 6.59926e+11, 1.06395e+07,     636194, 1.18086e+06,  0.0173138
 2.234e+08,    228.125,     120291, 5.73949e+29, 2.25743e+24, 3.63402e+13,    9478.25, 5.03757e+13,    0.03468, 2.75349e-14, 1.51101e-48,          0, 8.44901e+10, 3.76814e+11,      52799, 4.61304e+11, 3.93944e+06,     264259, 9.80127e+06,  0.0171578
2.2441e+08,    177.939,     101929, 5.74078e+29, 2.25743e+24, 3.63402e+13,    14222.3, 1.00197e+13,    0.03468, 1.10724e-14, 4.36374e-50,          0, 5.58429e+10, 2.49052e+11,    27219.9, 3.04895e+11, 1.24683e+06,    11732.2,    2.05383,  0.0169868
2.2542e+08,    132.474,    83728.3, 5.74177e+29, 2.25743e+24, 3.63402e+13,    23028.4, 1.47212e+12,    0.03468, 3.75313e-15, 6.48223e-52,          0, 3.41508e+10, 1.52308e+11,    12393.1, 1.86459e+11,     317483,          0,       -nan,       -nan
2.2643e+08,    92.0535,    65686.9, 5.7425e+29, 2.25743e+24, 3.63402e+13,    41732.8, 1.38153e+11,    0.03468, 9.87943e-16, 3.60008e-54,          0, 1.86174e+10, 8.30309e+10,    4694.68, 1.01648e+11,    58593.8,          0,       -nan,       -nan
2.2744e+08,    57.1502,      47804, 5.74298e+29, 2.25743e+24, 3.63402e+13,    90910.6, 6.23324e+09,    0.03468, 1.72048e-16, 4.00673e-57,          0, 8.41164e+09, 3.75147e+10,    1316.88, 4.59264e+10,    6391.63,          0,       -nan,       -nan
2.2845e+08,    28.5229,      30078, 5.74326e+29, 2.25743e+24, 3.63402e+13,     282874, 6.80552e+07,    0.03468, 1.34575e-17, 1.9805e-61,          0, 2.64145e+09, 1.17805e+10,    206.387, 1.44219e+10,    251.739,          0,       -nan,       -nan
2.3002e+08,   0.823935,     2831.7, 5.74339e+29, 2.25743e+24, 3.64154e+13, 9.24239e+07, 0.00672056,    0.03468, 3.05393e-23,          0,          0, 7.18357e+06, 3.20377e+07,  0.0162136, 3.92213e+07,  1.673e-05,          0,       -nan,       -nan
