X = 0.734
Y = 0.25
Z = 0.016
mu = 0.601142
    Radius,    Density,       Temp,       Mass,        Lum,       OptD,        Kff,         KH,        Kes,         PP,        CNO,         3a,        Deg,        Gas,        Rad,    TotPres,       dLdr,     dPdT,      dTRad,     dTConv
         0,          0,          0,          0,          0,          0,       -nan,          0,    0.03468,          0,          0,          0,          0,          0,          0,          0,          0,          0,       -nan,       -nan
      0.01,    56611.7, 6.03949e+06,     237134,    10.2962,    28396.6,   0.501603, 1.60873e+30,    0.03468, 4.34192e-05, 2.62571e-12, 4.45751e-64, 8.27996e+14, 4.6949e+15, 3.35498e+11, 5.52323e+15, 0.00308885, 9.46352e+08, 1.09395e-05, 4.5345e-06
1.0033e+06,    56608.7, 6.03931e+06, 2.39479e+23, 1.0397e+19, 2.84903e+10,   0.501636, 1.60827e+30,    0.03468, 4.34119e-05, 2.62405e-12, 4.45135e-64, 8.27924e+14, 4.69452e+15, 3.35459e+11, 5.52278e+15, 3.10857e+13, 9.46289e+08, 0.00109755, 0.000454926
2.0083e+06,    56599.9, 6.03878e+06, 1.92054e+24, 8.33547e+19, 5.70298e+10,   0.501735, 1.60688e+30,    0.03468,  4.339e-05, 2.61908e-12, 4.43286e-64, 8.2771e+14, 4.69338e+15, 3.35342e+11, 5.52143e+15, 1.24472e+14, 9.46099e+08, 0.00219688, 0.000910515
3.0133e+06,    56585.3, 6.0379e+06, 6.48632e+24, 2.81375e+20, 8.55709e+10,     0.5019, 1.60456e+30,    0.03468, 4.33534e-05, 2.61081e-12, 4.40221e-64, 8.27352e+14, 4.69148e+15, 3.35146e+11, 5.51917e+15, 2.79911e+14, 9.45781e+08, 0.00329607, 0.00136588
4.0183e+06,    56564.7, 6.03667e+06, 1.53781e+25, 6.66628e+20, 1.14114e+11,   0.502131, 1.60132e+30,    0.03468, 4.33022e-05, 2.59927e-12, 4.35964e-64, 8.26852e+14, 4.68882e+15, 3.34872e+11,  5.516e+15, 4.96992e+14, 9.45337e+08, 0.00439505, 0.00182092
5.0233e+06,    56538.3, 6.03508e+06, 3.00347e+25, 1.30079e+21, 1.42661e+11,   0.502429, 1.59716e+30,    0.03468, 4.32366e-05, 2.58451e-12, 4.30551e-64, 8.26209e+14, 4.6854e+15, 3.3452e+11, 5.51194e+15, 7.75142e+14, 9.44766e+08, 0.00549373, 0.00227552
6.0283e+06,    56506.1, 6.03314e+06, 5.1891e+25, 2.24488e+21, 1.71212e+11,   0.502793, 1.5921e+30,    0.03468, 4.31564e-05, 2.56658e-12, 4.24026e-64, 8.25423e+14, 4.68122e+15, 3.34091e+11, 5.50698e+15, 1.11363e+15, 9.44045e+08, 0.00662652, 0.00274382
7.11762e+06,    56464.5, 6.03065e+06, 8.5373e+25, 3.68807e+21, 2.02163e+11,   0.503263, 1.5856e+30,    0.03468, 4.30533e-05, 2.54365e-12, 4.15759e-64, 8.24412e+14, 4.67584e+15, 3.33538e+11, 5.50059e+15, 1.54761e+15, 9.43133e+08, 0.00782816,    0.00324
8.21762e+06,    56415.6, 6.02771e+06, 1.31319e+26, 5.66336e+21, 2.33425e+11,   0.503817, 1.57797e+30,    0.03468, 4.29322e-05, 2.5169e-12, 4.06227e-64, 8.23222e+14, 4.66951e+15, 3.32888e+11, 5.49307e+15, 2.05534e+15, 9.4207e+08,  0.0090292, 0.00373525
9.31762e+06,    56359.7, 6.02435e+06, 1.91314e+26, 8.23485e+21, 2.64695e+11,   0.504452, 1.56929e+30,    0.03468, 4.27941e-05, 2.48665e-12, 3.95596e-64, 8.21863e+14, 4.66229e+15, 3.32146e+11, 5.48448e+15, 2.63131e+15, 9.40973e+08,  0.0101205, 0.00418455
1.04176e+07,    56296.9, 6.02057e+06, 2.67207e+26, 1.14766e+22, 2.95973e+11,   0.505166, 1.55958e+30,    0.03468, 4.26392e-05, 2.45305e-12, 3.83963e-64, 8.20337e+14, 4.65417e+15, 3.31314e+11, 5.47484e+15, 3.27371e+15, 9.39623e+08,  0.0113202, 0.00467761
1.15176e+07,    56227.1, 6.01637e+06, 3.60834e+26, 1.54606e+22, 3.27261e+11,   0.505962, 1.54886e+30,    0.03468, 4.24677e-05, 2.41624e-12, 3.71435e-64, 8.18644e+14, 4.64516e+15, 3.3039e+11, 5.46414e+15, 3.98053e+15, 9.38125e+08,  0.0125191, 0.00516933
1.26176e+07,    56150.5, 6.01175e+06, 4.7402e+26, 2.02566e+22, 3.58561e+11,   0.506839, 1.53715e+30,    0.03468, 4.22799e-05, 2.37637e-12, 3.58123e-64, 8.16785e+14, 4.63527e+15, 3.29378e+11, 5.45239e+15, 4.74955e+15, 9.36477e+08,  0.0137171, 0.00565956
1.37176e+07,      56067, 6.00672e+06, 6.08573e+26, 2.59316e+22, 3.89872e+11,   0.507797, 1.52447e+30,    0.03468, 4.20758e-05, 2.33362e-12, 3.44141e-64, 8.14762e+14, 4.62451e+15, 3.28276e+11, 5.4396e+15, 5.57837e+15, 9.34682e+08,  0.0149142, 0.00614816
1.48176e+07,    55976.7, 6.00127e+06, 7.66289e+26,  3.255e+22, 4.21197e+11,   0.508838, 1.51085e+30,    0.03468, 4.18558e-05, 2.28817e-12, 3.29608e-64, 8.12575e+14, 4.61287e+15, 3.27087e+11, 5.42577e+15, 6.46443e+15, 9.3274e+08,  0.0161103, 0.00663499
1.59176e+07,    55879.6, 5.99541e+06, 9.48942e+26, 4.01733e+22, 4.52535e+11,   0.509961, 1.49632e+30,    0.03468, 4.16202e-05, 2.2402e-12, 3.1464e-64, 8.10227e+14, 4.60037e+15, 3.25811e+11, 5.41092e+15, 7.40497e+15, 9.30652e+08,  0.0173054, 0.00711991
1.69176e+07,    55785.4, 5.98972e+06, 1.13811e+27, 4.80247e+22, 4.81038e+11,   0.511054, 1.48235e+30,    0.03468, 4.13926e-05, 2.19458e-12, 3.00754e-64, 8.07952e+14, 4.58826e+15, 3.24576e+11, 5.39653e+15, 8.30485e+15, 9.28419e+08,  0.0184995, 0.00760279
1.80176e+07,    55675.4, 5.98307e+06, 1.37324e+27, 5.77257e+22, 5.12407e+11,   0.512337, 1.46615e+30,    0.03468, 4.11278e-05, 2.14237e-12, 2.8528e-64, 8.05299e+14, 4.57412e+15, 3.23137e+11, 5.37975e+15, 9.34123e+15, 9.26041e+08,  0.0196925, 0.00808349
1.91176e+07,    55558.7, 5.97601e+06, 1.63836e+27, 6.85922e+22, 5.43792e+11,   0.513704, 1.44913e+30,    0.03468, 4.08483e-05, 2.08823e-12, 2.69703e-64, 8.02488e+14, 4.55915e+15, 3.21615e+11, 5.36196e+15, 1.04233e+16, 9.2352e+08,  0.0208845, 0.00856188
2.02176e+07,    55435.4, 5.96854e+06, 1.93517e+27, 8.06724e+22, 5.75197e+11,   0.515155, 1.43132e+30,    0.03468, 4.05542e-05, 2.03238e-12, 2.54131e-64, 7.99521e+14, 4.54335e+15, 3.2001e+11, 5.34319e+15, 1.15476e+16, 9.20858e+08,  0.0220755, 0.00903782
2.13176e+07,    55305.5, 5.96066e+06, 2.26535e+27, 9.40112e+22, 6.0662e+11,   0.516692, 1.41275e+30,    0.03468, 4.0246e-05, 1.97503e-12, 2.38662e-64, 7.96401e+14, 4.52672e+15, 3.18324e+11, 5.32344e+15, 1.2711e+16, 9.18054e+08,  0.0232655, 0.00951117
2.24176e+07,      55169, 5.95238e+06, 2.63055e+27, 1.0865e+23, 6.38064e+11,   0.518316, 1.39346e+30,    0.03468, 3.9924e-05, 1.91638e-12, 2.23391e-64, 7.93129e+14, 4.50927e+15, 3.16558e+11, 5.30272e+15, 1.39097e+16, 9.15111e+08,  0.0244544, 0.00998182
2.35176e+07,    55026.1, 5.94369e+06, 3.03238e+27, 1.24624e+23, 6.69529e+11,   0.520027, 1.37348e+30,    0.03468, 3.95886e-05, 1.85666e-12, 2.08403e-64, 7.89706e+14, 4.49102e+15, 3.14714e+11, 5.28105e+15, 1.51403e+16, 9.12029e+08,  0.0256425,  0.0104496
2.46176e+07,    54876.7, 5.9346e+06, 3.47244e+27, 1.41969e+23, 7.01017e+11,   0.521826, 1.35285e+30,    0.03468, 3.92402e-05, 1.79608e-12, 1.93774e-64, 7.86136e+14, 4.47198e+15, 3.12793e+11, 5.25843e+15, 1.63991e+16, 9.08811e+08,  0.0268296,  0.0109145
2.57176e+07,    54720.9, 5.92511e+06, 3.95231e+27, 1.60711e+23, 7.32529e+11,   0.523715, 1.33161e+30,    0.03468, 3.88791e-05, 1.73484e-12, 1.79574e-64, 7.82421e+14, 4.45216e+15, 3.10797e+11, 5.23489e+15, 1.76824e+16, 9.05457e+08,   0.028016,  0.0113762
2.68176e+07,    54558.8, 5.91522e+06, 4.47352e+27, 1.80877e+23, 7.64066e+11,   0.525693, 1.3098e+30,    0.03468, 3.85058e-05, 1.67314e-12, 1.65861e-64, 7.78562e+14, 4.43156e+15, 3.08727e+11, 5.21043e+15, 1.89863e+16, 9.01969e+08,  0.0292017,  0.0118347
2.79176e+07,    54390.5, 5.90494e+06, 5.03758e+27, 2.02487e+23, 7.95628e+11,   0.527762, 1.28745e+30,    0.03468, 3.81206e-05, 1.6112e-12, 1.52687e-64, 7.74562e+14, 4.4102e+15, 3.06585e+11, 5.18507e+15, 2.03072e+16, 8.98348e+08,  0.0303868,  0.0122899
2.90176e+07,    54215.9, 5.89426e+06, 5.64597e+27, 2.25558e+23, 8.27217e+11,   0.529924, 1.2646e+30,    0.03468, 3.77241e-05, 1.54919e-12, 1.40091e-64, 7.70424e+14, 4.3881e+15, 3.04373e+11, 5.15883e+15, 2.16411e+16, 8.94597e+08,  0.0315715,  0.0127416
3.01176e+07,    54035.2, 5.88318e+06, 6.30013e+27, 2.50101e+23, 8.58835e+11,   0.532178, 1.2413e+30,    0.03468, 3.73166e-05, 1.4873e-12, 1.28106e-64, 7.6615e+14, 4.36526e+15, 3.02092e+11, 5.13171e+15, 2.29842e+16, 8.90716e+08,  0.0327559,  0.0131898
3.12176e+07,    53848.5, 5.87171e+06, 7.00147e+27, 2.76125e+23, 8.90482e+11,   0.534528, 1.21759e+30,    0.03468, 3.68985e-05, 1.42572e-12, 1.16757e-64, 7.61742e+14, 4.34169e+15, 2.99743e+11, 5.10373e+15, 2.43328e+16, 8.86707e+08,  0.0339401,  0.0136342
3.23176e+07,    53655.8, 5.85986e+06, 7.75137e+27, 3.03634e+23, 9.22159e+11,   0.536973, 1.1935e+30,    0.03468, 3.64704e-05, 1.36462e-12, 1.06059e-64, 7.57203e+14, 4.31742e+15, 2.9733e+11, 5.07492e+15, 2.5683e+16, 8.82573e+08,  0.0351245,  0.0140748
3.34176e+07,    53457.1, 5.84761e+06, 8.55118e+27, 3.32627e+23, 9.53868e+11,   0.539516, 1.16907e+30,    0.03468, 3.60327e-05, 1.30414e-12, 9.60192e-65, 7.52537e+14, 4.29245e+15, 2.94853e+11, 5.04528e+15, 2.70311e+16, 8.78314e+08,  0.0363091,  0.0145115
3.45176e+07,    53252.7, 5.83499e+06, 9.4022e+27,  3.631e+23, 9.8561e+11,   0.542157, 1.14435e+30,    0.03468, 3.55858e-05, 1.24444e-12, 8.66398e-65, 7.47746e+14, 4.26679e+15, 2.92314e+11, 5.01483e+15, 2.83733e+16, 8.74337e+08,  0.0373865,   0.014905
3.56176e+07,    53042.4, 5.82198e+06, 1.03057e+28, 3.95045e+23, 1.01739e+12,   0.544899, 1.11937e+30,    0.03468, 3.51302e-05, 1.18567e-12, 7.79154e-65, 7.42832e+14, 4.24047e+15, 2.89715e+11, 4.98359e+15, 2.9706e+16, 8.69846e+08,  0.0385724,  0.0153339
3.67176e+07,    52826.5, 5.80858e+06, 1.12629e+28, 4.28449e+23, 1.0492e+12,   0.547742, 1.09418e+30,    0.03468, 3.46664e-05, 1.12795e-12, 6.9835e-65, 7.37799e+14, 4.21349e+15, 2.87059e+11, 4.95158e+15, 3.10255e+16, 8.65237e+08,  0.0397594,  0.0157585
3.78176e+07,      52605, 5.79481e+06, 1.2275e+28, 4.63295e+23, 1.08104e+12,    0.55069, 1.0688e+30,    0.03468, 3.41948e-05, 1.0714e-12, 6.23828e-65, 7.32649e+14, 4.18588e+15, 2.84346e+11, 4.91881e+15, 3.23284e+16, 8.60511e+08,  0.0409477,  0.0161787
3.89176e+07,    52377.9, 5.78066e+06, 1.33432e+28, 4.99564e+23, 1.11293e+12,   0.553742, 1.04329e+30,    0.03468, 3.37159e-05, 1.01612e-12, 5.55387e-65, 7.27386e+14, 4.15763e+15, 2.81579e+11, 4.8853e+15, 3.36113e+16, 8.5567e+08,  0.0421377,  0.0165946
4.00176e+07,    52145.4, 5.76614e+06, 1.44686e+28, 5.37231e+23, 1.14485e+12,   0.556902, 1.01767e+30,    0.03468, 3.32302e-05, 9.62217e-13, 4.92792e-65, 7.22013e+14, 4.12878e+15, 2.7876e+11, 4.85107e+15, 3.48708e+16, 8.50717e+08,  0.0433298,  0.0170058
4.11176e+07,    51907.6, 5.75125e+06, 1.56522e+28, 5.7627e+23, 1.17682e+12,   0.560171, 9.91979e+29,    0.03468, 3.27382e-05, 9.09773e-13, 4.35778e-65, 7.16534e+14, 4.09933e+15, 2.75891e+11, 4.81614e+15, 3.61037e+16, 8.45653e+08,  0.0445244,  0.0174124
4.22176e+07,    51664.5, 5.73598e+06, 1.68951e+28, 6.16648e+23, 1.20882e+12,   0.563552, 9.6626e+29,    0.03468, 3.22403e-05, 8.58862e-13, 3.84059e-65, 7.1095e+14, 4.06931e+15, 2.72973e+11, 4.78053e+15, 3.73068e+16, 8.4048e+08,  0.0457219,  0.0178142
4.33176e+07,    51416.3, 5.72034e+06, 1.81982e+28, 6.58333e+23, 1.24087e+12,   0.567047, 9.40545e+29,    0.03468, 3.1737e-05, 8.09547e-13, 3.37331e-65, 7.05266e+14, 4.03872e+15, 2.70009e+11, 4.74425e+15, 3.84774e+16, 8.35202e+08,  0.0469227,  0.0182112
4.44176e+07,      51163, 5.70434e+06, 1.95626e+28, 7.01285e+23, 1.27297e+12,   0.570658, 9.14867e+29,    0.03468, 3.12287e-05, 7.61882e-13, 2.95283e-65, 6.99485e+14, 4.00758e+15, 2.67001e+11, 4.70733e+15, 3.96124e+16, 8.29819e+08,  0.0481273,  0.0186032
4.55176e+07,    50904.8, 5.68798e+06, 2.09891e+28, 7.45466e+23, 1.3051e+12,   0.574387, 8.8926e+29,    0.03468, 3.0716e-05, 7.15909e-13, 2.57595e-65, 6.9361e+14, 3.97591e+15, 2.6395e+11, 4.66978e+15, 4.07092e+16, 8.24334e+08,  0.0493363,  0.0189902
4.66176e+07,    50641.6, 5.67125e+06, 2.24787e+28, 7.90831e+23, 1.33729e+12,   0.578238, 8.63754e+29,    0.03468, 3.01993e-05, 6.7166e-13, 2.23949e-65, 6.87645e+14, 3.94373e+15, 2.60858e+11, 4.63163e+15, 4.17653e+16, 8.18749e+08,  0.0505502,  0.0193721
4.77176e+07,    50373.7, 5.65415e+06, 2.4032e+28, 8.37334e+23, 1.36953e+12,   0.582213, 8.38381e+29,    0.03468, 2.96791e-05, 6.29161e-13, 1.94029e-65, 6.81593e+14, 3.91104e+15, 2.57728e+11, 4.59289e+15, 4.27782e+16, 8.13067e+08,  0.0517696,  0.0197488
4.88176e+07,    50101.2, 5.6367e+06, 2.56499e+28, 8.84926e+23, 1.40181e+12,   0.586315, 8.13169e+29,    0.03468, 2.91558e-05, 5.88424e-13, 1.67527e-65, 6.75458e+14, 3.87787e+15, 2.5456e+11, 4.55359e+15, 4.37457e+16, 8.0729e+08,  0.0529952,  0.0201202
4.99176e+07,    49824.1, 5.61889e+06, 2.73331e+28, 9.33557e+23, 1.43415e+12,   0.590548, 7.88148e+29,    0.03468, 2.86298e-05, 5.49455e-13, 1.44144e-65, 6.69243e+14, 3.84424e+15, 2.51359e+11, 4.51374e+15, 4.46658e+16, 8.01421e+08,  0.0542275,  0.0204862
5.10176e+07,    49542.5, 5.60073e+06, 2.90824e+28, 9.83173e+23, 1.46655e+12,   0.594915, 7.63343e+29,    0.03468, 2.81017e-05, 5.12253e-13, 1.23594e-65, 6.62951e+14, 3.81016e+15, 2.48124e+11, 4.47336e+15, 4.55366e+16, 7.95461e+08,  0.0554674,  0.0208468
5.21176e+07,    49256.6, 5.58221e+06, 3.08983e+28, 1.03372e+24,  1.499e+12,   0.599418, 7.38781e+29,    0.03468, 2.75717e-05, 4.76808e-13, 1.05602e-65, 6.56587e+14, 3.77564e+15, 2.44858e+11, 4.43248e+15, 4.63562e+16, 7.89413e+08,  0.0567155,  0.0212019
5.32176e+07,    48966.5, 5.56333e+06, 3.27814e+28, 1.08514e+24, 1.5315e+12,   0.604064, 7.14486e+29,    0.03468, 2.70405e-05, 4.43103e-13, 8.99117e-66, 6.50154e+14, 3.74071e+15, 2.41563e+11, 4.39111e+15, 4.71231e+16, 7.83279e+08,  0.0579727,  0.0215514
5.43176e+07,    48672.2, 5.5441e+06, 3.47324e+28, 1.13737e+24, 1.56407e+12,   0.608854, 6.90481e+29,    0.03468, 2.65083e-05, 4.11116e-13, 7.62814e-66, 6.43656e+14, 3.70538e+15, 2.3824e+11, 4.34928e+15, 4.7836e+16, 7.77063e+08,  0.0592398,  0.0218952
5.54176e+07,      48374, 5.52452e+06, 3.67516e+28, 1.19036e+24, 1.5967e+12,   0.613794, 6.66788e+29,    0.03468, 2.59756e-05, 3.80816e-13, 6.44865e-66, 6.37095e+14, 3.66967e+15, 2.34892e+11,  4.307e+15, 4.84935e+16, 7.70765e+08,  0.0605177,  0.0222333
5.65176e+07,    48071.8, 5.50459e+06, 3.88396e+28, 1.24403e+24, 1.62939e+12,   0.618889, 6.43426e+29,    0.03468, 2.54428e-05, 3.52172e-13, 5.43192e-66, 6.30477e+14, 3.63359e+15, 2.3152e+11, 4.2643e+15, 4.90946e+16, 7.6439e+08,  0.0618074,  0.0225657
5.76176e+07,    47765.9, 5.4843e+06, 4.09969e+28, 1.29834e+24, 1.66215e+12,   0.624142, 6.20415e+29,    0.03468, 2.49103e-05, 3.25144e-13, 4.5589e-66, 6.23804e+14, 3.59716e+15, 2.28127e+11, 4.2212e+15, 4.96385e+16, 7.57939e+08,  0.0631098,  0.0228922
5.87176e+07,    47456.4, 5.46367e+06, 4.32237e+28, 1.35322e+24, 1.69498e+12,    0.62956, 5.97771e+29,    0.03468, 2.43785e-05, 2.99689e-13, 3.81219e-66, 6.17081e+14, 3.5604e+15, 2.24712e+11, 4.17771e+15, 5.01243e+16, 7.51415e+08,   0.064426,  0.0232127
5.98176e+07,    47143.3, 5.44268e+06, 4.55204e+28, 1.4086e+24, 1.72788e+12,   0.635148, 5.75512e+29,    0.03468, 2.38477e-05, 2.75762e-13,  3.176e-66, 6.10311e+14, 3.52333e+15, 2.21279e+11, 4.13386e+15, 5.05515e+16, 7.4482e+08,  0.0657571,  0.0235274
6.09176e+07,    46826.8, 5.42134e+06, 4.78872e+28, 1.46441e+24, 1.76086e+12,   0.640913, 5.53652e+29,    0.03468, 2.33183e-05, 2.53313e-13, 2.6361e-66, 6.03498e+14, 3.48595e+15, 2.17829e+11, 4.08967e+15, 5.09198e+16, 7.38157e+08,  0.0671042,   0.023836
6.20176e+07,      46507, 5.39965e+06, 5.03245e+28, 1.5206e+24, 1.79391e+12,   0.646859, 5.32204e+29,    0.03468, 2.27906e-05, 2.32291e-13, 2.1797e-66, 5.96645e+14, 3.4483e+15, 2.14364e+11, 4.04516e+15, 5.12289e+16, 7.31428e+08,  0.0684687,  0.0241385
6.31176e+07,    46184.1, 5.3776e+06, 5.28325e+28, 1.57709e+24, 1.82704e+12,   0.652996, 5.11181e+29,    0.03468, 2.2265e-05, 2.12642e-13, 1.79543e-66, 5.89757e+14, 3.41037e+15, 2.10885e+11, 4.00034e+15, 5.14787e+16, 7.24636e+08,  0.0698517,   0.024435
6.42176e+07,    45858.2, 5.3552e+06, 5.54112e+28, 1.63383e+24, 1.86026e+12,   0.659329, 4.90593e+29,    0.03468, 2.17419e-05, 1.94311e-13, 1.47317e-66, 5.82837e+14, 3.3722e+15, 2.07393e+11, 3.95525e+15, 5.16693e+16, 7.17784e+08,  0.0712547,  0.0247253
6.53176e+07,    45529.4, 5.33245e+06, 5.80608e+28, 1.69074e+24, 1.89356e+12,   0.665868, 4.7045e+29,    0.03468, 2.12214e-05, 1.77243e-13,  1.204e-66, 5.75889e+14, 3.3338e+15, 2.0389e+11, 3.90989e+15, 5.18008e+16, 7.10874e+08,   0.072679,  0.0250094
6.64176e+07,    45197.9, 5.30933e+06, 6.07813e+28, 1.74777e+24, 1.92696e+12,    0.67262, 4.50761e+29,    0.03468, 2.07039e-05, 1.61379e-13, 9.80082e-67, 5.68917e+14, 3.29518e+15, 2.00377e+11, 3.86429e+15, 5.18737e+16, 7.03908e+08,  0.0741263,  0.0252872
6.74176e+07,    44894.2,  5.288e+06, 6.33162e+28, 1.79965e+24, 1.9574e+12,   0.678952, 4.3326e+29,    0.03468, 2.02364e-05, 1.47956e-13, 8.10008e-67, 5.62561e+14, 3.25989e+15, 1.97177e+11, 3.82265e+15, 5.18896e+16, 6.9689e+08,  0.0755981,  0.0255589
6.85176e+07,    44557.9, 5.26419e+06, 6.61723e+28, 1.85672e+24, 1.99098e+12,   0.686139, 4.14455e+29,    0.03468, 1.97254e-05, 1.34235e-13, 6.54219e-67, 5.55553e+14, 3.22089e+15, 1.9365e+11, 3.77664e+15, 5.1852e+16, 6.89822e+08,   0.077096,  0.0258242
6.96176e+07,    44219.1, 5.24001e+06, 6.90993e+28, 1.91371e+24, 2.02466e+12,   0.693569, 3.9612e+29,    0.03468, 1.92183e-05, 1.21553e-13, 5.26172e-67, 5.48532e+14, 3.18173e+15, 1.90117e+11, 3.73045e+15, 5.17576e+16, 6.82705e+08,  0.0786219,  0.0260831
7.07176e+07,    43878.2, 5.21546e+06, 7.20971e+28, 1.97056e+24, 2.05845e+12,   0.701254, 3.7826e+29,    0.03468, 1.87153e-05, 1.09854e-13, 4.21371e-67, 5.41502e+14, 3.14241e+15, 1.86578e+11, 3.68409e+15, 5.16072e+16, 6.75544e+08,  0.0801775,  0.0263358
7.18176e+07,    43535.3, 5.19053e+06, 7.51657e+28, 2.02722e+24, 2.09235e+12,   0.709206, 3.60877e+29,    0.03468, 1.82165e-05, 9.90834e-14, 3.35964e-67, 5.34466e+14, 3.10294e+15, 1.83037e+11, 3.63759e+15, 5.14018e+16, 6.6834e+08,   0.081765,   0.026582
7.29176e+07,    43190.4, 5.16522e+06, 7.83048e+28, 2.08363e+24, 2.12638e+12,    0.71744, 3.43973e+29,    0.03468, 1.77222e-05, 8.91861e-14, 2.66666e-67, 5.27429e+14, 3.06335e+15, 1.79492e+11, 3.59096e+15, 5.11424e+16, 6.61096e+08,  0.0833862,  0.0268218
7.40176e+07,    42843.8, 5.13952e+06, 8.15143e+28, 2.13972e+24, 2.16053e+12,   0.725972, 3.27548e+29,    0.03468, 1.72327e-05, 8.01093e-14, 2.10688e-67, 5.20394e+14, 3.02365e+15, 1.75946e+11, 3.54422e+15, 5.08302e+16, 6.53815e+08,  0.0850434,  0.0270552
7.51176e+07,    42495.7, 5.11341e+06, 8.47939e+28, 2.19544e+24, 2.19481e+12,   0.734816, 3.11603e+29,    0.03468, 1.67481e-05, 7.18017e-14, 1.65674e-67, 5.13365e+14, 2.98385e+15, 1.72399e+11, 3.49738e+15, 5.04665e+16, 6.46498e+08,  0.0867388,  0.0272822
7.62176e+07,    42146.1, 5.08691e+06, 8.81434e+28, 2.25073e+24, 2.22923e+12,   0.743992, 2.96136e+29,    0.03468, 1.62685e-05, 6.42134e-14, 1.29645e-67, 5.06346e+14, 2.94396e+15, 1.68851e+11, 3.45047e+15, 5.00525e+16, 6.3915e+08,  0.0884749,  0.0275027
7.73176e+07,    41795.3, 5.05998e+06, 9.15625e+28, 2.30553e+24, 2.26379e+12,    0.75352, 2.81146e+29,    0.03468, 1.57942e-05, 5.72963e-14, 1.00943e-67, 4.99341e+14,  2.904e+15, 1.65305e+11, 3.40351e+15, 4.95898e+16, 6.31771e+08,  0.0902542,  0.0277167
7.84176e+07,    41443.4, 5.03262e+06, 9.50507e+28, 2.35981e+24, 2.29852e+12,   0.763421, 2.66629e+29,    0.03468, 1.53253e-05, 5.10042e-14, 7.81893e-68, 4.92354e+14, 2.86398e+15, 1.61759e+11, 3.3565e+15, 4.90797e+16, 6.24365e+08,  0.0920793,  0.0279243
7.95176e+07,    41090.6, 5.00483e+06, 9.86079e+28, 2.41349e+24, 2.3334e+12,    0.77372, 2.52583e+29,    0.03468, 1.48619e-05, 4.52926e-14, 6.02405e-68, 4.85389e+14, 2.82392e+15, 1.58215e+11, 3.30947e+15, 4.85238e+16, 6.16934e+08,  0.0939531,  0.0281254
8.06176e+07,    40737.2, 4.97658e+06, 1.02234e+29, 2.46654e+24, 2.36846e+12,   0.784444, 2.39002e+29,    0.03468, 1.44042e-05, 4.01193e-14, 4.61546e-68, 4.7845e+14, 2.78383e+15, 1.54672e+11, 3.26243e+15, 4.79237e+16, 6.09481e+08,  0.0958786,    0.02832
8.17176e+07,    40383.2, 4.94786e+06, 1.05927e+29, 2.51891e+24, 2.40371e+12,   0.795621, 2.25883e+29,    0.03468, 1.39523e-05, 3.54439e-14, 3.51587e-68, 4.7154e+14, 2.74371e+15, 1.51133e+11, 3.2154e+15, 4.7281e+16, 6.02008e+08,  0.0978588,  0.0285081
8.28176e+07,    40027.9, 4.9188e+06, 1.09689e+29, 2.57055e+24, 2.43915e+12,   0.807187, 2.13275e+29,    0.03468, 1.35075e-05, 3.12459e-14, 2.66558e-68, 4.64647e+14, 2.7036e+15, 1.47613e+11, 3.16839e+15, 4.66007e+16, 5.94517e+08,  0.0998971,  0.0286897
8.39176e+07,    39670.9, 4.8895e+06, 1.13517e+29, 2.62142e+24, 2.47479e+12,   0.819088, 2.01208e+29,    0.03468, 1.30709e-05, 2.74963e-14, 2.01307e-68, 4.5776e+14, 2.66352e+15, 1.44128e+11, 3.12143e+15, 4.58874e+16, 5.87011e+08,   0.101997,  0.0288649
8.50176e+07,    39312.1, 4.85997e+06, 1.17412e+29, 2.67149e+24, 2.51064e+12,   0.831333, 1.8967e+29,    0.03468, 1.26427e-05, 2.41537e-14, 1.51436e-68, 4.50881e+14, 2.6235e+15, 1.40678e+11, 3.07452e+15, 4.51432e+16, 5.79493e+08,   0.104162,  0.0290335
8.61176e+07,    38951.7, 4.83023e+06, 1.21372e+29, 2.72072e+24, 2.54669e+12,   0.843934, 1.78649e+29,    0.03468, 1.22228e-05, 2.11796e-14, 1.13474e-68, 4.44013e+14, 2.58354e+15, 1.37265e+11, 3.02769e+15, 4.43703e+16, 5.71964e+08,   0.106396,  0.0291957
8.72176e+07,    38589.8, 4.80026e+06, 1.25398e+29, 2.76909e+24, 2.58296e+12,   0.856902, 1.6813e+29,    0.03468, 1.18115e-05, 1.85385e-14, 8.46951e-69, 4.37158e+14, 2.54365e+15, 1.3389e+11, 2.98094e+15, 4.35709e+16, 5.64427e+08,   0.108704,  0.0293515
8.83176e+07,    38226.4, 4.77007e+06, 1.29488e+29, 2.81657e+24, 2.61944e+12,   0.870248, 1.58102e+29,    0.03468, 1.14088e-05, 1.61976e-14, 6.29658e-69, 4.30319e+14, 2.50385e+15, 1.30554e+11, 2.9343e+15, 4.27471e+16, 5.56885e+08,   0.111089,  0.0295008
8.94176e+07,    37861.6, 4.73968e+06, 1.33641e+29, 2.86313e+24, 2.65615e+12,   0.883984, 1.48549e+29,    0.03468, 1.10147e-05, 1.41268e-14, 4.66264e-69, 4.23497e+14, 2.46416e+15, 1.27258e+11, 2.88778e+15, 4.19012e+16, 5.49339e+08,   0.113556,  0.0296437
9.05176e+07,    37495.6, 4.70908e+06, 1.37856e+29, 2.90874e+24, 2.69308e+12,   0.898123, 1.39459e+29,    0.03468, 1.06292e-05, 1.22984e-14,  3.439e-69, 4.16696e+14, 2.42458e+15, 1.24004e+11, 2.8414e+15, 4.10353e+16, 5.41792e+08,    0.11611,  0.0297802
9.16176e+07,    37128.4, 4.67828e+06, 1.42134e+29, 2.9534e+24, 2.73024e+12,   0.912677, 1.30816e+29,    0.03468, 1.02525e-05, 1.06873e-14, 2.52639e-69, 4.09916e+14, 2.38514e+15, 1.20791e+11, 2.79517e+15, 4.01515e+16, 5.34247e+08,   0.118756,  0.0299103
9.27176e+07,    36760.1, 4.64729e+06, 1.46472e+29, 2.99707e+24, 2.76763e+12,   0.927662, 1.22608e+29,    0.03468, 9.88443e-06, 9.27032e-15, 1.84854e-69, 4.03161e+14, 2.34583e+15, 1.17622e+11, 2.74911e+15, 3.92521e+16, 5.26705e+08,     0.1215,  0.0300341
9.38176e+07,    36390.7, 4.61611e+06, 1.5087e+29, 3.03975e+24, 2.80526e+12,    0.94309, 1.14818e+29,    0.03468, 9.52514e-06, 8.0265e-15, 1.34714e-69, 3.96433e+14, 2.30668e+15, 1.14497e+11, 2.70323e+15, 3.8339e+16, 5.19169e+08,   0.124348,  0.0301515
9.49176e+07,    36020.5, 4.58474e+06, 1.55327e+29, 3.08141e+24, 2.84313e+12,   0.958976, 1.07434e+29,    0.03468, 9.17457e-06, 6.93681e-15, 9.77783e-70, 3.89733e+14, 2.2677e+15, 1.11417e+11, 2.65754e+15, 3.74144e+16, 5.11641e+08,   0.127305,  0.0302626
9.60176e+07,    35649.4, 4.5532e+06, 1.59841e+29, 3.12206e+24, 2.88125e+12,   0.975336, 1.0044e+29,    0.03468, 8.83271e-06, 5.98401e-15, 7.06828e-70, 3.83064e+14, 2.22889e+15, 1.08382e+11, 2.61206e+15, 3.64802e+16, 5.04122e+08,   0.130378,  0.0303674
9.71176e+07,    35277.5, 4.52148e+06, 1.64413e+29, 3.16167e+24, 2.91963e+12,   0.992185, 9.38217e+28,    0.03468, 8.49955e-06, 5.15253e-15, 5.08883e-70, 3.76428e+14, 2.19028e+15, 1.05393e+11, 2.56681e+15, 3.55385e+16, 4.96616e+08,   0.133574,   0.030466
9.82176e+07,      34905, 4.48959e+06, 1.6904e+29, 3.20024e+24, 2.95826e+12,    1.00954, 8.75656e+28,    0.03468, 8.17504e-06, 4.42834e-15, 3.64879e-70, 3.69826e+14, 2.15186e+15, 1.02451e+11, 2.52179e+15, 3.45912e+16, 4.89125e+08,     0.1369,  0.0305584
9.93176e+07,    34531.9, 4.45754e+06, 1.73721e+29, 3.23777e+24, 2.99715e+12,    1.02742, 8.16572e+28,    0.03468, 7.85915e-06, 3.79883e-15, 2.60554e-70, 3.6326e+14, 2.11366e+15, 9.95566e+10, 2.47702e+15, 3.36401e+16, 4.81649e+08,   0.140365,  0.0306446
1.00418e+08,    34158.2, 4.42532e+06, 1.78456e+29, 3.27425e+24, 3.03631e+12,    1.04584, 7.60823e+28,    0.03468, 7.55182e-06, 3.2527e-15, 1.85292e-70, 3.56733e+14, 2.07568e+15, 9.67098e+10, 2.43251e+15, 3.26871e+16, 4.74192e+08,   0.143976,  0.0307247
1.01518e+08,    33784.2, 4.39296e+06, 1.83243e+29, 3.30968e+24, 3.07575e+12,    1.06482, 7.08272e+28,    0.03468,  7.253e-06, 2.77984e-15, 1.31225e-70, 3.50247e+14, 2.03794e+15, 9.39114e+10, 2.38828e+15, 3.17339e+16, 4.66755e+08,   0.147742,  0.0307987
1.02618e+08,    33409.8, 4.36044e+06, 1.88081e+29, 3.34406e+24, 3.11546e+12,    1.08438, 6.58783e+28,    0.03468, 6.96261e-06, 2.37123e-15,          0, 3.43802e+14, 2.00044e+15, 9.11617e+10, 2.34433e+15, 3.07822e+16, 4.59341e+08,   0.151673,  0.0308666
1.03718e+08,    33035.2, 4.32778e+06, 1.92969e+29, 3.3774e+24, 3.15545e+12,    1.10454, 6.1222e+28,    0.03468, 6.68058e-06, 2.01883e-15,          0,  3.374e+14, 1.96319e+15, 8.84611e+10, 2.30068e+15, 2.98336e+16, 4.5195e+08,   0.155779,  0.0309285
1.04818e+08,    32660.3, 4.29498e+06, 1.97905e+29, 3.4097e+24, 3.19574e+12,    1.12532, 5.68454e+28,    0.03468, 6.40683e-06, 1.71553e-15,          0, 3.31044e+14, 1.92621e+15, 8.58098e+10, 2.25734e+15, 2.88897e+16, 4.44586e+08,    0.16007,  0.0309844
1.05918e+08,    32285.4, 4.26205e+06, 2.02889e+29, 3.44096e+24, 3.23631e+12,    1.14674, 5.27354e+28,    0.03468, 6.14126e-06, 1.45499e-15,          0, 3.24735e+14, 1.8895e+15, 8.32081e+10, 2.21431e+15, 2.79519e+16, 4.3725e+08,   0.164558,  0.0310345
1.07018e+08,    31910.5, 4.22899e+06, 2.07918e+29, 3.47119e+24, 3.27719e+12,    1.16883, 4.88797e+28,    0.03468, 5.88379e-06, 1.23165e-15,          0, 3.18475e+14, 1.85307e+15, 8.06561e+10, 2.17162e+15, 2.70216e+16, 4.29943e+08,   0.169255,  0.0310787
1.08118e+08,    31535.7, 4.19581e+06, 2.12992e+29, 3.50041e+24, 3.31837e+12,    1.19161, 4.52658e+28,    0.03468, 5.6343e-06, 1.04057e-15,          0, 3.12264e+14, 1.81693e+15, 7.81541e+10, 2.12927e+15, 2.61002e+16, 4.22668e+08,   0.174174,   0.031117
1.09218e+08,      31161, 4.1625e+06, 2.18109e+29, 3.52862e+24, 3.35986e+12,     1.2151, 4.18819e+28,    0.03468, 5.39268e-06, 8.77417e-16,          0, 3.06104e+14, 1.78109e+15, 7.57021e+10, 2.08727e+15, 2.5189e+16, 4.15427e+08,   0.179329,  0.0311496
1.10318e+08,    30786.5, 4.12908e+06, 2.23268e+29, 3.55583e+24, 3.40167e+12,    1.23934, 3.87163e+28,    0.03468, 5.15883e-06, 7.38398e-16,          0, 2.99998e+14, 1.74556e+15, 7.33002e+10, 2.04563e+15, 2.4289e+16, 4.0822e+08,   0.184735,  0.0311765
1.11418e+08,    30412.3, 4.09556e+06, 2.28467e+29, 3.58206e+24, 3.44381e+12,    1.26434, 3.57579e+28,    0.03468, 4.93261e-06, 6.20182e-16,          0, 2.93945e+14, 1.71034e+15, 7.09484e+10, 2.00436e+15, 2.34015e+16, 4.0105e+08,   0.190408,  0.0311977
1.12518e+08,    30038.5, 4.06193e+06, 2.33705e+29, 3.60732e+24, 3.48627e+12,    1.29014, 3.29957e+28,    0.03468, 4.71392e-06, 5.19861e-16,          0, 2.87948e+14, 1.67545e+15, 6.86465e+10, 1.96346e+15, 2.25274e+16, 3.93918e+08,   0.196366,  0.0312134
1.13618e+08,    29665.1, 4.0282e+06, 2.3898e+29, 3.63162e+24, 3.52907e+12,    1.31677, 3.04193e+28,    0.03468, 4.50261e-06,  4.349e-16,          0, 2.82008e+14, 1.64088e+15, 6.63946e+10, 1.92296e+15, 2.16676e+16, 3.86826e+08,   0.202625,  0.0312235
1.14718e+08,    29292.3, 3.99437e+06, 2.44291e+29, 3.65499e+24, 3.57221e+12,    1.34426, 2.80184e+28,    0.03468, 4.29856e-06, 3.63096e-16,          0, 2.76125e+14, 1.60665e+15, 6.41926e+10, 1.88284e+15, 2.08231e+16, 3.79776e+08,   0.209207,  0.0312281
1.15818e+08,      28920, 3.96046e+06, 2.49637e+29, 3.67744e+24, 3.6157e+12,    1.37264, 2.57834e+28,    0.03468, 4.10163e-06, 3.02536e-16,          0, 2.70302e+14, 1.57277e+15, 6.20401e+10, 1.84313e+15, 1.99947e+16, 3.72768e+08,   0.216132,  0.0312273
1.16918e+08,    28548.4, 3.92646e+06, 2.55015e+29, 3.69899e+24, 3.65954e+12,    1.40194, 2.37047e+28,    0.03468, 3.91168e-06, 2.51565e-16,          0, 2.64538e+14, 1.53923e+15, 5.99371e+10, 1.80383e+15, 1.9183e+16, 3.65805e+08,   0.223423,  0.0312212
1.18018e+08,    28177.6, 3.89238e+06, 2.60425e+29, 3.71965e+24, 3.70375e+12,     1.4322, 2.17733e+28,    0.03468, 3.72858e-06, 2.08756e-16,          0, 2.58836e+14, 1.50605e+15, 5.78833e+10, 1.76495e+15, 1.83887e+16, 3.58888e+08,   0.231105,  0.0312098
1.19118e+08,    27807.6, 3.85823e+06, 2.65864e+29, 3.73945e+24, 3.74833e+12,    1.46346, 1.99806e+28,    0.03468, 3.55216e-06, 1.72876e-16,          0, 2.53196e+14, 1.47324e+15, 5.58784e+10, 1.72649e+15, 1.76124e+16, 3.52018e+08,   0.239204,  0.0311932
1.20218e+08,    27438.4, 3.82401e+06, 2.71332e+29, 3.7584e+24, 3.79328e+12,    1.49576, 1.83182e+28,    0.03468, 3.3823e-06, 1.42867e-16,          0, 2.47619e+14, 1.44078e+15, 5.39221e+10, 1.68846e+15, 1.68546e+16, 3.45196e+08,   0.247749,  0.0311714
1.21318e+08,    27070.3, 3.78972e+06, 2.76827e+29, 3.77654e+24, 3.83862e+12,    1.52913, 1.67782e+28,    0.03468, 3.21883e-06, 1.17821e-16,          0, 2.42106e+14, 1.40871e+15, 5.2014e+10, 1.65086e+15, 1.61157e+16, 3.38425e+08,   0.256769,  0.0311445
1.22418e+08,    26703.1, 3.75538e+06, 2.82347e+29, 3.79387e+24, 3.88435e+12,    1.56362, 1.5353e+28,    0.03468, 3.06162e-06, 9.6963e-17,          0, 2.36658e+14,  1.377e+15, 5.01538e+10, 1.61371e+15, 1.53961e+16, 3.31705e+08,   0.266299,  0.0311126
1.23518e+08,      26337, 3.72097e+06, 2.8789e+29, 3.81041e+24, 3.93048e+12,    1.59928, 1.40353e+28,    0.03468, 2.9105e-06, 7.96291e-17,          0, 2.31275e+14, 1.34568e+15, 4.83411e+10, 1.57701e+15, 1.46961e+16, 3.25037e+08,   0.276374,  0.0310757
1.24618e+08,      25972, 3.68652e+06, 2.93455e+29, 3.8262e+24, 3.97702e+12,    1.63615, 1.28183e+28,    0.03468, 2.76534e-06, 6.52551e-17,          0, 2.25958e+14, 1.31475e+15, 4.65753e+10, 1.54075e+15, 1.4016e+16, 3.18423e+08,   0.287032,   0.031034
1.25718e+08,    25608.3, 3.65202e+06, 2.9904e+29, 3.84126e+24, 4.02397e+12,    1.67428, 1.16955e+28,    0.03468, 2.62596e-06, 5.33614e-17,          0, 2.20709e+14, 1.28421e+15, 4.48561e+10, 1.50496e+15, 1.33559e+16, 3.11863e+08,   0.298316,  0.0309875
1.26818e+08,    25245.9, 3.61748e+06, 3.04643e+29, 3.85559e+24, 4.07135e+12,    1.71372, 1.06605e+28,    0.03468, 2.49223e-06, 4.35415e-17,          0, 2.15527e+14, 1.25405e+15, 4.3183e+10, 1.46962e+15, 1.27159e+16, 3.0536e+08,   0.310271,  0.0309362
1.27918e+08,    24884.7, 3.5829e+06, 3.10264e+29, 3.86924e+24, 4.11915e+12,    1.75452, 9.70744e+27,    0.03468, 2.36399e-06, 3.54516e-17,          0, 2.10414e+14, 1.2243e+15, 4.15554e+10, 1.43476e+15, 1.20962e+16, 2.98913e+08,   0.322946,  0.0308803
1.29018e+08,      24525, 3.54828e+06,  3.159e+29, 3.88221e+24, 4.1674e+12,    1.79675, 8.83081e+27,    0.03468, 2.24109e-06, 2.88016e-17,          0, 2.05369e+14, 1.19495e+15, 3.99727e+10, 1.40036e+15, 1.14968e+16, 2.92525e+08,   0.336394,  0.0308198
1.30118e+08,    24166.8, 3.51364e+06, 3.21549e+29, 3.89454e+24, 4.2161e+12,    1.84046, 8.02526e+27,    0.03468, 2.12337e-06, 2.33474e-17,          0, 2.00393e+14,  1.166e+15, 3.84345e+10, 1.36643e+15, 1.09176e+16, 2.86195e+08,   0.350673,  0.0307548
1.31218e+08,      23810, 3.47898e+06, 3.27211e+29, 3.90624e+24, 4.26526e+12,    1.88572, 7.2858e+27,    0.03468, 2.01068e-06, 1.8884e-17,          0, 1.95487e+14, 1.13745e+15, 3.69401e+10, 1.33298e+15, 1.03585e+16, 2.79926e+08,   0.365847,  0.0306854
1.32318e+08,    23454.9, 3.4443e+06, 3.32883e+29, 3.91734e+24, 4.31488e+12,    1.93258, 6.60772e+27,    0.03468, 1.90288e-06, 1.52397e-17,          0, 1.90652e+14, 1.10931e+15, 3.54889e+10,    1.3e+15, 9.81952e+15, 2.73718e+08,   0.381984,  0.0306116
1.33418e+08,    23101.4, 3.4096e+06, 3.38563e+29, 3.92785e+24, 4.36498e+12,    1.98112, 5.98657e+27,    0.03468, 1.79981e-06, 1.22708e-17,          0, 1.85886e+14, 1.08159e+15, 3.40803e+10, 1.26751e+15, 9.30038e+15, 2.67571e+08,   0.399159,  0.0305335
1.34518e+08,    22749.5, 3.37489e+06, 3.4425e+29, 3.9378e+24, 4.41557e+12,    2.03141, 5.41818e+27,    0.03468, 1.70132e-06, 9.85782e-18,          0, 1.81192e+14, 1.05427e+15, 3.27136e+10, 1.2355e+15, 8.80091e+15, 2.61487e+08,   0.417453,  0.0304513
1.35618e+08,    22399.4, 3.34018e+06, 3.49943e+29, 3.94722e+24, 4.46666e+12,    2.08353, 4.89861e+27,    0.03468, 1.60728e-06, 7.90111e-18,          0, 1.76569e+14, 1.02737e+15, 3.13883e+10, 1.20397e+15, 8.32089e+15, 2.55466e+08,   0.436956,  0.0303649
1.36718e+08,    22051.1, 3.30546e+06, 3.55639e+29, 3.95612e+24, 4.51825e+12,    2.13755, 4.42418e+27,    0.03468, 1.51752e-06, 6.3181e-18,          0, 1.72016e+14, 1.00088e+15, 3.01036e+10, 1.17293e+15, 7.86003e+15, 2.4951e+08,   0.457764,  0.0302744
1.37818e+08,    21704.7, 3.27075e+06, 3.61338e+29, 3.96452e+24, 4.57036e+12,    2.19356, 3.99143e+27,    0.03468, 1.43191e-06, 5.04042e-18,          0, 1.67536e+14, 9.74812e+14, 2.88588e+10, 1.14238e+15, 7.41805e+15, 2.43619e+08,   0.479984,    0.03018
1.38918e+08,    21360.1, 3.23604e+06, 3.67036e+29, 3.97244e+24,  4.623e+12,    2.25165, 3.59713e+27,    0.03468, 1.35032e-06, 4.01161e-18,          0, 1.63127e+14, 9.49158e+14, 2.76532e+10, 1.11231e+15, 6.99462e+15, 2.37793e+08,   0.503733,  0.0300818
1.40018e+08,    21017.5, 3.20134e+06, 3.72733e+29, 3.97991e+24, 4.67617e+12,    2.31191, 3.23825e+27,    0.03468, 1.27258e-06, 3.18517e-18,          0, 1.58789e+14, 9.23921e+14, 2.64862e+10, 1.08274e+15, 6.58937e+15, 2.32033e+08,   0.529139,  0.0299797
1.41118e+08,    20676.9, 3.16666e+06, 3.78427e+29, 3.98695e+24, 4.7299e+12,    2.37444, 2.91198e+27,    0.03468, 1.19858e-06, 2.5229e-18,          0, 1.54524e+14, 8.99101e+14, 2.53569e+10, 1.05365e+15, 6.20194e+15, 2.26341e+08,   0.556343,  0.0298739
1.42218e+08,    20338.4,  3.132e+06, 3.84116e+29, 3.99356e+24, 4.78419e+12,    2.43934, 2.61567e+27,    0.03468, 1.12818e-06, 1.99346e-18,          0, 1.5033e+14, 8.74699e+14, 2.42648e+10, 1.02505e+15, 5.83193e+15, 2.20716e+08,   0.585498,  0.0297644
1.43318e+08,    20001.9, 3.09736e+06, 3.89799e+29, 3.99978e+24, 4.83905e+12,    2.50672, 2.34688e+27,    0.03468, 1.06124e-06, 1.57126e-18,          0, 1.46208e+14, 8.50715e+14, 2.3209e+10, 9.96946e+14, 5.47892e+15, 2.15159e+08,   0.616776,  0.0296514
1.44418e+08,    19667.6, 3.06275e+06, 3.95474e+29, 4.00562e+24, 4.8945e+12,    2.57669, 2.10333e+27,    0.03468, 9.97636e-07, 1.23539e-18,          0, 1.42158e+14, 8.27148e+14, 2.21889e+10, 9.69327e+14, 5.14249e+15, 2.09671e+08,   0.650363,  0.0295349
1.45518e+08,    19335.4, 3.02817e+06, 4.01139e+29, 4.0111e+24, 4.95054e+12,    2.64938, 1.88289e+27,    0.03468, 9.37236e-07, 9.68885e-19,          0, 1.38179e+14, 8.03997e+14, 2.12036e+10, 9.42197e+14, 4.82219e+15, 2.04252e+08,   0.686466,   0.029415
1.46618e+08,    19005.5, 2.99362e+06, 4.06792e+29, 4.01624e+24, 5.0072e+12,    2.72492, 1.68361e+27,    0.03468, 8.79919e-07, 7.5794e-19,          0, 1.34272e+14, 7.81262e+14, 2.02524e+10, 9.15554e+14, 4.51756e+15, 1.98903e+08,   0.725315,  0.0292918
1.47718e+08,    18677.9, 2.95911e+06, 4.12433e+29, 4.02105e+24, 5.06448e+12,    2.80343, 1.50365e+27,    0.03468, 8.25561e-07, 5.91401e-19,          0, 1.30436e+14, 7.58943e+14, 1.93346e+10, 8.89398e+14, 4.22815e+15, 1.93624e+08,   0.767162,  0.0291653
1.48818e+08,    18352.5, 2.92465e+06, 4.18059e+29, 4.02555e+24, 5.1224e+12,    2.88506, 1.34134e+27,    0.03468, 7.74044e-07, 4.60256e-19,          0, 1.26671e+14, 7.37037e+14, 1.84495e+10, 8.63727e+14, 3.95348e+15, 1.88414e+08,   0.812288,  0.0290357
1.49918e+08,    18029.5, 2.89023e+06, 4.23669e+29, 4.02975e+24, 5.18097e+12,    2.96997, 1.19512e+27,    0.03468, 7.25251e-07, 3.57253e-19,          0, 1.22977e+14, 7.15544e+14, 1.75962e+10, 8.38538e+14, 3.69306e+15, 1.83276e+08,   0.861004,  0.0289031
1.51018e+08,    17708.9, 2.85586e+06, 4.29261e+29, 4.03368e+24, 5.24021e+12,     3.0583, 1.06355e+27,    0.03468, 6.79069e-07, 2.76564e-19,          0, 1.19354e+14, 6.94461e+14, 1.6774e+10, 8.13832e+14, 3.44643e+15, 1.78209e+08,   0.913656,  0.0287674
1.52118e+08,    17390.7, 2.82154e+06, 4.34834e+29, 4.03734e+24, 5.30013e+12,    3.15023, 9.45302e+26,    0.03468, 6.35389e-07, 2.13524e-19,          0, 1.15801e+14, 6.73788e+14, 1.59823e+10, 7.89605e+14, 3.2131e+15, 1.73213e+08,   0.970629,  0.0286288
1.53218e+08,    17074.9, 2.78729e+06, 4.40386e+29, 4.04075e+24, 5.36074e+12,    3.24594, 8.39159e+26,    0.03468, 5.94102e-07, 1.64405e-19,          0, 1.12318e+14, 6.53522e+14, 1.52201e+10, 7.65855e+14, 2.99258e+15, 1.68289e+08,    1.03235,  0.0284874
1.54318e+08,    16761.6, 2.75309e+06, 4.45915e+29, 4.04392e+24, 5.42207e+12,    3.34561, 7.43998e+26,    0.03468, 5.55103e-07, 1.26236e-19,          0, 1.08904e+14, 6.33661e+14, 1.44868e+10, 7.4258e+14, 2.78439e+15, 1.63436e+08,    1.09931,  0.0283433
1.55418e+08,    16450.9, 2.71896e+06, 4.51421e+29, 4.04688e+24, 5.48412e+12,    3.44945, 6.58788e+26,    0.03468, 5.18292e-07, 9.66577e-20,          0, 1.0556e+14, 6.14203e+14, 1.37816e+10, 7.19777e+14, 2.58806e+15, 1.58656e+08,    1.17203,  0.0281965
1.56518e+08,    16142.7, 2.68489e+06,  4.569e+29, 4.04962e+24, 5.54691e+12,    3.55767, 5.82585e+26,    0.03468, 4.8357e-07, 7.38007e-20,          0, 1.02285e+14, 5.95146e+14, 1.31038e+10, 6.97444e+14, 2.4031e+15, 1.53947e+08,    1.25112,  0.0280471
1.57618e+08,    15837.1, 2.6509e+06, 4.62353e+29, 4.05217e+24, 5.61047e+12,    3.67048, 5.14523e+26,    0.03468, 4.50841e-07, 5.61872e-20,          0, 9.90781e+13, 5.76487e+14, 1.24527e+10, 6.75577e+14, 2.22904e+15, 1.49311e+08,    1.33726,  0.0278952
1.58718e+08,    15534.1, 2.61698e+06, 4.67777e+29, 4.05453e+24, 5.67481e+12,    3.78814, 4.53811e+26,    0.03468, 4.20013e-07, 4.26531e-20,          0, 9.59391e+13, 5.58222e+14, 1.18274e+10, 6.54173e+14, 2.06543e+15, 1.44748e+08,     1.4312,  0.0277409
1.59818e+08,    15233.8, 2.58314e+06, 4.73171e+29, 4.05672e+24, 5.73994e+12,    3.91088, 3.99725e+26,    0.03468, 3.90997e-07, 3.22837e-20,          0, 9.28676e+13, 5.40351e+14, 1.12274e+10, 6.33229e+14, 1.91179e+15, 1.40257e+08,     1.5338,  0.0275842
1.60918e+08,    14936.1, 2.54938e+06, 4.78534e+29, 4.05874e+24, 5.80588e+12,    4.03899, 3.51605e+26,    0.03468, 3.63705e-07, 2.43621e-20,          0, 8.9863e+13, 5.22868e+14, 1.06519e+10, 6.12742e+14, 1.76768e+15, 1.35839e+08,    1.64602,  0.0274253
1.62018e+08,    14641.1, 2.5157e+06, 4.83863e+29, 4.06061e+24, 5.87266e+12,    4.17275, 3.0885e+26,    0.03468, 3.38054e-07, 1.83286e-20,          0, 8.69247e+13, 5.05772e+14, 1.01001e+10, 5.92707e+14, 1.63266e+15, 1.31494e+08,    1.76897,  0.0272642
1.63118e+08,    14348.9, 2.48211e+06, 4.89158e+29, 4.06233e+24, 5.9403e+12,    4.31245, 2.70914e+26,    0.03468, 3.13964e-07, 1.37469e-20,          0, 8.40523e+13, 4.89058e+14, 9.5714e+09, 5.7312e+14, 1.5063e+15, 1.27221e+08,    1.90387,   0.027101
1.64218e+08,    14059.4, 2.44861e+06, 4.94417e+29, 4.06393e+24, 6.0088e+12,    4.45843, 2.37299e+26,    0.03468, 2.91356e-07, 1.02783e-20,          0, 8.12451e+13, 4.72724e+14, 9.06507e+09, 5.53978e+14, 1.38816e+15, 1.23021e+08,    2.05214,  0.0269357
1.65318e+08,    13772.7, 2.41521e+06, 4.9964e+29, 4.06539e+24, 6.07821e+12,    4.61103, 2.07554e+26,    0.03468, 2.70155e-07, 7.6605e-21,          0, 7.85025e+13, 4.56766e+14, 8.58042e+09, 5.35277e+14, 1.27785e+15, 1.18893e+08,    2.21539,  0.0267686
1.66418e+08,    13488.8, 2.3819e+06, 5.04823e+29, 4.06674e+24, 6.14852e+12,    4.77061, 1.81271e+26,    0.03468, 2.5029e-07, 5.69105e-21,          0, 7.58239e+13, 4.41181e+14, 8.11679e+09, 5.17013e+14, 1.17496e+15, 1.14838e+08,    2.39543,  0.0265996
1.67518e+08,    13207.7, 2.34869e+06, 5.09967e+29, 4.06798e+24, 6.21978e+12,    4.93757, 1.5808e+26,    0.03468, 2.31689e-07, 4.21409e-21,          0, 7.32086e+13, 4.25964e+14, 7.67351e+09, 4.9918e+14, 1.0791e+15, 1.10856e+08,    2.59437,  0.0264287
1.68618e+08,    12929.4, 2.31559e+06, 5.15069e+29, 4.06912e+24,  6.292e+12,    5.11232, 1.37647e+26,    0.03468, 2.14288e-07, 3.11005e-21,          0, 7.0656e+13, 4.11112e+14, 7.24992e+09, 4.81775e+14, 9.89901e+14, 1.06946e+08,    2.81462,  0.0262562
1.69718e+08,      12654, 2.28258e+06, 5.20129e+29, 4.07016e+24, 6.36521e+12,    5.29531, 1.1967e+26,    0.03468, 1.98021e-07, 2.28749e-21,          0, 6.81655e+13, 3.9662e+14, 6.84537e+09, 4.64793e+14, 9.06989e+14, 1.03109e+08,    3.05893,  0.0260821
1.70818e+08,    12381.5, 2.24969e+06, 5.25145e+29, 4.07111e+24, 6.43943e+12,    5.48702, 1.03877e+26,    0.03468, 1.82826e-07, 1.6767e-21,          0, 6.57362e+13, 3.82486e+14, 6.45924e+09, 4.48228e+14, 8.30015e+14, 9.93437e+07,    3.33049,  0.0259063
1.71918e+08,    12111.8, 2.21691e+06, 5.30117e+29, 4.07199e+24, 6.51468e+12,    5.68795, 9.0025e+25,    0.03468, 1.68646e-07, 1.22469e-21,          0, 6.33676e+13, 3.68704e+14, 6.09089e+09, 4.32077e+14, 7.58639e+14, 9.56505e+07,    3.63299,  0.0257292
1.73018e+08,    11845.1, 2.18424e+06, 5.35042e+29, 4.07279e+24,  6.591e+12,    5.89865, 7.78931e+25,    0.03468, 1.55422e-07, 8.91351e-22,          0, 6.10588e+13, 3.5527e+14, 5.73971e+09, 4.16334e+14, 6.92536e+14, 9.20292e+07,     3.9707,  0.0255506
1.74118e+08,    11581.3, 2.15168e+06, 5.39919e+29, 4.07351e+24, 6.6684e+12,     6.1197, 6.72846e+25,    0.03468, 1.43102e-07, 6.46385e-22,          0, 5.88092e+13, 3.4218e+14, 5.40511e+09, 4.00995e+14, 6.3139e+14, 8.84797e+07,    4.34861,  0.0253707
1.75218e+08,    11320.4, 2.11925e+06, 5.44748e+29, 4.07418e+24, 6.74693e+12,    6.35172, 5.80229e+25,    0.03468, 1.31633e-07, 4.6701e-22,          0, 5.66179e+13, 3.29431e+14, 5.0865e+09, 3.86054e+14,  5.749e+14, 8.50016e+07,    4.77251,  0.0251895
1.76318e+08,    11062.5, 2.08694e+06, 5.49527e+29, 4.07478e+24, 6.8266e+12,    6.59539, 4.99502e+25,    0.03468, 1.20966e-07, 3.36142e-22,          0, 5.44843e+13, 3.17016e+14, 4.78329e+09, 3.71505e+14, 5.22778e+14, 8.15949e+07,     5.2492,  0.0250071
1.77418e+08,    10807.5, 2.05474e+06, 5.54255e+29, 4.07533e+24, 6.90745e+12,    6.85142, 4.29253e+25,    0.03468, 1.11054e-07, 2.41017e-22,          0, 5.24075e+13, 3.04932e+14, 4.49492e+09, 3.57345e+14, 4.74746e+14, 7.82593e+07,    5.78667,  0.0248237
1.78518e+08,    10555.5, 2.02268e+06, 5.58932e+29, 4.07583e+24, 6.98952e+12,    7.12059, 3.68226e+25,    0.03468, 1.01851e-07, 1.72136e-22,          0, 5.03868e+13, 2.93175e+14, 4.22084e+09, 3.43566e+14, 4.30542e+14, 7.49945e+07,    6.39435,  0.0246392
1.79618e+08,    10306.5, 1.99074e+06, 5.63555e+29, 4.07628e+24, 7.07282e+12,    7.40373, 3.15299e+25,    0.03468, 9.33143e-08, 1.22449e-22,          0, 4.84214e+13, 2.81739e+14, 3.96051e+09, 3.30165e+14, 3.89913e+14, 7.18003e+07,    7.08338,  0.0244538
1.80718e+08,    10060.5, 1.95894e+06, 5.68124e+29, 4.07668e+24, 7.1574e+12,    7.70172, 2.69478e+25,    0.03468, 8.54038e-08, 8.67495e-23,          0, 4.65105e+13, 2.7062e+14, 3.7134e+09, 3.17134e+14, 3.5262e+14, 6.86764e+07,    7.86704,  0.0242674
1.81818e+08,    9817.49, 1.92726e+06, 5.72638e+29, 4.07705e+24, 7.24329e+12,    8.01554, 2.29879e+25,    0.03468, 7.80801e-08, 6.12022e-23,          0, 4.46532e+13, 2.59814e+14,  3.479e+09, 3.0447e+14, 3.18436e+14, 6.56227e+07,    8.76114,  0.0240803
1.82918e+08,    9577.49, 1.89572e+06, 5.77096e+29, 4.07739e+24, 7.33054e+12,     8.3462, 1.95719e+25,    0.03468, 7.13064e-08, 4.2995e-23,          0, 4.28487e+13, 2.49314e+14, 3.2568e+09, 2.92166e+14, 2.87145e+14, 6.26387e+07,    9.78466,  0.0238924
1.84018e+08,    9340.51, 1.86432e+06, 5.81497e+29, 4.07769e+24, 7.41917e+12,    8.69484, 1.66305e+25,    0.03468, 6.50475e-08, 3.00732e-23,          0, 4.10963e+13, 2.39118e+14, 3.04631e+09, 2.80217e+14, 2.58541e+14, 5.97243e+07,    10.9605,  0.0237039
1.85118e+08,    9106.55, 1.83306e+06, 5.8584e+29, 4.07796e+24, 7.50922e+12,    9.06266, 1.41025e+25,    0.03468, 5.92702e-08, 2.09415e-23,          0, 3.9395e+13, 2.29219e+14, 2.84706e+09, 2.68617e+14, 2.32432e+14, 5.6879e+07,    12.3162,  0.0235147
1.86218e+08,    8875.62, 1.80194e+06, 5.90124e+29, 4.0782e+24, 7.60075e+12,    9.45096, 1.1934e+25,    0.03468, 5.39428e-08, 1.45164e-23,          0, 3.77442e+13, 2.19614e+14, 2.65858e+09, 2.5736e+14, 2.08633e+14, 5.41028e+07,    13.8855,   0.023325
1.87318e+08,    8647.73, 1.77096e+06, 5.94348e+29, 4.07842e+24, 7.69378e+12,    9.86116, 1.00776e+25,    0.03468, 4.90356e-08, 1.00159e-23,          0, 3.61428e+13, 2.10296e+14, 2.48041e+09, 2.46441e+14, 1.86974e+14, 5.13951e+07,    15.7095,  0.0231348
1.88418e+08,    8422.87, 1.74012e+06, 5.98512e+29, 4.07861e+24, 7.78837e+12,    10.2948, 8.49147e+24,    0.03468, 4.45202e-08, 6.87778e-24,          0, 3.45901e+13, 2.01262e+14, 2.31213e+09, 2.35854e+14, 1.6729e+14, 4.87559e+07,    17.8389,  0.0229443
1.89518e+08,    8201.05, 1.70944e+06, 6.02615e+29, 4.07878e+24, 7.88456e+12,    10.7535, 7.13909e+24,    0.03468, 4.03699e-08, 4.69988e-24,          0, 3.30852e+13, 1.92505e+14, 2.15329e+09, 2.25593e+14, 1.49429e+14, 4.63925e+07,    20.1164,   0.022769
1.90618e+08,    7982.27, 1.6789e+06, 6.06655e+29, 4.07894e+24, 7.9824e+12,     11.239, 5.98842e+24,    0.03468, 3.65594e-08, 3.19559e-24,          0, 3.16273e+13, 1.84023e+14, 2.00349e+09, 2.15652e+14, 1.33248e+14, 4.40862e+07,    22.7639,  0.0225935
1.91718e+08,    7766.53, 1.64851e+06, 6.10633e+29, 4.07908e+24, 8.08195e+12,    11.7534, 5.01149e+24,    0.03468, 3.3065e-08, 2.16166e-24,          0, 3.02155e+13, 1.75808e+14, 1.86233e+09, 2.06026e+14, 1.18612e+14, 4.18369e+07,     25.855,  0.0224179
1.92818e+08,    7553.84, 1.61827e+06, 6.14547e+29, 4.0792e+24, 8.18324e+12,    12.2988, 4.18388e+24,    0.03468, 2.98642e-08, 1.45458e-24,          0, 2.8849e+13, 1.67857e+14, 1.72941e+09, 1.96708e+14, 1.05395e+14, 3.96443e+07,    29.4807,  0.0222421
1.93918e+08,    7344.19, 1.58819e+06, 6.18397e+29, 4.07931e+24, 8.28635e+12,    12.8774, 3.48436e+24,    0.03468, 2.69358e-08, 9.73514e-25,          0, 2.75269e+13, 1.60165e+14, 1.60435e+09, 1.87693e+14, 9.34797e+13, 3.75082e+07,    33.7549,  0.0220662
1.95018e+08,    7137.58, 1.55826e+06, 6.22182e+29, 4.07941e+24, 8.39133e+12,    13.4918, 2.89447e+24,    0.03468, 2.42599e-08, 6.47943e-25,          0, 2.62484e+13, 1.52726e+14, 1.4868e+09, 1.78975e+14, 8.27555e+13, 3.54284e+07,    38.8199,  0.0218904
1.96118e+08,    6934.01, 1.52849e+06, 6.25901e+29, 4.07949e+24, 8.49823e+12,    14.1447, 2.39821e+24,    0.03468, 2.18178e-08,  4.288e-25,          0, 2.50126e+13, 1.45535e+14, 1.37639e+09, 1.70549e+14, 7.31205e+13, 3.34047e+07,    44.8562,  0.0217145
1.97218e+08,    6733.48, 1.49888e+06, 6.29555e+29, 4.07957e+24, 8.60712e+12,    14.8392, 1.98174e+24,    0.03468, 1.95921e-08, 2.82116e-25,          0, 2.38187e+13, 1.38588e+14, 1.27279e+09, 1.62408e+14, 6.44794e+13, 3.14369e+07,    52.0935,  0.0215387
1.98318e+08,    6535.99, 1.46942e+06, 6.33142e+29, 4.07963e+24, 8.71808e+12,    15.5786, 1.63309e+24,    0.03468, 1.75661e-08, 1.84494e-25,          0, 2.26658e+13, 1.3188e+14, 1.17565e+09, 1.54547e+14, 5.6744e+13, 2.95248e+07,    60.8269,  0.0213631
1.99418e+08,    6341.53, 1.44013e+06, 6.36661e+29, 4.07969e+24, 8.83115e+12,    16.3664, 1.34198e+24,    0.03468, 1.57246e-08, 1.19906e-25,          0, 2.1553e+13, 1.25406e+14, 1.08467e+09, 1.4696e+14, 4.98322e+13, 2.76683e+07,    71.4394,  0.0211876
2.00518e+08,     6150.1,  1.411e+06, 6.40113e+29, 4.07974e+24, 8.94643e+12,    17.2067, 1.09956e+24,    0.03468, 1.4053e-08, 7.74322e-26,          0, 2.04796e+13, 1.1916e+14, 9.99541e+08, 1.3964e+14, 4.36682e+13, 2.58672e+07,    84.4326,  0.0210124
2.01618e+08,    5961.69, 1.38204e+06, 6.43497e+29, 4.07979e+24, 9.06399e+12,    18.1037, 8.98229e+23,    0.03468, 1.25378e-08, 4.96754e-26,          0, 1.94447e+13, 1.13138e+14, 9.19956e+08, 1.32584e+14, 3.8182e+13, 2.41215e+07,     100.47,  0.0208374
2.02718e+08,     5776.3, 1.35323e+06, 6.46813e+29, 4.07983e+24, 9.18391e+12,    19.0623, 7.31493e+23,    0.03468, 1.11665e-08, 3.16526e-26,          0, 1.84474e+13, 1.07335e+14, 8.45632e+08, 1.25784e+14, 3.33089e+13, 2.24309e+07,    120.441,  0.0206627
2.03818e+08,    5593.93, 1.3246e+06, 6.5006e+29, 4.07986e+24, 9.30626e+12,    20.0878, 5.93807e+23,    0.03468, 9.92725e-09, 2.00277e-26,          0, 1.74869e+13, 1.01747e+14, 7.76294e+08, 1.19235e+14, 2.89894e+13, 2.07955e+07,    145.549,  0.0204884
2.04918e+08,    5414.56, 1.29613e+06, 6.53237e+29, 4.07989e+24, 9.43115e+12,    21.1861, 4.80448e+23,    0.03468, 8.80912e-09, 1.25807e-26,          0, 1.65624e+13, 9.63679e+13, 7.11678e+08, 1.12931e+14, 2.51689e+13, 1.92152e+07,    177.451,  0.0203146
2.06018e+08,     5238.2, 1.26783e+06, 6.56345e+29, 4.07992e+24, 9.55866e+12,    22.3636, 3.87406e+23,    0.03468, 7.8019e-09, 7.84385e-27,          0, 1.56731e+13, 9.11933e+13, 6.51527e+08, 1.06867e+14, 2.17972e+13,  1.769e+07,    218.456,  0.0201412
2.07118e+08,    5064.83, 1.2397e+06, 6.59384e+29, 4.07994e+24, 9.6889e+12,    23.6274, 3.11282e+23,    0.03468, 6.8961e-09, 4.85276e-27,          0, 1.48181e+13, 8.62186e+13, 5.95598e+08, 1.01037e+14, 1.88283e+13, 1.62199e+07,    271.836,  0.0199683
2.08218e+08,    4894.44, 1.21174e+06, 6.62352e+29, 4.07996e+24, 9.82197e+12,    24.9856, 2.49204e+23,    0.03468, 6.08292e-09, 2.97829e-27,          0, 1.39966e+13, 8.14389e+13, 5.43654e+08, 9.54361e+13, 1.62203e+13, 1.48051e+07,    342.318,   0.019796
2.09318e+08,    4727.04, 1.18395e+06, 6.6525e+29, 4.07998e+24, 9.95798e+12,     26.447, 1.98753e+23,    0.03468, 5.35418e-09, 1.81275e-27,          0, 1.32079e+13, 7.68496e+13, 4.95471e+08, 9.0058e+13, 1.39349e+13, 1.34456e+07,    436.864,  0.0196243
2.10418e+08,    4562.61, 1.15633e+06, 6.68078e+29, 4.07999e+24, 1.0097e+13,    28.0215, 1.57894e+23,    0.03468, 4.70233e-09, 1.09388e-27,          0, 1.24511e+13, 7.2446e+13, 4.50832e+08, 8.48976e+13, 1.19371e+13, 1.21418e+07,    565.958,  0.0194533
2.11518e+08,    4401.14, 1.12888e+06, 6.70835e+29,   4.08e+24, 1.02393e+13,    29.7201, 1.24926e+23,    0.03468, 4.12037e-09, 6.54212e-28,          0, 1.17254e+13, 6.82235e+13, 4.0953e+08, 7.99493e+13, 1.01954e+13, 1.08938e+07,    745.803,  0.0192829
2.12618e+08,    4242.62, 1.10161e+06, 6.73521e+29, 4.08001e+24, 1.03849e+13,    31.5552, 9.84242e+22,    0.03468, 3.60183e-09, 3.87649e-28,          0,  1.103e+13, 6.41775e+13, 3.71367e+08, 7.52079e+13, 8.68091e+12, 9.70219e+06,    1002.16,  0.0191134
2.13718e+08,    4087.04, 1.07451e+06, 6.76137e+29, 4.08002e+24, 1.05339e+13,    33.5406, 7.72044e+22,    0.03468, 3.14075e-09, 2.27493e-28,          0, 1.03642e+13, 6.03034e+13, 3.36154e+08, 7.06679e+13, 7.36772e+12, 8.56734e+06,    1377.35,  0.0189446
2.14818e+08,    3934.41, 1.04759e+06, 6.78682e+29, 4.08003e+24, 1.06865e+13,    35.6919, 6.02831e+22,    0.03468, 2.73163e-09, 1.32171e-28,          0, 9.72711e+12, 5.65968e+13, 3.03709e+08, 6.63242e+13, 6.23234e+12, 7.48996e+06,    1943.61,  0.0187767
2.15918e+08,    3784.69, 1.02084e+06, 6.81157e+29, 4.08004e+24, 1.08429e+13,    38.0268, 4.68468e+22,    0.03468, 2.36943e-09, 7.59913e-29,          0, 9.11807e+12, 5.30531e+13, 2.7386e+08, 6.21714e+13, 5.25365e+12, 6.47085e+06,    2829.82,  0.0186097
2.17018e+08,     3637.9,     994273, 6.8356e+29, 4.08004e+24, 1.10032e+13,     40.565, 3.62249e+22,    0.03468, 2.04951e-09, 4.32171e-29,          0, 8.53628e+12, 4.9668e+13, 2.46441e+08, 5.82045e+13, 4.41265e+12, 5.51108e+06,    4278.31,  0.0184437
2.18118e+08,       3494,     967879, 6.85893e+29, 4.08005e+24, 1.11676e+13,     43.329, 2.78665e+22,    0.03468, 1.7676e-09, 2.42999e-29,          0,  7.981e+12, 4.64371e+13, 2.21297e+08, 5.44183e+13, 3.69231e+12, 4.61195e+06,    6774.68,  0.0182787
2.19218e+08,    3353.01,     941662, 6.88156e+29, 4.08005e+24, 1.13363e+13,    46.3444, 2.13208e+22,    0.03468, 1.51982e-09, 1.35017e-29,          0, 7.45148e+12, 4.33561e+13, 1.98276e+08, 5.08078e+13, 3.07742e+12, 3.77517e+06,    11370.9,  0.0181148
2.20318e+08,     3214.9,     915623, 6.90348e+29, 4.08005e+24, 1.15095e+13,    49.6403, 1.62205e+22,    0.03468, 1.3026e-09, 7.40916e-30,          0, 6.94699e+12, 4.04207e+13, 1.77238e+08, 4.73679e+13, 2.55437e+12, 3.00291e+06,    20582.4,  0.0179521
2.21418e+08,    3079.66,     889762, 6.9247e+29, 4.08006e+24, 1.16875e+13,      53.25, 1.22672e+22,    0.03468, 1.11269e-09, 4.01319e-30,          0, 6.4668e+12, 3.76268e+13, 1.58047e+08, 4.40937e+13, 2.11111e+12, 2.29805e+06,      41250,  0.0177905
2.22518e+08,    2947.28,     864079, 6.94522e+29, 4.08006e+24, 1.18704e+13,    57.2117, 9.21979e+21,    0.03468, 9.47134e-10, 2.14425e-30,          0, 6.01019e+12,  3.497e+13, 1.40574e+08, 4.09804e+13, 1.73689e+12, 1.66449e+06,    95564.8,  0.0176302
2.23618e+08,    2817.76,     838575, 6.96505e+29, 4.08006e+24, 1.20585e+13,    61.5691, 6.88427e+21,    0.03468, 8.03244e-10, 1.12934e-30,          0, 5.57647e+12, 3.24464e+13, 1.24697e+08, 3.8023e+13, 1.42224e+12, 1.10774e+06,     276693,  0.0174713
2.24628e+08,    2701.35,     815315, 6.98264e+29, 4.08006e+24, 1.22361e+13,    65.9619, 5.23297e+21,    0.03468, 6.88109e-10, 6.18578e-31,          0, 5.19779e+12, 3.02431e+13, 1.11427e+08, 3.5441e+13, 1.17862e+12,     636194, 1.18086e+06,  0.0173138
2.25638e+08,    2587.32,     792206, 6.99965e+29, 4.08006e+24, 1.24185e+13,    70.7762, 3.95364e+21,    0.03468, 5.87459e-10, 3.34324e-31,          0, 4.83727e+12, 2.81454e+13, 9.93213e+07, 3.29828e+13, 9.72433e+11,     264259, 9.80127e+06,  0.0171578
2.26648e+08,    2475.67,     769248, 7.01608e+29, 4.08006e+24, 1.26061e+13,    76.0637, 2.96808e+21,    0.03468, 4.99729e-10, 1.78179e-31,          0, 4.4944e+12, 2.61504e+13, 8.82991e+07, 3.06449e+13, 7.98617e+11,    11732.2,    2.05383,  0.0169868
2.27658e+08,    2366.39,     746442, 7.03193e+29, 4.08006e+24, 1.2799e+13,    81.8842, 2.21329e+21,    0.03468, 4.23493e-10, 9.35725e-32,          0, 4.16865e+12, 2.42551e+13, 7.82842e+07, 2.84238e+13, 6.5269e+11,          0,       -nan,       -nan
2.28668e+08,    2259.48,     723787, 7.04721e+29, 4.08006e+24, 1.29976e+13,    88.3068, 1.63882e+21,    0.03468, 3.5746e-10, 4.83841e-32,          0, 3.85951e+12, 2.24564e+13, 6.92043e+07, 2.6316e+13, 5.30707e+11,          0,       -nan,       -nan
2.29678e+08,    2154.93,     701283, 7.06192e+29, 4.08006e+24, 1.32022e+13,    95.4116, 1.20445e+21,    0.03468, 3.00457e-10, 2.46125e-32,          0, 3.56648e+12, 2.07514e+13, 6.09908e+07, 2.43179e+13, 4.29203e+11,          0,       -nan,       -nan
2.30688e+08,    2052.73,     678931, 7.07607e+29, 4.08006e+24, 1.3413e+13,    103.292, 8.78269e+20,    0.03468, 2.51426e-10, 1.23057e-32,          0, 3.28905e+12, 1.91372e+13, 5.35788e+07, 2.24263e+13, 3.45143e+11,          0,       -nan,       -nan
2.31698e+08,    1952.87,     656730, 7.08965e+29, 4.08006e+24, 1.36306e+13,    112.058, 6.35113e+20,    0.03468, 2.0941e-10, 6.04114e-33,          0, 3.02673e+12, 1.76109e+13, 4.69071e+07, 2.06377e+13, 2.75882e+11,          0,       -nan,       -nan
2.32708e+08,    1855.35,     634681, 7.10268e+29, 4.08006e+24, 1.38552e+13,    121.837, 4.55243e+20,    0.03468, 1.7355e-10, 2.90886e-33,          0, 2.77904e+12, 1.61697e+13, 4.09178e+07, 1.89488e+13, 2.19119e+11,          0,       -nan,       -nan
2.33718e+08,    1760.16,     612783, 7.11516e+29, 4.08007e+24, 1.40874e+13,    132.782, 3.23271e+20,    0.03468, 1.43072e-10, 1.37213e-33,          0, 2.5455e+12, 1.48108e+13, 3.55563e+07, 1.73564e+13, 1.72863e+11,          0,       -nan,       -nan
2.34728e+08,     1667.3,     591036, 7.12709e+29, 4.08007e+24, 1.43275e+13,    145.073, 2.27281e+20,    0.03468, 1.17286e-10, 6.33247e-34,          0, 2.32563e+12, 1.35316e+13, 3.07713e+07, 1.58572e+13, 1.35393e+11,          0,       -nan,       -nan
2.35738e+08,    1576.76,     569440, 7.13848e+29, 4.08007e+24, 1.45761e+13,    158.925, 1.58105e+20,    0.03468, 9.55726e-11, 2.85511e-34,          0, 2.11898e+12, 1.23292e+13, 2.65145e+07, 1.44482e+13, 1.05236e+11,          0,       -nan,       -nan
2.36748e+08,    1488.53,     547995, 7.14933e+29, 4.08007e+24, 1.48339e+13,    174.597, 1.08743e+20,    0.03468, 7.73821e-11, 1.25561e-34,          0, 1.92508e+12, 1.1201e+13, 2.27404e+07, 1.31261e+13, 8.11297e+10,          0,       -nan,       -nan
2.37758e+08,    1402.62,     526701, 7.15966e+29, 4.08007e+24, 1.51014e+13,    192.402, 7.38883e+19,    0.03468, 6.22259e-11, 5.37655e-35,          0, 1.74348e+12, 1.01443e+13, 1.94065e+07, 1.18878e+13, 6.19995e+10,          0,       -nan,       -nan
2.38768e+08,    1319.01,     505557, 7.16946e+29, 4.08007e+24, 1.53793e+13,    212.718, 4.95547e+19,    0.03468, 4.96712e-11, 2.23725e-35,          0, 1.57373e+12, 9.15669e+12, 1.64729e+07, 1.07304e+13, 4.69368e+10,          0,       -nan,       -nan
2.39778e+08,    1237.71,     484563, 7.17875e+29, 4.08007e+24, 1.56684e+13,    236.011, 3.27713e+19,    0.03468, 3.93366e-11, 9.02682e-36,          0, 1.41541e+12, 8.23549e+12, 1.39025e+07, 9.65092e+12, 3.51757e+10,          0,       -nan,       -nan
2.40788e+08,    1158.71,     463720, 7.18753e+29, 4.08007e+24, 1.59696e+13,    262.854, 2.1346e+19,    0.03468, 3.08868e-11, 3.52289e-36,          0, 1.26807e+12, 7.37822e+12, 1.16604e+07, 8.64631e+12, 2.60752e+10,          0,       -nan,       -nan
2.41798e+08,    1082.02,     443025, 7.1958e+29, 4.08007e+24, 1.6284e+13,    293.962, 1.36774e+19,    0.03468, 2.40285e-11, 1.32619e-36,          0, 1.1313e+12, 6.58241e+12, 9.71414e+06, 7.71372e+12, 1.91019e+10,          0,       -nan,       -nan
2.42808e+08,    1007.63,     422480, 7.20359e+29, 4.08007e+24, 1.66125e+13,    330.229, 8.60876e+18,    0.03468, 1.85057e-11, 4.80059e-37,          0, 1.00467e+12, 5.84561e+12, 8.03372e+06, 6.85029e+12, 1.38147e+10,          0,       -nan,       -nan
2.43818e+08,    935.554,     402084, 7.21089e+29, 4.08007e+24, 1.69566e+13,     372.79, 5.31397e+18,    0.03468, 1.40966e-11, 1.66502e-37,          0, 8.87768e+11, 5.16543e+12, 6.59111e+06, 6.0532e+12, 9.85194e+09,          0,       -nan,       -nan
2.44828e+08,    865.784,     381837, 7.21771e+29, 4.08007e+24, 1.73176e+13,    423.098, 3.21095e+18,    0.03468, 1.06095e-11, 5.51082e-38,          0, 7.80191e+11, 4.5395e+12, 5.36045e+06, 5.31969e+12, 6.91889e+09,          0,       -nan,       -nan
2.45838e+08,     798.33,     361737, 7.22406e+29, 4.08007e+24, 1.76971e+13,    483.034, 1.89522e+18,    0.03468, 7.88009e-12, 1.73239e-38,          0, 6.81537e+11, 3.96549e+12, 4.3178e+06, 4.64703e+12, 4.77772e+09,          0,       -nan,       -nan
2.46848e+08,    733.201,     341785, 7.22996e+29, 4.08007e+24, 1.80972e+13,    555.067, 1.08998e+18,    0.03468, 5.76782e-12, 5.1446e-39,          0, 5.91411e+11, 3.44109e+12, 3.44114e+06, 4.03251e+12, 3.23819e+09,          0,       -nan,       -nan
2.47858e+08,    670.404,     321980, 7.23541e+29, 4.08007e+24,  1.852e+13,     642.48, 6.09062e+17,    0.03468, 4.15365e-12, 1.4341e-39,          0, 5.09424e+11, 2.96406e+12, 2.71023e+06, 3.47348e+12, 2.14971e+09,          0,       -nan,       -nan
2.48868e+08,    609.954,     302322, 7.24042e+29, 4.08007e+24, 1.89682e+13,    749.706, 3.29537e+17,    0.03468, 2.93732e-12, 3.72462e-40,          0, 4.35192e+11, 2.53214e+12, 2.10653e+06, 2.96733e+12, 1.39443e+09,          0,       -nan,       -nan
2.49878e+08,    551.866,     282809,  7.245e+29, 4.08007e+24, 1.94449e+13,    882.838, 1.71946e+17,    0.03468, 2.0351e-12, 8.93313e-41,          0, 3.68334e+11, 2.14313e+12, 1.61312e+06, 2.51147e+12, 8.8122e+08,          0,       -nan,       -nan
2.50888e+08,     496.16,     263442, 7.24917e+29, 4.08007e+24, 1.99537e+13,    1050.41, 8.6102e+16,    0.03468, 1.37766e-12, 1.95754e-41,          0, 3.08476e+11, 1.79485e+12, 1.2146e+06, 2.10333e+12, 5.40669e+08,          0,       -nan,       -nan
2.51898e+08,    442.859,     244220, 7.25293e+29, 4.08007e+24, 2.04993e+13,    1264.67, 4.11338e+16,    0.03468, 9.08173e-13, 3.86869e-42,          0, 2.55247e+11, 1.48514e+12,     897051, 1.74039e+12, 3.20695e+08,          0,       -nan,       -nan
2.52908e+08,    391.993,     225142, 7.2563e+29, 4.08007e+24, 2.10871e+13,    1543.55, 1.86116e+16,    0.03468, 5.80608e-13, 6.78601e-43,          0, 2.08281e+11, 1.21187e+12,     647915, 1.42015e+12, 1.82934e+08,          0,       -nan,       -nan
2.53918e+08,    343.598,     206208, 7.2593e+29, 4.08007e+24, 2.17241e+13,    1914.23, 7.90313e+15,    0.03468, 3.58134e-13, 1.03552e-43,          0, 1.67213e+11, 9.72917e+11,     455942, 1.14013e+12, 9.96993e+07,          0,       -nan,       -nan
2.54928e+08,    297.716,     187416, 7.26193e+29, 4.08007e+24, 2.2419e+13,    2419.17, 3.11307e+15,    0.03468, 2.11741e-13, 1.33996e-44,          0, 1.31681e+11, 7.66178e+11,     311111, 8.97859e+11, 5.14814e+07,          0,       -nan,       -nan
2.55938e+08,    254.402,     168766, 7.26422e+29, 4.08007e+24, 2.31833e+13,    3127.47, 1.12036e+15,    0.03468, 1.1897e-13, 1.42212e-45,          0, 1.01326e+11, 5.89558e+11,     204565, 6.90884e+11, 2.49136e+07,          0,       -nan,       -nan
2.56948e+08,    213.721,     150257, 7.26617e+29, 4.08007e+24, 2.4032e+13,    4157.12, 3.60976e+14,    0.03468, 6.28012e-14, 1.18393e-46,          0, 7.57875e+10, 4.40965e+11,     128539, 5.16753e+11, 1.11356e+07,          0,       -nan,       -nan
2.57958e+08,    175.755,     131889, 7.2678e+29, 4.08007e+24, 2.49431e+13,    5721.74, 1.01244e+14,    0.03468, 3.06564e-14, 7.26973e-48,          0, 5.47055e+10, 3.18301e+11,    76300.7, 3.73006e+11, 4.50543e+06,          0,       -nan,       -nan
2.58968e+08,    140.608,     113661, 7.26914e+29, 4.08007e+24, 2.49431e+13,    8237.52, 2.37425e+13,    0.03468, 1.35277e-14, 3.01364e-49,          0, 3.77166e+10, 2.19452e+11,    42085.3, 2.57168e+11,  1.603e+06,          0,       -nan,       -nan
2.59978e+08,    108.413,    95570.7, 7.2702e+29, 4.08007e+24, 2.49431e+13,    12596.4, 4.38018e+12,    0.03468, 5.2138e-15, 7.37872e-51,          0, 2.44522e+10, 1.42274e+11,    21037.2, 1.66726e+11,     480083,          0,       -nan,       -nan
2.60988e+08,    79.3488,    77618.4, 7.27101e+29, 4.08007e+24, 2.49431e+13,    20971.4, 5.76079e+11,    0.03468, 1.66026e-15, 8.59563e-53,          0, 1.45351e+10, 8.45718e+10,    9152.69, 9.91069e+10,     112763,          0,       -nan,       -nan
2.61998e+08,    53.6631,    59802.8, 7.27159e+29, 4.08007e+24, 2.49431e+13,    39725.8, 4.53278e+10,    0.03468, 3.95676e-16, 3.24251e-55,          0, 7.57377e+09, 4.40675e+10,    3225.36, 5.16413e+10,    18315.6,          0,       -nan,       -nan
2.63008e+08,    31.7228,      42123, 7.27196e+29, 4.08007e+24, 2.49431e+13,    93749.6, 1.48726e+09,    0.03468, 5.75737e-17, 1.79367e-58,          0, 3.15359e+09, 1.8349e+10,    793.902, 2.15026e+10,    1587.61,          0,       -nan,       -nan
2.64018e+08,    14.1386,    24577.7, 7.27215e+29, 4.08007e+24, 2.49431e+13,     350925, 7.78225e+06,    0.03468, 2.97404e-18, 1.76449e-63,          0, 8.20089e+08, 4.77164e+09,    92.0144, 5.59173e+09,    36.8322,          0,       -nan,       -nan
2.65268e+08,   0.617429,    3047.86, 7.27222e+29, 4.08007e+24, 2.50252e+13, 5.83783e+07,  0.0112794,    0.03468, 3.07147e-23,          0,          0, 4.44116e+06, 2.58406e+07,  0.0217607, 3.02818e+07, 1.67691e-05,          0,       -nan,       -nan
