X = 0.734
Y = 0.25
Z = 0.016
mu = 0.601142
    Radius,    Density,       Temp,       Mass,        Lum,       OptD,        Kff,         KH,        Kes,         PP,        CNO,         3a,        Deg,        Gas,        Rad,    TotPres,       dLdr,     dPdT,      dTRad,     dTConv
         0,          0,          0,          0,          0,          0,       -nan,          0,    0.03468,          0,          0,          0,          0,          0,          0,          0,          0,          0,       -nan,       -nan
      0.01,    64745.9, 5.55904e+06,     271207,    9.66694,    47685.6,   0.736503, 8.15899e+29,    0.03468, 3.56441e-05, 5.7697e-13, 1.51952e-65, 1.03563e+15, 4.94234e+15, 2.40819e+11, 5.97822e+15, 0.00290008, 9.46352e+08, 1.09395e-05, 4.5345e-06
1.0033e+06,    64742.1, 5.55882e+06, 2.73888e+23, 9.76123e+18, 4.78434e+10,   0.736574, 8.15585e+29,    0.03468, 3.56364e-05, 5.76483e-13, 1.5167e-65, 1.03553e+15, 4.94186e+15, 2.40781e+11, 5.97763e+15, 2.91843e+13, 9.46289e+08, 0.00109755, 0.000454926
2.0083e+06,    64730.6, 5.55816e+06, 2.19646e+24, 7.82499e+19, 9.57715e+10,   0.736788, 8.14642e+29,    0.03468, 3.56132e-05, 5.75021e-13, 1.50827e-65, 1.03522e+15, 4.94039e+15, 2.40666e+11, 5.97585e+15, 1.16838e+14, 9.46099e+08, 0.00219688, 0.000910515
3.0133e+06,    64711.3, 5.55706e+06, 7.41801e+24, 2.64098e+20, 1.43707e+11,   0.737146, 8.13072e+29,    0.03468, 3.55744e-05, 5.72591e-13, 1.49431e-65, 1.03471e+15, 4.93795e+15, 2.40476e+11, 5.9729e+15, 2.62671e+14, 9.45781e+08, 0.00329607, 0.00136588
4.0183e+06,    64684.5, 5.55552e+06, 1.75865e+25, 6.25548e+20, 1.91653e+11,   0.737646, 8.10879e+29,    0.03468, 3.55203e-05, 5.69207e-13, 1.47498e-65, 1.03399e+15, 4.93453e+15, 2.4021e+11, 5.96876e+15, 4.66198e+14, 9.45337e+08, 0.00439505, 0.00182092
5.0233e+06,    64649.9, 5.55355e+06, 3.43464e+25, 1.22026e+21, 2.39614e+11,    0.73829, 8.08067e+29,    0.03468, 3.54507e-05, 5.64884e-13, 1.45049e-65, 1.03307e+15, 4.93014e+15, 2.39868e+11, 5.96345e+15, 7.26743e+14, 9.44766e+08, 0.00549373, 0.00227552
6.11116e+06,    64603.9, 5.55091e+06, 6.18158e+25, 2.19276e+21, 2.91549e+11,    0.73915, 8.04334e+29,    0.03468, 3.53583e-05, 5.59172e-13, 1.41847e-65, 1.03185e+15, 4.92429e+15, 2.39412e+11, 5.95637e+15, 1.07203e+15, 9.44045e+08, 0.00662652, 0.00274382
7.21116e+06,    64548.2, 5.54772e+06, 1.01513e+26, 3.59409e+21, 3.4409e+11,   0.740191, 7.99841e+29,    0.03468, 3.52467e-05, 5.52339e-13, 1.38068e-65, 1.03037e+15, 4.91722e+15, 2.38863e+11, 5.94782e+15, 1.4867e+15, 9.43133e+08, 0.00782816,    0.00324
8.31116e+06,    64483.4, 5.54401e+06, 1.5532e+26, 5.48706e+21, 3.96662e+11,   0.741406, 7.94637e+29,    0.03468, 3.51172e-05, 5.44482e-13, 1.33791e-65, 1.02864e+15, 4.90899e+15, 2.38224e+11, 5.93788e+15, 1.96563e+15, 9.4207e+08,  0.0090292, 0.00373525
9.41116e+06,    64409.5, 5.53977e+06, 2.25358e+26, 7.94134e+21, 4.4927e+11,   0.742796, 7.88736e+29,    0.03468, 3.49698e-05, 5.35647e-13, 1.29069e-65, 1.02668e+15, 4.89962e+15, 2.37497e+11, 5.92654e+15, 2.50692e+15, 9.40973e+08,  0.0101205, 0.00418455
1.05112e+07,    64326.6, 5.53501e+06, 3.13733e+26, 1.10244e+22, 5.01919e+11,   0.744362, 7.82155e+29,    0.03468, 3.48049e-05, 5.25886e-13, 1.2396e-65, 1.02448e+15, 4.88911e+15, 2.36682e+11, 5.91382e+15, 3.10844e+15, 9.39623e+08,  0.0113202, 0.00467761
1.16112e+07,    64234.5, 5.52973e+06, 4.22535e+26, 1.48011e+22, 5.54613e+11,   0.746104, 7.74911e+29,    0.03468, 3.46227e-05, 5.15255e-13, 1.18522e-65, 1.02204e+15, 4.87746e+15, 2.3578e+11, 5.89973e+15, 3.76783e+15, 9.38125e+08,  0.0125191, 0.00516933
1.27112e+07,    64133.5, 5.52393e+06, 5.53837e+26, 1.93339e+22, 6.07357e+11,   0.748025, 7.67022e+29,    0.03468, 3.44235e-05, 5.03812e-13, 1.12819e-65, 1.01936e+15, 4.86468e+15, 2.34792e+11, 5.88427e+15, 4.4825e+15, 9.36477e+08,  0.0137171, 0.00565956
1.38112e+07,    64023.5, 5.51761e+06, 7.09692e+26, 2.46819e+22, 6.60156e+11,   0.750125, 7.58511e+29,    0.03468, 3.42075e-05, 4.91623e-13, 1.0691e-65, 1.01645e+15, 4.85078e+15, 2.3372e+11, 5.86746e+15, 5.24965e+15, 9.34682e+08,  0.0149142, 0.00614816
1.49112e+07,    63904.6, 5.51078e+06, 8.92134e+26, 3.09012e+22, 7.13015e+11,   0.752407,  7.494e+29,    0.03468, 3.39751e-05, 4.78754e-13, 1.0086e-65, 1.0133e+15, 4.83577e+15, 2.32564e+11, 5.8493e+15, 6.06631e+15, 9.3274e+08,  0.0161103, 0.00663499
1.60112e+07,    63776.8, 5.50343e+06, 1.10317e+27, 3.80447e+22, 7.65939e+11,   0.754871, 7.39711e+29,    0.03468, 3.37266e-05, 4.65273e-13, 9.47275e-66, 1.00993e+15, 4.81966e+15, 2.31326e+11, 5.82982e+15, 6.92932e+15, 9.30652e+08,  0.0173054, 0.00711991
1.71112e+07,    63640.2, 5.49557e+06, 1.34479e+27, 4.61615e+22, 8.18932e+11,    0.75752, 7.2947e+29,    0.03468, 3.34624e-05, 4.51252e-13, 8.85709e-66, 1.00632e+15, 4.80247e+15, 2.30006e+11, 5.80902e+15, 7.83532e+15, 9.28419e+08,  0.0184995, 0.00760279
1.82112e+07,    63494.8, 5.48719e+06, 1.61896e+27, 5.5297e+22, 8.71999e+11,   0.760356, 7.18704e+29,    0.03468, 3.31829e-05, 4.36763e-13, 8.24447e-66, 1.00249e+15, 4.78419e+15, 2.28608e+11, 5.78691e+15, 8.78086e+15, 9.26041e+08,  0.0196925, 0.00808349
1.93112e+07,    63340.6, 5.47831e+06, 1.9276e+27, 6.54926e+22, 9.25146e+11,    0.76338, 7.0744e+29,    0.03468, 3.28885e-05, 4.21879e-13, 7.63995e-66, 9.98441e+14, 4.76485e+15, 2.27131e+11, 5.76352e+15, 9.76232e+15, 9.2352e+08,  0.0208845, 0.00856188
2.04112e+07,    63177.8, 5.46892e+06, 2.27262e+27, 7.67859e+22, 9.78378e+11,   0.766596, 6.95705e+29,    0.03468, 3.25797e-05, 4.06672e-13, 7.04812e-66, 9.94168e+14, 4.74446e+15, 2.25578e+11, 5.73885e+15, 1.0776e+16, 9.20858e+08,  0.0220755, 0.00903782
2.15112e+07,    63006.5, 5.45902e+06, 2.65588e+27, 8.92101e+22, 1.0317e+12,   0.770004, 6.8353e+29,    0.03468, 3.22568e-05, 3.91213e-13, 6.47306e-66, 9.89677e+14, 4.72303e+15, 2.23949e+11, 5.71293e+15, 1.1818e+16, 9.18054e+08,  0.0232655, 0.00951117
2.26112e+07,    62826.6, 5.44863e+06, 3.07924e+27, 1.02794e+23, 1.08511e+12,   0.773609, 6.70943e+29,    0.03468, 3.19203e-05, 3.75575e-13, 5.91833e-66, 9.84972e+14, 4.70058e+15, 2.22248e+11, 5.68577e+15, 1.28845e+16, 9.15111e+08,  0.0244544, 0.00998182
2.37112e+07,    62638.2, 5.43773e+06, 3.5445e+27, 1.17563e+23, 1.13863e+12,   0.777412, 6.57975e+29,    0.03468, 3.15708e-05, 3.59826e-13, 5.38691e-66, 9.80055e+14, 4.67711e+15, 2.20476e+11, 5.65739e+15, 1.39714e+16, 9.12029e+08,  0.0256425,  0.0104496
2.48112e+07,    62441.5, 5.42634e+06, 4.05342e+27, 1.33538e+23, 1.19225e+12,   0.781417, 6.44657e+29,    0.03468, 3.12088e-05, 3.44034e-13, 4.88125e-66, 9.74931e+14, 4.65265e+15, 2.18634e+11, 5.6278e+15, 1.50749e+16, 9.08811e+08,  0.0268296,  0.0109145
2.59112e+07,    62236.4, 5.41445e+06, 4.60774e+27, 1.50733e+23, 1.24597e+12,   0.785627, 6.3102e+29,    0.03468, 3.08346e-05, 3.28262e-13, 4.40323e-66, 9.69601e+14, 4.62722e+15, 2.16725e+11, 5.59703e+15, 1.61908e+16, 9.05457e+08,   0.028016,  0.0113762
2.70112e+07,    62023.2, 5.40208e+06, 5.20916e+27, 1.6916e+23, 1.29982e+12,   0.790044, 6.17097e+29,    0.03468, 3.0449e-05, 3.12573e-13, 3.9542e-66, 9.64069e+14, 4.60082e+15, 2.1475e+11, 5.5651e+15, 1.7315e+16, 9.01969e+08,  0.0292017,  0.0118347
2.81112e+07,    61801.8, 5.38921e+06, 5.85933e+27, 1.88827e+23, 1.35378e+12,   0.794672, 6.02917e+29,    0.03468, 3.00523e-05, 2.97025e-13, 3.53503e-66, 9.5834e+14, 4.57348e+15, 2.12712e+11, 5.53203e+15, 1.84436e+16, 8.98348e+08,  0.0303868,  0.0122899
2.92112e+07,    61572.3, 5.37586e+06, 6.55987e+27, 2.09736e+23, 1.40786e+12,   0.799516, 5.88513e+29,    0.03468, 2.96452e-05, 2.81673e-13, 3.14609e-66, 9.52417e+14, 4.54521e+15, 2.10612e+11, 5.49784e+15, 1.95725e+16, 8.94597e+08,  0.0315715,  0.0127416
3.03112e+07,    61334.9, 5.36203e+06, 7.31235e+27, 2.31886e+23, 1.46208e+12,   0.804577, 5.73917e+29,    0.03468, 2.92281e-05, 2.66566e-13, 2.78736e-66, 9.46304e+14, 4.51604e+15, 2.08453e+11, 5.46255e+15, 2.06978e+16, 8.90716e+08,  0.0327559,  0.0131898
3.14112e+07,    61089.5, 5.34773e+06, 8.11829e+27, 2.55269e+23, 1.51643e+12,   0.809862, 5.59159e+29,    0.03468, 2.88018e-05, 2.51752e-13, 2.45842e-66, 9.40004e+14, 4.48597e+15, 2.06237e+11, 5.42618e+15, 2.18154e+16, 8.86707e+08,  0.0339401,  0.0136342
3.25112e+07,    60836.4, 5.33294e+06, 8.97919e+27, 2.79875e+23, 1.57092e+12,   0.815372, 5.44271e+29,    0.03468, 2.83666e-05, 2.37273e-13, 2.15853e-66, 9.33522e+14, 4.45504e+15, 2.03966e+11, 5.38876e+15, 2.29217e+16, 8.82573e+08,  0.0351245,  0.0140748
3.36112e+07,    60575.7, 5.31769e+06, 9.89648e+27, 3.05691e+23, 1.62556e+12,   0.821114, 5.29283e+29,    0.03468, 2.79233e-05, 2.23168e-13, 1.88668e-66, 9.26862e+14, 4.42325e+15, 2.01643e+11, 5.35032e+15, 2.40128e+16, 8.78314e+08,  0.0363091,  0.0145115
3.47112e+07,    60307.3, 5.30197e+06, 1.08715e+28, 3.32697e+23, 1.68035e+12,   0.827091, 5.14225e+29,    0.03468, 2.74724e-05, 2.09469e-13, 1.64163e-66, 9.20029e+14, 4.39064e+15, 1.99269e+11, 5.31087e+15, 2.5085e+16, 8.74337e+08,  0.0373865,   0.014905
3.58112e+07,    60031.4, 5.28579e+06, 1.19057e+28, 3.6087e+23, 1.7353e+12,   0.833308, 4.99127e+29,    0.03468, 2.70144e-05, 1.96206e-13, 1.42196e-66, 9.13025e+14, 4.35722e+15, 1.96848e+11, 5.27044e+15, 2.61349e+16, 8.69846e+08,  0.0385724,  0.0153339
3.69112e+07,    59748.2, 5.26915e+06, 1.30003e+28, 3.90184e+23, 1.79041e+12,    0.83977, 4.84017e+29,    0.03468,  2.655e-05, 1.83404e-13, 1.22611e-66, 9.05857e+14, 4.32301e+15, 1.94381e+11, 5.22906e+15, 2.7159e+16, 8.65237e+08,  0.0397594,  0.0157585
3.80112e+07,    59457.7, 5.25206e+06, 1.41566e+28, 4.20609e+23, 1.84569e+12,   0.846482, 4.68922e+29,    0.03468, 2.60797e-05, 1.71084e-13, 1.05245e-66, 8.98528e+14, 4.28803e+15, 1.91871e+11, 5.18675e+15, 2.81542e+16, 8.60511e+08,  0.0409477,  0.0161787
3.91112e+07,      59160, 5.23451e+06, 1.53757e+28, 4.52111e+23, 1.90114e+12,    0.85345, 4.53871e+29,    0.03468, 2.56041e-05, 1.59261e-13, 8.99291e-67, 8.91043e+14, 4.25231e+15, 1.8932e+11, 5.14355e+15, 2.91172e+16, 8.5567e+08,  0.0421377,  0.0165946
4.02112e+07,    58855.3, 5.21652e+06, 1.66588e+28, 4.84654e+23, 1.95677e+12,    0.86068, 4.38888e+29,    0.03468, 2.51239e-05, 1.47949e-13, 7.64936e-67, 8.83407e+14, 4.21587e+15, 1.8673e+11, 5.09946e+15, 3.00452e+16, 8.50717e+08,  0.0433298,  0.0170058
4.13112e+07,    58543.6, 5.19809e+06, 1.8007e+28, 5.18197e+23, 2.01258e+12,   0.868176, 4.23999e+29,    0.03468, 2.46395e-05, 1.37156e-13, 6.47698e-67, 8.75624e+14, 4.17873e+15, 1.84105e+11, 5.05454e+15, 3.09354e+16, 8.45653e+08,  0.0445244,  0.0174124
4.24112e+07,    58225.2, 5.17922e+06, 1.94213e+28, 5.52697e+23, 2.06859e+12,   0.875946, 4.09228e+29,    0.03468, 2.41515e-05, 1.26886e-13, 5.45934e-67,  8.677e+14, 4.14091e+15, 1.81446e+11, 5.00879e+15, 3.17852e+16, 8.4048e+08,  0.0457219,  0.0178142
4.35112e+07,      57900, 5.15992e+06, 2.09027e+28, 5.88109e+23, 2.12479e+12,   0.883996, 3.94598e+29,    0.03468, 2.36606e-05, 1.17142e-13, 4.58063e-67, 8.59638e+14, 4.10244e+15, 1.78756e+11, 4.96225e+15, 3.25923e+16, 8.35202e+08,  0.0469227,  0.0182112
4.46112e+07,    57568.2, 5.14019e+06, 2.24521e+28, 6.24384e+23, 2.18119e+12,   0.892333, 3.80131e+29,    0.03468, 2.31673e-05, 1.07921e-13, 3.82583e-67, 8.51444e+14, 4.06333e+15, 1.76038e+11, 4.91495e+15, 3.33545e+16, 8.29819e+08,  0.0481273,  0.0186032
4.57112e+07,      57230, 5.12004e+06, 2.40704e+28, 6.61471e+23, 2.2378e+12,   0.900963, 3.65846e+29,    0.03468, 2.26721e-05, 9.92192e-14, 3.18081e-67, 8.43123e+14, 4.02362e+15, 1.73293e+11, 4.86692e+15, 3.40698e+16, 8.24334e+08,  0.0493363,  0.0189902
4.68112e+07,    56885.4, 5.09946e+06, 2.57583e+28, 6.99319e+23, 2.29463e+12,   0.909894, 3.51763e+29,    0.03468, 2.21756e-05, 9.10287e-14, 2.63244e-67, 8.3468e+14, 3.98333e+15, 1.70525e+11, 4.81818e+15, 3.47364e+16, 8.18749e+08,  0.0505502,  0.0193721
4.79112e+07,    56534.6, 5.07848e+06, 2.75168e+28, 7.37873e+23, 2.35168e+12,   0.919134, 3.37901e+29,    0.03468, 2.16783e-05, 8.33399e-14, 2.16864e-67, 8.26119e+14, 3.94247e+15, 1.67735e+11, 4.76876e+15, 3.53527e+16, 8.13067e+08,  0.0517696,  0.0197488
4.90112e+07,    56177.8, 5.05708e+06, 2.93463e+28, 7.77076e+23, 2.40895e+12,   0.928689, 3.24275e+29,    0.03468, 2.11807e-05, 7.6141e-14, 1.77835e-67, 8.17447e+14, 3.90108e+15, 1.64927e+11, 4.7187e+15, 3.59175e+16, 8.0729e+08,  0.0529952,  0.0201202
5.01112e+07,      55815, 5.03529e+06, 3.12476e+28, 8.16872e+23, 2.46646e+12,    0.93857, 3.10902e+29,    0.03468, 2.06835e-05, 6.94182e-14, 1.4516e-67, 8.08667e+14, 3.85918e+15, 1.62102e+11, 4.66801e+15, 3.64295e+16, 8.01421e+08,  0.0542275,  0.0204862
5.12112e+07,    55446.4, 5.01309e+06, 3.32213e+28, 8.57201e+23, 2.5242e+12,   0.948784, 2.97795e+29,    0.03468, 2.0187e-05, 6.31562e-14, 1.17944e-67, 7.99785e+14, 3.8168e+15, 1.59262e+11, 4.61674e+15, 3.68879e+16, 7.95461e+08,  0.0554674,  0.0208468
5.23112e+07,      55072, 4.9905e+06, 3.52679e+28, 8.98005e+23, 2.58219e+12,    0.95934, 2.84967e+29,    0.03468, 1.96918e-05, 5.73383e-14, 9.53883e-68, 7.90807e+14, 3.77395e+15, 1.56411e+11, 4.56491e+15, 3.72919e+16, 7.89413e+08,  0.0567155,  0.0212019
5.34112e+07,    54692.2, 4.96753e+06, 3.73878e+28, 9.39223e+23, 2.64044e+12,   0.970247, 2.7243e+29,    0.03468, 1.91983e-05, 5.19467e-14,  7.679e-68, 7.81736e+14, 3.73066e+15, 1.53551e+11, 4.51255e+15, 3.7641e+16, 7.83279e+08,  0.0579727,  0.0215514
5.45112e+07,    54306.9, 4.94417e+06, 3.95814e+28, 9.80795e+23, 2.69894e+12,   0.981516, 2.60194e+29,    0.03468, 1.8707e-05, 4.69628e-14, 6.15318e-68, 7.72579e+14, 3.68696e+15, 1.50683e+11, 4.45969e+15, 3.7935e+16, 7.77063e+08,  0.0592398,  0.0218952
5.56112e+07,    53916.3, 4.92044e+06, 4.18491e+28, 1.02266e+24, 2.75771e+12,   0.993156, 2.48269e+29,    0.03468, 1.82184e-05, 4.23673e-14, 4.90768e-68, 7.63341e+14, 3.64288e+15, 1.4781e+11, 4.40636e+15, 3.81737e+16, 7.70765e+08,  0.0605177,  0.0222333
5.67112e+07,    53520.6, 4.89633e+06, 4.41912e+28, 1.06476e+24, 2.81675e+12,    1.00518, 2.36661e+29,    0.03468, 1.77329e-05, 3.81406e-14, 3.89611e-68, 7.54027e+14, 3.59842e+15, 1.44935e+11, 4.35259e+15, 3.83572e+16, 7.6439e+08,  0.0618074,  0.0225657
5.78112e+07,    53119.9, 4.87186e+06, 4.66079e+28, 1.10703e+24, 2.87606e+12,    1.01759, 2.25377e+29,    0.03468, 1.72509e-05, 3.42627e-14, 3.07865e-68, 7.44641e+14, 3.55363e+15, 1.42059e+11, 4.29841e+15, 3.84859e+16, 7.57939e+08,  0.0631098,  0.0228922
5.89112e+07,    52714.3, 4.84703e+06, 4.90994e+28, 1.14941e+24, 2.93567e+12,    1.03041, 2.14424e+29,    0.03468, 1.67728e-05, 3.07136e-14, 2.42136e-68, 7.35189e+14, 3.50852e+15, 1.39185e+11, 4.24385e+15, 3.85602e+16, 7.51415e+08,   0.064426,  0.0232127
6.00112e+07,      52304, 4.82184e+06, 5.16657e+28, 1.19184e+24, 2.99556e+12,    1.04365, 2.03805e+29,    0.03468, 1.62991e-05, 2.74735e-14, 1.89549e-68, 7.25676e+14, 3.46313e+15, 1.36315e+11, 4.18894e+15, 3.85808e+16, 7.4482e+08,  0.0657571,  0.0235274
6.11112e+07,    51889.1, 4.79631e+06, 5.43069e+28, 1.23426e+24, 3.05576e+12,    1.05731, 1.93523e+29,    0.03468,  1.583e-05, 2.45227e-14, 1.47688e-68, 7.16108e+14, 3.41746e+15, 1.3345e+11, 4.1337e+15, 3.85485e+16, 7.38157e+08,  0.0671042,   0.023836
6.22112e+07,    51469.8, 4.77043e+06, 5.7023e+28, 1.27663e+24, 3.11627e+12,    1.07142, 1.8358e+29,    0.03468, 1.53659e-05, 2.1842e-14, 1.14532e-68, 7.06489e+14, 3.37156e+15, 1.30593e+11, 4.07818e+15, 3.84643e+16, 7.31428e+08,  0.0684687,  0.0241385
6.33112e+07,    51046.1, 4.74422e+06, 5.9814e+28, 1.31887e+24, 3.17708e+12,    1.08598, 1.73978e+29,    0.03468, 1.49073e-05, 1.94126e-14, 8.8401e-69, 6.96824e+14, 3.32543e+15, 1.27747e+11, 4.02238e+15, 3.83293e+16, 7.24636e+08,  0.0698517,   0.024435
6.44112e+07,    50618.3, 4.71768e+06, 6.26796e+28, 1.36093e+24, 3.23823e+12,    1.10101, 1.64717e+29,    0.03468, 1.44543e-05, 1.72162e-14, 6.79101e-69, 6.87118e+14, 3.27911e+15, 1.24912e+11, 3.96636e+15, 3.81449e+16, 7.17784e+08,  0.0712547,  0.0247253
6.55112e+07,    50186.5, 4.69081e+06, 6.56197e+28, 1.40277e+24, 3.2997e+12,    1.11653, 1.55795e+29,    0.03468, 1.40073e-05, 1.52355e-14, 5.19222e-69, 6.77377e+14, 3.23263e+15, 1.2209e+11, 3.91013e+15, 3.79124e+16, 7.10874e+08,   0.072679,  0.0250094
6.66112e+07,    49750.9, 4.66362e+06, 6.86341e+28, 1.44432e+24, 3.3615e+12,    1.13254, 1.47211e+29,    0.03468, 1.35666e-05, 1.34535e-14,  3.951e-69, 6.67605e+14, 3.18599e+15, 1.19284e+11, 3.85372e+15, 3.76335e+16, 7.03908e+08,  0.0741263,  0.0252872
6.77112e+07,    49311.5, 4.63612e+06, 7.17224e+28, 1.48555e+24, 3.42366e+12,    1.14907, 1.38963e+29,    0.03468, 1.31324e-05, 1.18541e-14, 2.9922e-69, 6.57808e+14, 3.13923e+15, 1.16496e+11, 3.79716e+15, 3.73097e+16, 6.9689e+08,  0.0755981,  0.0255589
6.88112e+07,    48868.6, 4.60832e+06, 7.48842e+28, 1.52639e+24, 3.48617e+12,    1.16613, 1.31046e+29,    0.03468, 1.2705e-05, 1.04222e-14, 2.25527e-69, 6.47989e+14, 3.09238e+15, 1.13726e+11, 3.74048e+15, 3.6943e+16, 6.89822e+08,   0.077096,  0.0258242
6.99112e+07,    48422.2, 4.58021e+06, 7.81193e+28, 1.56681e+24, 3.54903e+12,    1.18374, 1.23458e+29,    0.03468, 1.22846e-05, 9.14332e-15, 1.69171e-69, 6.38154e+14, 3.04544e+15, 1.10977e+11, 3.68371e+15, 3.6535e+16, 6.82705e+08,  0.0786219,  0.0260831
7.10112e+07,    47972.5, 4.55181e+06, 8.1427e+28, 1.60675e+24, 3.61227e+12,    1.20192, 1.16194e+29,    0.03468, 1.18715e-05, 8.00381e-15, 1.26289e-69, 6.28308e+14, 2.99845e+15, 1.0825e+11, 3.62687e+15, 3.60878e+16, 6.75544e+08,  0.0801775,  0.0263358
7.21112e+07,    47519.7, 4.52312e+06, 8.48068e+28, 1.64618e+24, 3.67589e+12,    1.22069, 1.09247e+29,    0.03468, 1.14658e-05, 6.99094e-15, 9.38235e-70, 6.18455e+14, 2.95143e+15, 1.05546e+11, 3.56999e+15, 3.56034e+16, 6.6834e+08,   0.081765,   0.026582
7.32112e+07,    47063.9, 4.49415e+06, 8.82582e+28, 1.68507e+24, 3.73989e+12,    1.24005, 1.02613e+29,    0.03468, 1.10676e-05, 6.09283e-15, 6.93677e-70,  6.086e+14, 2.9044e+15, 1.02868e+11, 3.5131e+15, 3.50839e+16, 6.61096e+08,  0.0833862,  0.0268218
7.43112e+07,    46605.3, 4.46491e+06, 9.17805e+28, 1.72336e+24, 3.80429e+12,    1.26005, 9.62851e+28,    0.03468, 1.06773e-05, 5.29837e-15, 5.10383e-70, 5.98748e+14, 2.85738e+15, 1.00217e+11, 3.45623e+15, 3.45314e+16, 6.53815e+08,  0.0850434,  0.0270552
7.54112e+07,      46144, 4.43539e+06, 9.5373e+28, 1.76102e+24, 3.86909e+12,    1.28069, 9.0256e+28,    0.03468, 1.02948e-05, 4.59731e-15, 3.73699e-70, 5.88902e+14, 2.8104e+15, 9.7593e+10, 3.3994e+15, 3.39481e+16, 6.46498e+08,  0.0867388,  0.0272822
7.65112e+07,    45680.1, 4.40562e+06, 9.90349e+28, 1.79803e+24, 3.9343e+12,      1.302, 8.45188e+28,    0.03468, 9.9204e-06, 3.98015e-15, 2.72287e-70, 5.79068e+14, 2.76347e+15, 9.49985e+10, 3.34263e+15, 3.33362e+16, 6.3915e+08,  0.0884749,  0.0275027
7.76112e+07,    45213.8, 4.37558e+06, 1.02765e+29, 1.83435e+24, 3.99994e+12,    1.32401, 7.90658e+28,    0.03468, 9.55411e-06, 3.43816e-15, 1.97425e-70, 5.6925e+14, 2.71661e+15, 9.24344e+10, 3.28595e+15, 3.26979e+16, 6.31771e+08,  0.0902542,  0.0277167
7.87112e+07,    44745.2, 4.3453e+06, 1.06564e+29, 1.86996e+24,  4.066e+12,    1.34673, 7.38892e+28,    0.03468, 9.19606e-06, 2.96333e-15, 1.42444e-70, 5.59452e+14, 2.66985e+15, 8.9902e+10, 3.22939e+15, 3.20355e+16, 6.24365e+08,  0.0920793,  0.0279243
7.98112e+07,    44274.6, 4.31477e+06, 1.10429e+29, 1.90482e+24, 4.13251e+12,    1.37019, 6.89809e+28,    0.03468, 8.84631e-06, 2.54835e-15, 1.02268e-70, 5.49678e+14, 2.62321e+15, 8.74021e+10, 3.17297e+15, 3.13511e+16, 6.16934e+08,  0.0939531,  0.0281254
8.09112e+07,    43801.9, 4.28401e+06, 1.1436e+29, 1.93892e+24, 4.19947e+12,    1.39442, 6.43325e+28,    0.03468, 8.50493e-06, 2.18654e-15,          0, 5.39933e+14, 2.5767e+15, 8.4936e+10, 3.11672e+15, 3.06472e+16, 6.09481e+08,  0.0958786,    0.02832
8.20112e+07,    43327.4, 4.25302e+06, 1.18356e+29, 1.97224e+24, 4.26689e+12,    1.41945, 5.99355e+28,    0.03468, 8.17197e-06, 1.87186e-15,          0, 5.30221e+14, 2.53035e+15, 8.25046e+10, 3.06065e+15, 2.99258e+16, 6.02008e+08,  0.0978588,  0.0285081
8.31112e+07,    42851.3, 4.2218e+06, 1.22416e+29, 2.00476e+24, 4.33477e+12,    1.44531, 5.57812e+28,    0.03468, 7.84745e-06, 1.59883e-15,          0, 5.20544e+14, 2.48417e+15, 8.01087e+10, 3.0048e+15, 2.91891e+16, 5.94517e+08,  0.0998971,  0.0286897
8.42112e+07,    42373.5, 4.19036e+06, 1.26539e+29, 2.03645e+24, 4.40314e+12,    1.47202, 5.18609e+28,    0.03468, 7.53141e-06, 1.3625e-15,          0, 5.10908e+14, 2.43819e+15, 7.77492e+10, 2.94917e+15, 2.84394e+16, 5.87011e+08,   0.101997,  0.0288649
8.53112e+07,    41894.4, 4.15871e+06, 1.30723e+29, 2.06732e+24,  4.472e+12,    1.49961, 4.81657e+28,    0.03468, 7.22383e-06, 1.15845e-15,          0, 5.01316e+14, 2.39241e+15, 7.54268e+10, 2.8938e+15, 2.76787e+16, 5.79493e+08,   0.104162,  0.0290335
8.64112e+07,      41414, 4.12686e+06, 1.34968e+29, 2.09734e+24, 4.54136e+12,    1.52813, 4.4687e+28,    0.03468, 6.92472e-06, 9.82699e-16,          0, 4.91772e+14, 2.34686e+15, 7.31424e+10, 2.83871e+15, 2.69091e+16, 5.71964e+08,   0.106396,  0.0291957
8.75112e+07,    40932.5, 4.09481e+06, 1.39272e+29, 2.12652e+24, 4.61123e+12,     1.5576, 4.14159e+28,    0.03468, 6.63405e-06, 8.31684e-16,          0, 4.8228e+14, 2.30156e+15, 7.08965e+10, 2.78391e+15, 2.61327e+16, 5.64427e+08,   0.108704,  0.0293515
8.86112e+07,      40450, 4.06257e+06, 1.43634e+29, 2.15483e+24, 4.68163e+12,    1.58806, 3.83436e+28,    0.03468, 6.35179e-06, 7.02242e-16,          0, 4.72842e+14, 2.25652e+15, 6.86897e+10, 2.72943e+15, 2.53514e+16, 5.56885e+08,   0.111089,  0.0295008
8.97112e+07,    39966.7, 4.03014e+06, 1.48052e+29, 2.18229e+24, 4.75256e+12,    1.61955, 3.54615e+28,    0.03468, 6.07789e-06, 5.91565e-16,          0, 4.63463e+14, 2.21176e+15, 6.65226e+10, 2.67529e+15, 2.45671e+16, 5.49339e+08,   0.113556,  0.0296437
9.08112e+07,    39482.6, 3.99753e+06, 1.52526e+29, 2.20888e+24, 4.82404e+12,    1.65211, 3.2761e+28,    0.03468, 5.8123e-06, 4.97164e-16,          0, 4.54145e+14, 2.16729e+15, 6.43957e+10, 2.6215e+15, 2.37817e+16, 5.41792e+08,    0.11611,  0.0297802
9.19112e+07,      38998, 3.96475e+06, 1.57053e+29, 2.23461e+24, 4.89607e+12,    1.68578, 3.02337e+28,    0.03468, 5.55495e-06, 4.16844e-16,          0, 4.44892e+14, 2.12314e+15, 6.23093e+10, 2.56809e+15, 2.29969e+16, 5.34247e+08,   0.118756,  0.0299103
9.30112e+07,    38512.9, 3.9318e+06, 1.61633e+29, 2.25947e+24, 4.96867e+12,     1.7206, 2.78713e+28,    0.03468, 5.30577e-06, 3.48673e-16,          0, 4.35707e+14, 2.0793e+15, 6.02638e+10, 2.51507e+15, 2.22144e+16, 5.26705e+08,     0.1215,  0.0300341
9.41112e+07,    38027.5, 3.89869e+06, 1.66264e+29, 2.28348e+24, 5.04186e+12,    1.75662, 2.56656e+28,    0.03468, 5.06466e-06, 2.90958e-16,          0, 4.26594e+14, 2.03581e+15, 5.82595e+10, 2.46246e+15, 2.14358e+16, 5.19169e+08,   0.124348,  0.0301515
9.52112e+07,    37541.9, 3.86543e+06, 1.70944e+29, 2.30663e+24, 5.11564e+12,    1.79388, 2.36087e+28,    0.03468, 4.83154e-06, 2.42216e-16,          0, 4.17554e+14, 1.99267e+15, 5.62968e+10, 2.41028e+15, 2.06627e+16, 5.11641e+08,   0.127305,  0.0302626
9.63112e+07,    37056.3, 3.83203e+06, 1.75672e+29, 2.32894e+24, 5.19002e+12,    1.83244, 2.16929e+28,    0.03468, 4.6063e-06, 2.01155e-16,          0, 4.0859e+14, 1.94989e+15, 5.43756e+10, 2.35854e+15, 1.98965e+16, 5.04122e+08,   0.130378,  0.0303674
9.74112e+07,    36570.7, 3.79848e+06, 1.80446e+29, 2.35041e+24, 5.26503e+12,    1.87234, 1.99106e+28,    0.03468, 4.38883e-06, 1.66651e-16,          0, 3.99706e+14, 1.9075e+15, 5.24963e+10, 2.30726e+15, 1.91386e+16, 4.96616e+08,   0.133574,   0.030466
9.85112e+07,    36085.4, 3.7648e+06, 1.85265e+29, 2.37105e+24, 5.34067e+12,    1.91365, 1.82545e+28,    0.03468, 4.17901e-06, 1.3773e-16,          0, 3.90905e+14, 1.86549e+15, 5.06589e+10, 2.25645e+15, 1.83902e+16, 4.89125e+08,     0.1369,  0.0305584
9.96112e+07,    35600.4, 3.73099e+06, 1.90127e+29, 2.39087e+24, 5.41695e+12,    1.95642, 1.67174e+28,    0.03468, 3.97672e-06, 1.13549e-16,          0, 3.82187e+14, 1.82389e+15, 4.88635e+10, 2.20613e+15, 1.76525e+16, 4.81649e+08,   0.140365,  0.0306446
1.00711e+08,    35115.8, 3.69705e+06, 1.9503e+29, 2.40989e+24, 5.4939e+12,    2.00071, 1.52926e+28,    0.03468, 3.78183e-06, 9.33837e-17,          0, 3.73557e+14, 1.7827e+15,  4.711e+10, 2.15631e+15, 1.69266e+16, 4.74192e+08,   0.143976,  0.0307247
1.01811e+08,    34631.9,  3.663e+06, 1.99973e+29, 2.42812e+24, 5.57152e+12,    2.04658, 1.39735e+28,    0.03468, 3.5942e-06, 7.66095e-17,          0, 3.65016e+14, 1.74194e+15, 4.53984e+10,  2.107e+15, 1.62136e+16, 4.66755e+08,   0.147742,  0.0307987
1.02911e+08,    34148.6, 3.62885e+06, 2.04954e+29, 2.44556e+24, 5.64983e+12,    2.09409, 1.27537e+28,    0.03468, 3.41369e-06, 6.26918e-17,          0, 3.56566e+14, 1.70162e+15, 4.37285e+10, 2.05823e+15, 1.55143e+16, 4.59341e+08,   0.151673,  0.0308666
1.04011e+08,    33666.1, 3.59459e+06, 2.09971e+29, 2.46225e+24, 5.72885e+12,    2.14333, 1.1627e+28,    0.03468, 3.24015e-06, 5.11739e-17,          0, 3.48209e+14, 1.66174e+15, 4.21004e+10, 2.00999e+15, 1.48296e+16, 4.5195e+08,   0.155779,  0.0309285
1.05111e+08,    33184.6, 3.56023e+06, 2.15022e+29, 2.47819e+24, 5.80858e+12,    2.19436, 1.05877e+28,    0.03468, 3.07344e-06, 4.16667e-17,          0, 3.39949e+14, 1.62232e+15, 4.05137e+10, 1.96231e+15, 1.41602e+16, 4.44586e+08,    0.16007,  0.0309844
1.06211e+08,    32704.2, 3.52578e+06, 2.20106e+29, 2.49341e+24, 5.88906e+12,    2.24727, 9.63007e+27,    0.03468, 2.9134e-06, 3.38396e-17,          0, 3.31785e+14, 1.58336e+15, 3.89683e+10, 1.91518e+15, 1.35068e+16, 4.3725e+08,   0.164558,  0.0310345
1.07311e+08,    32224.9, 3.49125e+06, 2.25221e+29, 2.50792e+24, 5.97028e+12,    2.30212, 8.74887e+27,    0.03468, 2.75988e-06, 2.74124e-17,          0, 3.23721e+14, 1.54487e+15, 3.74639e+10, 1.86863e+15, 1.28701e+16, 4.29943e+08,   0.169255,  0.0310787
1.08411e+08,    31746.9, 3.45664e+06, 2.30365e+29, 2.52173e+24, 6.05227e+12,      2.359, 7.93896e+27,    0.03468, 2.61271e-06, 2.21488e-17,          0, 3.15757e+14, 1.50687e+15, 3.60002e+10, 1.82266e+15, 1.22504e+16, 4.22668e+08,   0.174174,   0.031117
1.09511e+08,    31270.2, 3.42195e+06, 2.35536e+29, 2.53487e+24, 6.13504e+12,    2.41802, 7.1955e+27,    0.03468, 2.47174e-06, 1.78494e-17,          0, 3.07896e+14, 1.46935e+15, 3.45769e+10, 1.77728e+15, 1.16483e+16, 4.15427e+08,   0.179329,  0.0311496
1.10611e+08,    30795.1, 3.3872e+06, 2.40732e+29, 2.54736e+24, 6.21862e+12,    2.47925, 6.51388e+27,    0.03468, 2.3368e-06, 1.43469e-17,          0, 3.00138e+14, 1.43233e+15, 3.31936e+10, 1.7325e+15, 1.1064e+16, 4.0822e+08,   0.184735,  0.0311765
1.11711e+08,    30321.6, 3.35239e+06, 2.45951e+29, 2.55922e+24, 6.30302e+12,     2.5428, 5.88974e+27,    0.03468, 2.20773e-06, 1.15013e-17,          0, 2.92486e+14, 1.39581e+15, 3.18499e+10, 1.68833e+15, 1.04979e+16, 4.0105e+08,   0.190408,  0.0311977
1.12811e+08,    29849.8, 3.31752e+06, 2.51192e+29, 2.57047e+24, 6.38825e+12,    2.60877, 5.31895e+27,    0.03468, 2.08436e-06, 9.19558e-18,          0, 2.84941e+14, 1.3598e+15, 3.05454e+10, 1.64477e+15, 9.95013e+15, 3.93918e+08,   0.196366,  0.0312134
1.13911e+08,    29379.8, 3.28261e+06, 2.56453e+29, 2.58112e+24, 6.47434e+12,    2.67728, 4.79761e+27,    0.03468, 1.96653e-06, 7.33241e-18,          0, 2.77503e+14, 1.32431e+15, 2.92797e+10, 1.60184e+15, 9.4209e+15, 3.86826e+08,   0.202625,  0.0312235
1.15011e+08,    28911.8, 3.24765e+06, 2.61731e+29, 2.5912e+24, 6.56131e+12,    2.74844, 4.32204e+27,    0.03468, 1.85407e-06, 5.83095e-18,          0, 2.70173e+14, 1.28933e+15, 2.80522e+10, 1.55953e+15, 8.91027e+15, 3.79776e+08,   0.209207,  0.0312281
1.16111e+08,    28445.7, 3.21265e+06, 2.67025e+29, 2.60073e+24, 6.64916e+12,    2.82237, 3.88877e+27,    0.03468, 1.74682e-06, 4.6243e-18,          0, 2.62954e+14, 1.25488e+15, 2.68624e+10, 1.51786e+15, 8.41826e+15, 3.72768e+08,   0.216132,  0.0312273
1.17211e+08,    27981.8, 3.17762e+06, 2.72333e+29, 2.60973e+24, 6.73794e+12,    2.89921, 3.49455e+27,    0.03468, 1.6446e-06, 3.65728e-18,          0, 2.55845e+14, 1.22095e+15, 2.57099e+10, 1.47682e+15, 7.94483e+15, 3.65805e+08,   0.223423,  0.0312212
1.18311e+08,      27520, 3.14257e+06, 2.77652e+29, 2.61821e+24, 6.82765e+12,    2.97908, 3.13632e+27,    0.03468, 1.54727e-06, 2.88445e-18,          0, 2.48848e+14, 1.18756e+15, 2.45941e+10, 1.43643e+15, 7.48989e+15, 3.58888e+08,   0.231105,  0.0312098
1.19411e+08,    27060.6, 3.1075e+06, 2.82982e+29, 2.62621e+24, 6.91831e+12,    3.06214, 2.81122e+27,    0.03468, 1.45464e-06, 2.26856e-18,          0, 2.41962e+14, 1.1547e+15, 2.35143e+10, 1.39668e+15, 7.05332e+15, 3.52018e+08,   0.239204,  0.0311932
1.20511e+08,    26603.6, 3.07241e+06, 2.88319e+29, 2.63374e+24, 7.00995e+12,    3.14853, 2.51657e+27,    0.03468, 1.36657e-06, 1.77914e-18,          0, 2.3519e+14, 1.12238e+15, 2.24701e+10, 1.35759e+15, 6.63491e+15, 3.45196e+08,   0.247749,  0.0311714
1.21611e+08,      26149, 3.03731e+06, 2.93662e+29, 2.64081e+24, 7.1026e+12,    3.23842, 2.24988e+27,    0.03468, 1.28288e-06, 1.39132e-18,          0, 2.2853e+14, 1.0906e+15, 2.14608e+10, 1.31915e+15, 6.23446e+15, 3.38425e+08,   0.256769,  0.0311445
1.22711e+08,      25697, 3.00221e+06, 2.9901e+29, 2.64746e+24, 7.19626e+12,    3.33197, 2.0088e+27,    0.03468, 1.20343e-06, 1.0849e-18,          0, 2.21985e+14, 1.05936e+15, 2.04858e+10, 1.28137e+15, 5.85169e+15, 3.31705e+08,   0.266299,  0.0311126
1.23811e+08,    25247.7, 2.96711e+06, 3.04359e+29, 2.65369e+24, 7.29097e+12,    3.42938, 1.79117e+27,    0.03468, 1.12805e-06, 8.43506e-19,          0, 2.15553e+14, 1.02867e+15, 1.95444e+10, 1.24424e+15, 5.4863e+15, 3.25037e+08,   0.276374,  0.0310757
1.24911e+08,    24801.1, 2.93201e+06, 3.09709e+29, 2.65953e+24, 7.38675e+12,    3.53082, 1.59498e+27,    0.03468, 1.0566e-06, 6.53892e-19,          0, 2.09236e+14, 9.98519e+14, 1.8636e+10, 1.20777e+15, 5.13797e+15, 3.18423e+08,   0.287032,   0.031034
1.26011e+08,    24357.3, 2.89693e+06, 3.15057e+29,  2.665e+24, 7.48363e+12,     3.6365, 1.41835e+27,    0.03468, 9.88908e-07, 5.05395e-19,          0, 2.03033e+14, 9.68918e+14, 1.77599e+10, 1.17197e+15, 4.80632e+15, 3.11863e+08,   0.298316,  0.0309875
1.27111e+08,    23916.4, 2.86186e+06, 3.20401e+29, 2.67011e+24, 7.58163e+12,    3.74664, 1.25956e+27,    0.03468, 9.2484e-07, 3.89447e-19,          0, 1.96945e+14, 9.39864e+14, 1.69155e+10, 1.13683e+15, 4.49096e+15, 3.0536e+08,   0.310271,  0.0309362
1.28211e+08,    23478.5, 2.82682e+06, 3.25739e+29, 2.67489e+24, 7.68077e+12,    3.86146, 1.11699e+27,    0.03468, 8.64247e-07, 2.99188e-19,          0, 1.90971e+14, 9.11356e+14, 1.61021e+10, 1.10234e+15, 4.1915e+15, 2.98913e+08,   0.322946,  0.0308803
1.29311e+08,    23043.6, 2.7918e+06, 3.3107e+29, 2.67934e+24, 7.78109e+12,    3.98119, 9.89167e+26,    0.03468, 8.06985e-07, 2.2914e-19,          0, 1.85112e+14, 8.83396e+14, 1.5319e+10, 1.06852e+15, 3.90749e+15, 2.92525e+08,   0.336394,  0.0308198
1.30411e+08,    22611.8, 2.75682e+06, 3.36391e+29, 2.68349e+24, 7.88261e+12,    4.10611, 8.74732e+26,    0.03468, 7.52914e-07, 1.74947e-19,          0, 1.79368e+14, 8.55982e+14, 1.45655e+10, 1.03536e+15, 3.63848e+15, 2.86195e+08,   0.350673,  0.0307548
1.31511e+08,    22183.2, 2.72188e+06, 3.41701e+29, 2.68735e+24, 7.98536e+12,    4.23648, 7.72425e+26,    0.03468, 7.01897e-07, 1.3315e-19,          0, 1.73737e+14, 8.29113e+14, 1.38409e+10, 1.00286e+15, 3.38402e+15, 2.79926e+08,   0.365847,  0.0306854
1.32611e+08,    21757.9, 2.68697e+06, 3.46997e+29, 2.69094e+24, 8.08937e+12,    4.37258, 6.81092e+26,    0.03468,  6.538e-07, 1.01016e-19,          0, 1.68221e+14, 8.02788e+14, 1.31444e+10, 9.71022e+14, 3.14364e+15, 2.73718e+08,   0.381984,  0.0306116
1.33711e+08,    21335.9, 2.65211e+06, 3.52278e+29, 2.69427e+24, 8.19468e+12,    4.51472, 5.99675e+26,    0.03468, 6.08494e-07, 7.63901e-20,          0, 1.62818e+14, 7.77005e+14, 1.24755e+10, 9.39836e+14, 2.91684e+15, 2.67571e+08,   0.399159,  0.0305335
1.34811e+08,    20917.3, 2.61731e+06, 3.57542e+29, 2.69736e+24, 8.3013e+12,    4.66323, 5.27203e+26,    0.03468, 5.6585e-07, 5.75786e-20,          0, 1.57529e+14, 7.51763e+14, 1.18334e+10, 9.09304e+14, 2.70314e+15, 2.61487e+08,   0.417453,  0.0304513
1.35911e+08,    20502.1, 2.58256e+06, 3.62787e+29, 2.70022e+24, 8.40928e+12,    4.81846, 4.6279e+26,    0.03468, 5.25747e-07, 4.32558e-20,          0, 1.52353e+14, 7.27059e+14, 1.12174e+10, 8.79423e+14, 2.50205e+15, 2.55466e+08,   0.436956,  0.0303649
1.37011e+08,    20090.5, 2.54787e+06, 3.68012e+29, 2.70287e+24, 8.51865e+12,    4.98077, 4.05625e+26,    0.03468, 4.88064e-07, 3.23867e-20,          0, 1.47288e+14, 7.02891e+14, 1.06268e+10, 8.5019e+14, 2.31307e+15, 2.4951e+08,   0.457764,  0.0302744
1.38111e+08,    19682.3, 2.51325e+06, 3.73213e+29, 2.70532e+24, 8.62944e+12,    5.15056, 3.54969e+26,    0.03468, 4.52685e-07, 2.41663e-20,          0, 1.42335e+14, 6.79256e+14, 1.00608e+10, 8.21601e+14, 2.1357e+15, 2.43619e+08,   0.479984,    0.03018
1.39211e+08,    19277.9, 2.4787e+06, 3.7839e+29, 2.70757e+24, 8.74169e+12,    5.32825, 3.1015e+26,    0.03468, 4.19498e-07, 1.79701e-20,          0, 1.37494e+14, 6.5615e+14, 9.51886e+09, 7.93653e+14, 1.96946e+15, 2.37793e+08,   0.503733,  0.0300818
1.40311e+08,      18877, 2.44422e+06, 3.83541e+29, 2.70965e+24, 8.85543e+12,    5.51427, 2.70558e+26,    0.03468, 3.88393e-07, 1.33158e-20,          0, 1.32762e+14, 6.3357e+14, 9.00019e+09, 7.66342e+14, 1.81384e+15, 2.32033e+08,   0.529139,  0.0299797
1.41411e+08,    18479.9, 2.40982e+06, 3.88664e+29, 2.71157e+24, 8.9707e+12,    5.70912, 2.35637e+26,    0.03468, 3.59266e-07, 9.83195e-21,          0, 1.2814e+14, 6.11514e+14, 8.50412e+09, 7.39663e+14, 1.66838e+15, 2.26341e+08,   0.556343,  0.0298739
1.42511e+08,    18086.6, 2.37551e+06, 3.93757e+29, 2.71333e+24, 9.08755e+12,     5.9133, 2.04886e+26,    0.03468, 3.32015e-07, 7.23339e-21,          0, 1.23627e+14, 5.89976e+14, 8.02997e+09, 7.13611e+14, 1.53258e+15, 2.20716e+08,   0.585498,  0.0297644
1.43611e+08,    17697.1, 2.34128e+06, 3.98819e+29, 2.71494e+24, 9.20601e+12,    6.12736, 1.7785e+26,    0.03468, 3.06541e-07, 5.30213e-21,          0, 1.19222e+14, 5.68952e+14, 7.57706e+09, 6.88182e+14, 1.40598e+15, 2.15159e+08,   0.616776,  0.0296514
1.44711e+08,    17311.5, 2.30714e+06, 4.03847e+29, 2.71642e+24, 9.32613e+12,    6.35188, 1.5412e+26,    0.03468, 2.82751e-07, 3.87204e-21,          0, 1.14923e+14, 5.48439e+14, 7.14471e+09, 6.6337e+14, 1.28811e+15, 2.09671e+08,   0.650363,  0.0295349
1.45811e+08,    16929.7, 2.2731e+06, 4.0884e+29, 2.71778e+24, 9.44794e+12,    6.58748, 1.33326e+26,    0.03468, 2.60554e-07, 2.81697e-21,          0, 1.10731e+14, 5.28431e+14, 6.73226e+09, 6.39169e+14, 1.17853e+15, 2.04252e+08,   0.686466,   0.029415
1.46911e+08,      16552, 2.23915e+06, 4.13797e+29, 2.71902e+24, 9.57149e+12,    6.83483, 1.15135e+26,    0.03468, 2.39861e-07, 2.04152e-21,          0, 1.06643e+14, 5.08925e+14, 6.33906e+09, 6.15574e+14, 1.07678e+15, 1.98903e+08,   0.725315,  0.0292918
1.48011e+08,    16178.2, 2.20531e+06, 4.18716e+29, 2.72015e+24, 9.69684e+12,    7.09465, 9.92486e+25,    0.03468, 2.2059e-07, 1.47374e-21,          0, 1.0266e+14, 4.89914e+14, 5.96445e+09, 5.92579e+14, 9.82455e+14, 1.93624e+08,   0.767162,  0.0291653
1.49111e+08,    15808.4, 2.17158e+06, 4.23595e+29, 2.72118e+24, 9.82402e+12,    7.36772, 8.5399e+25,    0.03468, 2.02659e-07, 1.05964e-21,          0, 9.87788e+13, 4.71393e+14, 5.60779e+09, 5.70178e+14, 8.95123e+14, 1.88414e+08,   0.812288,  0.0290357
1.50211e+08,    15442.7, 2.13796e+06, 4.28433e+29, 2.72212e+24, 9.95309e+12,    7.65484, 7.33464e+25,    0.03468, 1.85991e-07, 7.58814e-22,          0, 9.49996e+13, 4.53358e+14, 5.26847e+09, 5.48363e+14, 8.14384e+14, 1.83276e+08,   0.861004,  0.0289031
1.51311e+08,      15081, 2.10445e+06, 4.33227e+29, 2.72298e+24, 1.00841e+13,    7.95692, 6.28763e+25,    0.03468, 1.70513e-07, 5.41148e-22,          0, 9.13209e+13, 4.35802e+14, 4.94586e+09, 5.27128e+14, 7.39847e+14, 1.78209e+08,   0.913656,  0.0287674
1.52411e+08,    14723.5, 2.07106e+06, 4.37978e+29, 2.72375e+24, 1.02171e+13,    8.27491, 5.37975e+25,    0.03468, 1.56155e-07, 3.84299e-22,          0, 8.77415e+13, 4.18721e+14, 4.63935e+09, 5.06467e+14, 6.71136e+14, 1.73213e+08,   0.970629,  0.0286288
1.53511e+08,    14370.2, 2.03779e+06, 4.42682e+29, 2.72446e+24, 1.03522e+13,    8.60983, 4.59398e+25,    0.03468, 1.42848e-07, 2.71744e-22,          0, 8.42602e+13, 4.02107e+14, 4.34835e+09, 4.86372e+14, 6.0789e+14, 1.68289e+08,    1.03235,  0.0284874
1.54611e+08,      14021, 2.00464e+06, 4.4734e+29, 2.72509e+24, 1.04893e+13,    8.96279, 3.91517e+25,    0.03468, 1.30528e-07, 1.91316e-22,          0, 8.08756e+13, 3.85955e+14, 4.07227e+09, 4.66835e+14, 5.49761e+14, 1.63436e+08,    1.09931,  0.0283433
1.55711e+08,    13676.1, 1.97162e+06, 4.51948e+29, 2.72567e+24, 1.06287e+13,    9.33499, 3.32988e+25,    0.03468, 1.19134e-07, 1.34093e-22,          0, 7.75866e+13, 3.70259e+14, 3.81055e+09, 4.4785e+14, 4.96414e+14, 1.58656e+08,    1.17203,  0.0281965
1.56811e+08,    13335.3, 1.93874e+06, 4.56506e+29, 2.72619e+24, 1.07702e+13,    9.72771, 2.82623e+25,    0.03468, 1.08607e-07, 9.35581e-23,          0, 7.43918e+13, 3.55013e+14, 3.56261e+09, 4.29408e+14, 4.47533e+14, 1.53947e+08,    1.25112,  0.0280471
1.57911e+08,    12998.9, 1.90599e+06, 4.61013e+29, 2.72665e+24, 1.09141e+13,    10.1423, 2.39368e+25,    0.03468, 9.88923e-08, 6.49741e-23,          0, 7.12898e+13, 3.40209e+14, 3.32791e+09, 4.11502e+14, 4.02813e+14, 1.49311e+08,    1.33726,  0.0278952
1.59011e+08,    12666.7, 1.87338e+06, 4.65467e+29, 2.72707e+24, 1.10603e+13,    10.5804, 2.02295e+25,    0.03468, 8.99368e-08, 4.49094e-23,          0, 6.82792e+13, 3.25842e+14, 3.10592e+09, 3.94125e+14, 3.61964e+14, 1.44748e+08,     1.4312,  0.0277409
1.60111e+08,    12338.8, 1.8409e+06, 4.69867e+29, 2.72745e+24, 1.12089e+13,    11.0435, 1.70586e+25,    0.03468, 8.16904e-08, 3.08907e-23,          0, 6.53588e+13, 3.11905e+14, 2.8961e+09, 3.77267e+14, 3.2471e+14, 1.40257e+08,     1.5338,  0.0275842
1.61211e+08,    12015.2, 1.80857e+06, 4.74211e+29, 2.72779e+24, 1.13601e+13,    11.5335, 1.43523e+25,    0.03468, 7.41056e-08, 2.11429e-23,          0, 6.2527e+13, 2.98392e+14, 2.69796e+09, 3.60921e+14, 2.90791e+14, 1.35839e+08,    1.64602,  0.0274253
1.62311e+08,    11695.9, 1.77639e+06, 4.78499e+29, 2.72809e+24, 1.15138e+13,    12.0521, 1.20475e+25,    0.03468, 6.71375e-08, 1.43979e-23,          0, 5.97825e+13, 2.85294e+14, 2.51099e+09, 3.45079e+14, 2.59959e+14, 1.31494e+08,    1.76897,  0.0272642
1.63411e+08,      11381, 1.74436e+06, 4.82729e+29, 2.72836e+24, 1.16702e+13,    12.6016, 1.00889e+25,    0.03468, 6.07434e-08, 9.75387e-24,          0, 5.71238e+13, 2.72606e+14, 2.33472e+09, 3.29732e+14, 2.31981e+14, 1.27221e+08,    1.90387,   0.027101
1.64511e+08,    11070.4, 1.71248e+06, 4.86901e+29, 2.7286e+24, 1.18294e+13,    13.1841, 8.42828e+24,    0.03468, 5.48833e-08, 6.57274e-24,          0, 5.45494e+13, 2.60321e+14, 2.16866e+09, 3.14872e+14, 2.06635e+14, 1.23021e+08,    2.05214,  0.0269357
1.65611e+08,    10764.2, 1.68075e+06, 4.91012e+29, 2.72882e+24, 1.19914e+13,    13.8022, 7.02354e+24,    0.03468, 4.95191e-08, 4.40504e-24,          0, 5.2058e+13, 2.48431e+14, 2.01236e+09, 3.00491e+14, 1.83714e+14, 1.18893e+08,    2.21539,  0.0267686
1.66711e+08,    10462.4, 1.64918e+06, 4.95062e+29, 2.72901e+24, 1.21563e+13,    14.4585, 5.83806e+24,    0.03468, 4.46152e-08, 2.93582e-24,          0, 4.96479e+13, 2.3693e+14, 1.86538e+09, 2.86579e+14, 1.63024e+14, 1.14838e+08,    2.39543,  0.0265996
1.67811e+08,    10164.9, 1.61778e+06, 4.9905e+29, 2.72918e+24, 1.23242e+13,     15.156, 4.84002e+24,    0.03468, 4.01377e-08, 1.94545e-24,          0, 4.73177e+13, 2.25809e+14, 1.72728e+09, 2.73129e+14, 1.4438e+14, 1.10856e+08,    2.59437,  0.0264287
1.68911e+08,    9871.84, 1.58653e+06, 5.02976e+29, 2.72933e+24, 1.24952e+13,    15.8977, 4.00187e+24,    0.03468, 3.60551e-08, 1.28162e-24,          0, 4.50659e+13, 2.15064e+14, 1.59766e+09, 2.60131e+14, 1.27612e+14, 1.06946e+08,    2.81462,  0.0262562
1.70011e+08,    9583.17, 1.55545e+06, 5.06837e+29, 2.72946e+24, 1.26695e+13,    16.6874, 3.29978e+24,    0.03468, 3.23375e-08, 8.39218e-25,          0, 4.2891e+13, 2.04685e+14, 1.47609e+09, 2.47577e+14, 1.12559e+14, 1.03109e+08,    3.05893,  0.0260821
1.71111e+08,    9298.89, 1.52453e+06, 5.10633e+29, 2.72957e+24, 1.28471e+13,    17.5286, 2.71318e+24,    0.03468, 2.89571e-08, 5.46132e-25,          0, 4.07916e+13, 1.94665e+14, 1.36219e+09, 2.35458e+14, 9.90724e+13, 9.93437e+07,    3.33049,  0.0259063
1.72211e+08,    9019.02, 1.49379e+06, 5.14363e+29, 2.72968e+24, 1.30281e+13,    18.4258, 2.22439e+24,    0.03468, 2.58876e-08, 3.53143e-25,          0, 3.87659e+13, 1.84999e+14, 1.25558e+09, 2.23766e+14, 8.70127e+13, 9.56505e+07,    3.63299,  0.0257292
1.73311e+08,    8743.54, 1.46321e+06, 5.18027e+29, 2.72977e+24, 1.32127e+13,    19.3834, 1.81821e+24,    0.03468, 2.31044e-08, 2.26857e-25,          0, 3.68127e+13, 1.75677e+14, 1.1559e+09, 2.12491e+14, 7.62509e+13, 9.20292e+07,     3.9707,  0.0255506
1.74411e+08,    8472.47, 1.43281e+06, 5.21624e+29, 2.72985e+24, 1.3401e+13,    20.4066, 1.48163e+24,    0.03468, 2.05847e-08, 1.44751e-25,          0, 3.49303e+13, 1.66694e+14, 1.06279e+09, 2.01625e+14, 6.66672e+13, 8.84797e+07,    4.34861,  0.0253707
1.75511e+08,     8205.8, 1.40259e+06, 5.25152e+29, 2.72991e+24, 1.35931e+13,    21.5009, 1.20354e+24,    0.03468, 1.8307e-08, 9.17205e-26,          0, 3.31172e+13, 1.58042e+14, 9.7591e+08, 1.9116e+14, 5.81509e+13, 8.50016e+07,    4.77251,  0.0251895
1.76611e+08,    7943.52, 1.37254e+06, 5.28612e+29, 2.72997e+24, 1.37892e+13,    22.6725, 9.74448e+23,    0.03468, 1.62513e-08, 5.77025e-26,          0, 3.13718e+13, 1.49713e+14, 8.9493e+08, 1.81085e+14, 5.05996e+13, 8.15949e+07,     5.2492,  0.0250071
1.77711e+08,    7685.64, 1.34267e+06, 5.32002e+29, 2.73003e+24, 1.39894e+13,    23.9282, 7.86308e+23,    0.03468, 1.4399e-08, 3.60335e-26,          0, 2.96928e+13,  1.417e+14, 8.19534e+08, 1.71394e+14, 4.39189e+13, 7.82593e+07,    5.78667,  0.0248237
1.78811e+08,    7432.14, 1.31298e+06, 5.35322e+29, 2.73007e+24, 1.41938e+13,    25.2756, 6.32286e+23,    0.03468, 1.27328e-08, 2.23305e-26,          0, 2.80786e+13, 1.33996e+14, 7.49418e+08, 1.62076e+14, 3.80222e+13, 7.49945e+07,    6.39435,  0.0246392
1.79911e+08,    7183.03, 1.28348e+06, 5.38571e+29, 2.73011e+24, 1.44027e+13,     26.723, 5.06607e+23,    0.03468, 1.12366e-08, 1.37297e-26,          0, 2.65276e+13, 1.26595e+14, 6.8429e+08, 1.53123e+14, 3.28297e+13, 7.18003e+07,    7.08338,  0.0244538
1.81011e+08,    6938.29, 1.25415e+06, 5.41749e+29, 2.73014e+24, 1.46162e+13,    28.2797, 4.04401e+23,    0.03468, 9.89535e-09, 8.37283e-27,          0, 2.50383e+13, 1.19488e+14, 6.23869e+08, 1.44527e+14, 2.82686e+13, 6.86764e+07,    7.86704,  0.0242674
1.82111e+08,    6697.92, 1.22502e+06, 5.44856e+29, 2.73017e+24, 1.48345e+13,    29.9561, 3.21574e+23,    0.03468, 8.69531e-09, 5.06305e-27,          0, 2.36094e+13, 1.12669e+14, 5.67884e+08, 1.36278e+14, 2.42721e+13, 6.56227e+07,    8.76114,  0.0240803
1.83211e+08,    6461.91, 1.19607e+06, 5.4789e+29, 2.7302e+24, 1.50577e+13,    31.7638, 2.54692e+23,    0.03468, 7.62361e-09, 3.03492e-27,          0, 2.22392e+13, 1.0613e+14, 5.16077e+08, 1.28369e+14, 2.07795e+13, 6.26387e+07,    9.78466,  0.0238924
1.84311e+08,    6230.24, 1.16731e+06, 5.50852e+29, 2.73022e+24, 1.52861e+13,    33.7155, 2.00887e+23,    0.03468, 6.66842e-09, 1.80276e-27,          0, 2.09263e+13, 9.98645e+13, 4.68201e+08, 1.20791e+14, 1.77354e+13, 5.97243e+07,    10.9605,  0.0237039
1.85411e+08,    6002.92, 1.13874e+06, 5.53741e+29, 2.73024e+24, 1.55199e+13,    35.8258, 1.5777e+23,    0.03468, 5.8188e-09, 1.06081e-27,          0, 1.96693e+13, 9.38656e+13, 4.24019e+08, 1.13535e+14, 1.50896e+13, 5.6879e+07,    12.3162,  0.0235147
1.86511e+08,    5779.92, 1.11036e+06, 5.56557e+29, 2.73025e+24, 1.57593e+13,    38.1109, 1.23356e+23,    0.03468, 5.06466e-09, 6.18133e-28,          0, 1.84666e+13, 8.81263e+13, 3.83304e+08, 1.06593e+14, 1.27965e+13, 5.41028e+07,    13.8855,   0.023325
1.87611e+08,    5561.23, 1.08217e+06,  5.593e+29, 2.73026e+24, 1.60046e+13,     40.589, 9.60023e+22,    0.03468, 4.39675e-09, 3.56539e-28,          0, 1.73169e+13, 8.26395e+13, 3.4584e+08, 9.99568e+13, 1.08151e+13, 5.13951e+07,    15.7095,  0.0231348
1.88711e+08,    5346.85, 1.05418e+06, 5.61969e+29, 2.73027e+24, 1.6256e+13,    43.2808, 7.43544e+22,    0.03468, 3.80654e-09, 2.03484e-28,          0, 1.62187e+13, 7.73985e+13, 3.1142e+08, 9.36175e+13, 9.10822e+12, 4.87559e+07,    17.8389,  0.0229443
1.89811e+08,    5136.75, 1.02638e+06, 5.64564e+29, 2.73028e+24, 1.65138e+13,    46.2094, 5.7299e+22,    0.03468, 3.28622e-09, 1.14858e-28,          0, 1.51705e+13, 7.23965e+13, 2.79848e+08, 8.75672e+13, 7.64256e+12, 4.63925e+07,    20.1164,   0.022769
1.90911e+08,    4930.93,     998776, 5.67085e+29, 2.73029e+24, 1.67783e+13,    49.4012, 4.39247e+22,    0.03468, 2.82864e-09, 6.40898e-29,          0, 1.4171e+13, 6.76267e+13, 2.50936e+08, 8.17979e+13, 6.38822e+12, 4.40862e+07,    22.7639,  0.0225935
1.92011e+08,    4729.37,     971370, 5.69532e+29, 2.7303e+24, 1.70498e+13,    52.8862, 3.34882e+22,    0.03468, 2.42727e-09, 3.53343e-29,          0, 1.32188e+13, 6.30825e+13, 2.24506e+08, 7.63015e+13, 5.31844e+12, 4.18369e+07,     25.855,  0.0224179
1.93111e+08,    4532.06,     944160, 5.71906e+29, 2.7303e+24, 1.73287e+13,    56.6987, 2.53857e+22,    0.03468, 2.07613e-09, 1.92373e-29,          0, 1.23124e+13, 5.87573e+13, 2.00388e+08, 7.10699e+13, 4.40934e+12, 3.96443e+07,    29.4807,  0.0222421
1.94211e+08,    4338.97,     917149, 5.74205e+29, 2.73031e+24, 1.76152e+13,    60.8776, 1.91285e+22,    0.03468, 1.76979e-09, 1.03366e-29,          0, 1.14506e+13, 5.46446e+13, 1.78422e+08, 6.60954e+13, 3.63971e+12, 3.75082e+07,    33.7549,  0.0220662
1.95311e+08,    4150.09,     890336, 5.7643e+29, 2.73031e+24, 1.79099e+13,    65.4678, 1.43234e+22,    0.03468, 1.50331e-09, 5.47802e-30,          0, 1.0632e+13, 5.07379e+13, 1.58455e+08, 6.13701e+13, 2.99069e+12, 3.54284e+07,    38.8199,  0.0218904
1.96411e+08,    3965.42,     863723, 5.78582e+29, 2.73031e+24, 1.82131e+13,    70.5208, 1.06548e+22,    0.03468, 1.27222e-09, 2.86142e-30,          0, 9.85522e+12, 4.7031e+13, 1.40342e+08, 5.68863e+13, 2.44565e+12, 3.34047e+07,    44.8562,  0.0217145
1.97511e+08,    3784.92,     837310, 5.80659e+29, 2.73032e+24, 1.85253e+13,    76.0963, 7.87109e+21,    0.03468, 1.07245e-09, 1.47209e-30,          0, 9.11897e+12, 4.35174e+13, 1.23947e+08, 5.26365e+13, 1.98988e+12, 3.14369e+07,    52.0935,  0.0215387
1.98611e+08,    3608.58,     811098, 5.82664e+29, 2.73032e+24, 1.88469e+13,    82.2632, 5.7724e+21,    0.03468, 9.00337e-10, 7.45301e-31,          0, 8.42196e+12, 4.01911e+13, 1.0914e+08, 4.86132e+13, 1.61049e+12, 2.95248e+07,    60.8269,  0.0213631
1.99711e+08,     3436.4,     785086, 5.84595e+29, 2.73032e+24, 1.91786e+13,     89.102, 4.20085e+21,    0.03468, 7.52573e-10, 3.71021e-31,          0, 7.76289e+12, 3.7046e+13, 9.57987e+07, 4.4809e+13, 1.29618e+12, 2.76683e+07,    71.4394,  0.0211876
2.00811e+08,    3268.34,     759276, 5.86453e+29, 2.73032e+24, 1.95207e+13,    96.7064, 3.03244e+21,    0.03468, 6.26184e-10, 1.81436e-31,          0, 7.14052e+12, 3.40759e+13, 8.38088e+07, 4.12165e+13, 1.03709e+12, 2.58672e+07,    84.4326,  0.0210124
2.01821e+08,    3117.65,     735756, 5.88095e+29, 2.73032e+24, 1.98448e+13,    104.457, 2.23124e+21,    0.03468, 5.26669e-10, 9.25268e-32,          0, 6.60031e+12, 3.14979e+13, 7.38966e+07, 3.80983e+13, 8.40445e+11, 2.41215e+07,     100.47,  0.0208374
2.02831e+08,    2970.42,     712406, 5.89676e+29, 2.73032e+24, 2.01788e+13,    113.045, 1.62924e+21,    0.03468, 4.41066e-10, 4.64014e-32,          0, 6.08904e+12, 2.9058e+13, 6.4953e+07, 3.51471e+13, 6.7733e+11, 2.24309e+07,    120.441,  0.0206627
2.03841e+08,    2826.63,     689226, 5.91197e+29, 2.73032e+24, 2.05233e+13,    122.588, 1.1801e+21,    0.03468, 3.67698e-10, 2.28615e-32,          0, 5.60576e+12, 2.67517e+13, 5.69031e+07, 3.23575e+13, 5.42694e+11, 2.07955e+07,    145.549,  0.0204884
2.04851e+08,    2686.28,     666217, 5.92658e+29, 2.73032e+24, 2.08789e+13,    133.222, 8.47511e+20,    0.03468, 3.05062e-10, 1.10545e-32,          0, 5.14955e+12, 2.45746e+13, 4.96766e+07, 2.97242e+13, 4.32142e+11, 1.92152e+07,    177.451,  0.0203146
2.05861e+08,    2549.34,     643378, 5.94059e+29, 2.73033e+24, 2.12464e+13,    145.108, 6.03172e+20,    0.03468, 2.51808e-10, 5.24022e-33,          0, 4.71951e+12, 2.25224e+13, 4.32072e+07, 2.72419e+13, 3.41865e+11,  1.769e+07,    218.456,  0.0201412
2.06871e+08,     2415.8,     620711,  5.954e+29, 2.73033e+24, 2.16264e+13,    158.437, 4.25171e+20,    0.03468, 2.06726e-10, 2.43219e-33,          0, 4.31473e+12, 2.05907e+13, 3.74324e+07, 2.49055e+13, 2.68575e+11, 1.62199e+07,    271.836,  0.0199683
2.07881e+08,    2285.66,     598214, 5.96683e+29, 2.73033e+24, 2.20199e+13,    173.435, 2.9665e+20,    0.03468, 1.68738e-10, 1.10381e-33,          0, 3.93434e+12, 1.87754e+13, 3.22936e+07, 2.27098e+13, 2.09443e+11, 1.48051e+07,    342.318,   0.019796
2.08891e+08,    2158.91,     575888, 5.97908e+29, 2.73033e+24, 2.24275e+13,    190.374, 2.04732e+20,    0.03468, 1.36887e-10, 4.89097e-34,          0, 3.57746e+12, 1.70723e+13, 2.77358e+07, 2.06498e+13, 1.62048e+11, 1.34456e+07,    436.864,  0.0196243
2.09901e+08,    2035.53,     553732, 5.99075e+29, 2.73033e+24, 2.28504e+13,    209.581, 1.39658e+20,    0.03468, 1.10319e-10, 2.11241e-34,          0, 3.24324e+12, 1.54774e+13, 2.37076e+07, 1.87206e+13, 1.24328e+11, 1.21418e+07,    565.958,  0.0194533
2.10911e+08,    1915.51,     531747, 6.00185e+29, 2.73033e+24, 2.32896e+13,    231.451, 9.40841e+19,    0.03468, 8.82836e-11, 8.87671e-35,          0, 2.93085e+12, 1.39865e+13, 2.01609e+07, 1.69174e+13, 9.45309e+10, 1.08938e+07,    745.803,  0.0192829
2.11921e+08,    1798.85,     509932, 6.01238e+29, 2.73033e+24, 2.37464e+13,    256.466, 6.2537e+19,    0.03468, 7.01165e-11, 3.62183e-35,          0, 2.63944e+12, 1.25959e+13, 1.70506e+07, 1.52353e+13, 7.11827e+10, 9.70219e+06,    1002.16,  0.0191134
2.12931e+08,    1685.54,     488287, 6.02236e+29, 2.73033e+24, 2.4222e+13,    285.221, 4.0971e+19,    0.03468, 5.52353e-11, 1.43158e-35,          0, 2.3682e+12, 1.13015e+13, 1.43348e+07, 1.36697e+13, 5.30451e+10, 8.56734e+06,    1377.35,  0.0189446
2.13941e+08,    1575.58,     466812, 6.03178e+29, 2.73033e+24, 2.47181e+13,    318.447, 2.64258e+19,    0.03468, 4.31305e-11, 5.46773e-36,          0, 2.11634e+12, 1.00996e+13, 1.19745e+07, 1.22159e+13, 3.90862e+10, 7.48996e+06,    1943.61,  0.0187767
2.14951e+08,    1468.96,     445506, 6.04066e+29, 2.73033e+24, 2.52361e+13,    357.061, 1.67579e+19,    0.03468, 3.3358e-11, 2.01207e-36,          0, 1.88307e+12, 8.98635e+12, 9.93359e+06, 1.08694e+13, 2.84511e+10, 6.47085e+06,    2829.82,  0.0186097
2.15961e+08,    1365.67,     424370, 6.04901e+29, 2.73033e+24, 2.57782e+13,    402.217, 1.04329e+19,    0.03468, 2.55329e-11, 7.11059e-37,          0, 1.6676e+12, 7.95811e+12, 8.17842e+06, 9.62572e+12, 2.04365e+10, 5.51108e+06,    4278.31,  0.0184437
2.16971e+08,    1265.71,     403402, 6.05684e+29, 2.73033e+24, 2.63465e+13,    455.382, 6.36568e+18,    0.03468, 1.93226e-11, 2.40421e-37,          0, 1.46919e+12, 7.01124e+12, 6.67797e+06, 8.48043e+12, 1.44682e+10, 4.61195e+06,    6774.68,  0.0182787
2.17981e+08,     1169.1,     382603, 6.06414e+29, 2.73033e+24, 2.69434e+13,    518.443, 3.7992e+18,    0.03468, 1.44418e-11, 7.74441e-38,          0, 1.28707e+12, 6.14214e+12, 5.40362e+06, 7.42922e+12, 1.00814e+10, 3.77517e+06,    11370.9,  0.0181148
2.18991e+08,    1075.82,     361972, 6.07094e+29, 2.73033e+24, 2.75719e+13,    593.857, 2.21296e+18,    0.03468, 1.06467e-11, 2.36487e-38,          0, 1.12052e+12, 5.34731e+12, 4.32902e+06, 6.46783e+12, 6.90268e+09, 3.00291e+06,    20582.4,  0.0179521
2.20001e+08,    985.891,     341508, 6.07724e+29, 2.73033e+24, 2.82352e+13,    684.863, 1.25473e+18,    0.03468, 7.73049e-12, 6.80678e-39,          0, 9.68797e+11, 4.62328e+12, 3.42999e+06, 5.59208e+12, 4.63549e+09, 2.29805e+06,      41250,  0.0177905
2.21011e+08,    899.316,     321211, 6.08306e+29, 2.73033e+24, 2.89372e+13,    795.793, 6.90391e+17,    0.03468, 5.51884e-12, 1.8343e-39,          0, 8.31201e+11, 3.96664e+12, 2.68441e+06, 4.79784e+12, 3.04648e+09, 1.66449e+06,    95564.8,  0.0176302
2.22021e+08,    816.112,     301080, 6.0884e+29, 2.73033e+24, 2.96825e+13,    932.537, 3.67314e+17,    0.03468, 3.8659e-12, 4.59144e-40,          0, 7.07025e+11, 3.37405e+12, 2.07212e+06, 4.08108e+12, 1.95434e+09, 1.10774e+06,     276693,  0.0174713
2.23031e+08,    736.295,     281114, 6.09327e+29, 2.73033e+24, 3.04765e+13,    1103.25, 1.88149e+17,    0.03468, 2.65069e-12, 1.05745e-40,          0, 5.95578e+11, 2.8422e+12, 1.57479e+06, 3.43778e+12, 1.21998e+09,     636194, 1.18086e+06,  0.0173138
2.24041e+08,    659.889,     261314, 6.0977e+29, 2.73033e+24, 3.13257e+13,    1319.43, 9.2305e+16,    0.03468, 1.77376e-12, 2.21533e-41,          0, 4.96177e+11, 2.36785e+12, 1.17581e+06, 2.86403e+12, 7.38299e+08,     264259, 9.80127e+06,  0.0171578
2.25051e+08,    586.924,     241677, 6.10168e+29, 2.73033e+24, 3.22382e+13,    1597.74, 4.30968e+16,    0.03468, 1.15426e-12, 4.16313e-42,          0, 4.08152e+11, 1.94777e+12,     860269, 2.35593e+12, 4.31178e+08,    11732.2,    2.05383,  0.0169868
2.26061e+08,    517.437,     222205, 6.10525e+29, 2.73033e+24, 3.30321e+13,    1962.87, 1.89992e+16,    0.03468, 7.27184e-13, 6.89731e-43,          0, 3.30837e+11, 1.57881e+12,     614754, 1.90965e+12, 2.41637e+08,          0,       -nan,       -nan
2.27071e+08,    451.474,     202894, 6.1084e+29, 2.73033e+24, 3.30321e+13,    2452.59, 7.83021e+15,    0.03468, 4.41049e-13, 9.85689e-44,          0, 2.63576e+11, 1.25783e+12,     427335, 1.52141e+12, 1.29019e+08,          0,       -nan,       -nan
2.28081e+08,    389.093,     183746, 6.11116e+29, 2.73033e+24, 3.30321e+13,    3126.82, 2.9786e+15,    0.03468, 2.55681e-13, 1.18145e-44,          0, 2.05719e+11, 9.81729e+11,     287448, 1.18745e+12, 6.50341e+07,          0,       -nan,       -nan
2.29091e+08,    330.368,     164758, 6.11355e+29, 2.73033e+24, 3.30321e+13,    4084.71, 1.02837e+15,    0.03468, 1.40333e-13, 1.14469e-45,          0, 1.5662e+11, 7.47421e+11,     185813, 9.04041e+11, 3.05763e+07,          0,       -nan,       -nan
2.30101e+08,    275.389,     145930, 6.11557e+29, 2.73033e+24, 3.30321e+13,    5498.94, 3.15001e+14,    0.03468, 7.19952e-14, 8.52865e-47,          0, 1.15637e+11, 5.51839e+11,     114359, 6.67475e+11, 1.31916e+07,          0,       -nan,       -nan
2.31111e+08,    224.271,     127261, 6.11725e+29, 2.73033e+24, 3.30321e+13,    7690.04, 8.29254e+13,    0.03468, 3.39107e-14, 4.55701e-48,          0, 8.21246e+10, 3.91914e+11,      66142, 4.74038e+11, 5.10459e+06,          0,       -nan,       -nan
2.32121e+08,    177.164,     108750, 6.11862e+29, 2.73033e+24, 3.30321e+13,    11302.6,  1.791e+13,    0.03468, 1.42848e-14, 1.57685e-49,          0, 5.54382e+10, 2.64561e+11,    35270.7, 3.19999e+11, 1.71351e+06,          0,       -nan,       -nan
2.33131e+08,    134.262,    90396.2, 6.11968e+29, 2.73033e+24, 3.30321e+13,    17777.4, 2.95364e+12,    0.03468, 5.16808e-15, 3.01842e-51,          0, 3.49226e+10, 1.66657e+11,      16838, 2.0158e+11,     473907,          0,       -nan,       -nan
2.34141e+08,    95.8322,    72197.5, 6.12048e+29, 2.73033e+24, 3.30321e+13,    30835.9, 3.29979e+11,    0.03468, 1.50098e-15, 2.45779e-53,          0, 1.99084e+10, 9.50067e+10,     6851.4, 1.14915e+11,    99095.3,          0,       -nan,       -nan
2.35151e+08,    62.2536,    54153.2, 6.12103e+29, 2.73033e+24, 3.30321e+13,    62381.6, 1.99862e+10,    0.03468, 3.08629e-16, 5.22067e-56,          0, 9.70045e+09, 4.62923e+10,    2168.64, 5.59928e+10,    13350.7,          0,       -nan,       -nan
2.36161e+08,    34.1118,      36262, 6.12136e+29, 2.73033e+24, 3.30321e+13,     166640, 4.00446e+08,    0.03468, 3.40005e-17, 9.78194e-60,          0, 3.55926e+09, 1.69854e+10,    436.009, 2.05447e+10,    812.863,          0,       -nan,       -nan
2.38071e+08,    0.74822,    2841.41, 6.12156e+29, 2.73033e+24, 3.31067e+13, 8.53643e+07, 0.00660472,    0.03468, 2.81153e-23,          0,          0, 6.11741e+06, 2.91934e+07,  0.0164372, 3.53108e+07, 1.49829e-05,          0,       -nan,       -nan
