X = 0.734
Y = 0.25
Z = 0.016
mu = 0.601142
    Radius,    Density,       Temp,       Mass,        Lum,       OptD,        Kff,         KH,        Kes,         PP,        CNO,         3a,        Deg,        Gas,        Rad,    TotPres,       dLdr,     dPdT,      dTRad,     dTConv
         0,          0,          0,          0,          0,          0,       -nan,          0,    0.03468,          0,          0,          0,          0,          0,          0,          0,          0,          0,       -nan,       -nan
      0.01,    68908.1, 5.11682e+06,     288642,    7.85968,    70857.4,    1.02829, 3.99177e+29,    0.03468, 2.72299e-05, 1.17981e-13, 4.48561e-67, 1.14895e+15, 4.84162e+15, 1.72858e+11, 5.99075e+15, 0.00235791, 9.46352e+08, 1.09395e-05, 4.5345e-06
1.0033e+06,    68903.5, 5.11659e+06, 2.91493e+23, 7.93617e+18, 7.1092e+10,     1.0284, 3.99003e+29,    0.03468, 2.72232e-05, 1.17868e-13, 4.47621e-67, 1.14882e+15, 4.84108e+15, 1.72827e+11, 5.99008e+15, 2.37273e+13, 9.46289e+08, 0.00109755, 0.000454926
2.0083e+06,    68889.6, 5.1159e+06, 2.33761e+24, 6.36154e+19, 1.42311e+11,    1.02874, 3.98482e+29,    0.03468, 2.72032e-05, 1.1753e-13, 4.44809e-67, 1.14844e+15, 4.83946e+15, 1.72735e+11, 5.98807e+15, 9.49814e+13, 9.46099e+08, 0.00219688, 0.000910515
3.0133e+06,    68866.5, 5.11476e+06, 7.89454e+24, 2.14683e+20, 2.13542e+11,     1.0293, 3.97614e+29,    0.03468, 2.71697e-05, 1.16969e-13, 4.40158e-67, 1.1478e+15, 4.83675e+15, 1.7258e+11, 5.98472e+15, 2.13495e+14, 9.45781e+08, 0.00329607, 0.00136588
4.0183e+06,    68834.2, 5.11316e+06, 1.87157e+25, 5.08424e+20, 2.84791e+11,    1.03009, 3.96402e+29,    0.03468, 2.7123e-05, 1.16188e-13, 4.33728e-67, 1.1469e+15, 4.83297e+15, 1.72364e+11, 5.98004e+15, 3.78822e+14, 9.45337e+08, 0.00439505, 0.00182092
5.0233e+06,    68792.6, 5.1111e+06, 3.65501e+25, 9.91592e+20, 3.56064e+11,    1.03111, 3.94848e+29,    0.03468, 2.7063e-05, 1.15191e-13, 4.25596e-67, 1.14575e+15, 4.82811e+15, 1.72087e+11, 5.97402e+15, 5.90343e+14, 9.44766e+08, 0.00549373, 0.00227552
6.05984e+06,    68740.1, 5.1085e+06, 6.41368e+25, 1.73709e+21, 4.29606e+11,     1.0324, 3.92893e+29,    0.03468, 2.69873e-05, 1.13943e-13, 4.15533e-67, 1.14429e+15, 4.82197e+15, 1.71737e+11, 5.96643e+15, 8.56056e+14, 9.44045e+08, 0.00662652, 0.00274382
7.15984e+06,    68673.7, 5.10521e+06, 1.05726e+26, 2.85743e+21, 5.07693e+11,    1.03403, 3.90432e+29,    0.03468, 2.68918e-05, 1.12382e-13, 4.03136e-67, 1.14245e+15, 4.8142e+15, 1.71295e+11, 5.95682e+15, 1.18967e+15, 9.43133e+08, 0.00782816,    0.00324
8.25984e+06,    68596.3, 5.10137e+06, 1.62216e+26, 4.37333e+21, 5.85832e+11,    1.03593, 3.87581e+29,    0.03468, 2.67808e-05, 1.10589e-13, 3.8914e-67, 1.1403e+15, 4.80516e+15, 1.7078e+11, 5.94564e+15, 1.57499e+15, 9.4207e+08,  0.0090292, 0.00373525
9.25984e+06,    68516.4, 5.09741e+06, 2.28394e+26, 6.1418e+21, 6.56919e+11,    1.03791, 3.84658e+29,    0.03468, 2.66667e-05, 1.08766e-13, 3.75194e-67, 1.13809e+15, 4.79584e+15, 1.70251e+11, 5.9341e+15, 1.96871e+15, 9.40973e+08,  0.0101205, 0.00418455
1.03598e+07,    68418.2, 5.09254e+06, 3.19566e+26, 8.56654e+21, 7.35179e+11,    1.04034, 3.81086e+29,    0.03468, 2.65268e-05, 1.06562e-13, 3.58697e-67, 1.13537e+15, 4.78439e+15,  1.696e+11, 5.91993e+15, 2.44778e+15, 9.39623e+08,  0.0113202, 0.00467761
1.14598e+07,    68309.1, 5.08712e+06, 4.32137e+26, 1.15438e+22, 8.13514e+11,    1.04306, 3.77153e+29,    0.03468, 2.6372e-05, 1.04163e-13, 3.41199e-67, 1.13235e+15, 4.77168e+15, 1.6888e+11, 5.9042e+15, 2.97295e+15, 9.38125e+08,  0.0125191, 0.00516933
1.25598e+07,    68189.2, 5.08116e+06, 5.68304e+26, 1.51231e+22, 8.91933e+11,    1.04606, 3.7287e+29,    0.03468, 2.62026e-05, 1.01584e-13, 3.22921e-67, 1.12904e+15, 4.75772e+15, 1.68091e+11, 5.88693e+15, 3.54191e+15, 9.36477e+08,  0.0137171, 0.00565956
1.36598e+07,    68058.5, 5.07467e+06, 7.3024e+26, 1.93512e+22, 9.70442e+11,    1.04934, 3.68249e+29,    0.03468, 2.60189e-05, 9.88414e-14, 3.04082e-67, 1.12544e+15, 4.74254e+15, 1.67233e+11, 5.86814e+15, 4.15215e+15, 9.34682e+08,  0.0149142, 0.00614816
1.47598e+07,    67917.1, 5.06764e+06, 9.20096e+26, 2.4272e+22, 1.04905e+12,    1.05291, 3.63305e+29,    0.03468, 2.58213e-05, 9.59518e-14, 2.84898e-67, 1.12154e+15, 4.72613e+15, 1.66308e+11, 5.84784e+15, 4.80098e+15, 9.3274e+08,  0.0161103, 0.00663499
1.58598e+07,    67765.1, 5.06007e+06, 1.13999e+27, 2.99264e+22, 1.12777e+12,    1.05677, 3.58051e+29,    0.03468,  2.561e-05, 9.29326e-14, 2.6558e-67, 1.11736e+15, 4.70851e+15, 1.65317e+11, 5.82604e+15, 5.48558e+15, 9.30652e+08,  0.0173054, 0.00711991
1.69598e+07,    67602.5, 5.05198e+06, 1.39202e+27, 3.63523e+22, 1.2066e+12,    1.06093, 3.52503e+29,    0.03468, 2.53854e-05, 8.98014e-14, 2.46322e-67, 1.1129e+15, 4.68969e+15, 1.64261e+11, 5.80276e+15, 6.20297e+15, 9.28419e+08,  0.0184995, 0.00760279
1.80598e+07,    67429.4, 5.04335e+06, 1.67825e+27, 4.35839e+22, 1.28556e+12,    1.06538, 3.46677e+29,    0.03468, 2.51479e-05, 8.65761e-14, 2.27308e-67, 1.10815e+15, 4.6697e+15, 1.63142e+11, 5.77801e+15, 6.95005e+15, 9.26041e+08,  0.0196925, 0.00808349
1.91598e+07,    67245.8, 5.03419e+06, 2.0007e+27, 5.16521e+22, 1.36465e+12,    1.07013, 3.4059e+29,    0.03468, 2.48978e-05, 8.32744e-14, 2.08703e-67, 1.10313e+15, 4.64853e+15, 1.61961e+11, 5.75183e+15, 7.72361e+15, 9.2352e+08,  0.0208845, 0.00856188
2.02598e+07,      67052, 5.02451e+06, 2.36137e+27, 6.05843e+22, 1.44388e+12,    1.07519, 3.34258e+29,    0.03468, 2.46356e-05, 7.99141e-14, 1.90652e-67, 1.09784e+15, 4.62622e+15, 1.60719e+11, 5.72422e+15, 8.52035e+15, 9.20858e+08,  0.0220755, 0.00903782
2.13598e+07,    66847.9, 5.01431e+06, 2.76223e+27, 7.04041e+22, 1.52326e+12,    1.08056, 3.27699e+29,    0.03468, 2.43618e-05, 7.65126e-14, 1.73282e-67, 1.09227e+15, 4.60277e+15, 1.59417e+11, 5.6952e+15, 9.33689e+15, 9.18054e+08,  0.0232655, 0.00951117
2.24598e+07,    66633.6, 5.00359e+06, 3.20518e+27, 8.11315e+22, 1.60279e+12,    1.08624, 3.20931e+29,    0.03468, 2.40766e-05, 7.3087e-14, 1.56698e-67, 1.08644e+15, 4.57821e+15, 1.58058e+11, 5.66481e+15, 1.01698e+16, 9.15111e+08,  0.0244544, 0.00998182
2.35598e+07,    66409.2, 4.99235e+06, 3.69211e+27, 9.27824e+22, 1.68249e+12,    1.09224, 3.13972e+29,    0.03468, 2.37807e-05, 6.96536e-14, 1.40983e-67, 1.08035e+15, 4.55255e+15, 1.56643e+11, 5.63306e+15, 1.10156e+16, 9.12029e+08,  0.0256425,  0.0104496
2.46598e+07,    66174.9, 4.9806e+06, 4.22486e+27, 1.05369e+23, 1.76237e+12,    1.09856, 3.06841e+29,    0.03468, 2.34745e-05, 6.62281e-14, 1.26203e-67, 1.07401e+15, 4.52581e+15, 1.55173e+11, 5.59997e+15, 1.18708e+16, 9.08811e+08,  0.0268296,  0.0109145
2.57598e+07,    65930.7, 4.96834e+06, 4.80522e+27,  1.189e+23, 1.84243e+12,    1.10522, 2.99555e+29,    0.03468, 2.31585e-05, 6.28256e-14, 1.12399e-67, 1.06741e+15, 4.49801e+15, 1.53651e+11, 5.56557e+15, 1.27319e+16, 9.05457e+08,   0.028016,  0.0113762
2.68598e+07,    65676.8, 4.95558e+06, 5.43494e+27, 1.3338e+23, 1.92268e+12,    1.11221, 2.92134e+29,    0.03468, 2.28331e-05,  5.946e-14, 9.95966e-68, 1.06057e+15, 4.46917e+15, 1.52078e+11, 5.52989e+15, 1.35954e+16, 9.01969e+08,  0.0292017,  0.0118347
2.79598e+07,    65413.2, 4.94231e+06, 6.11572e+27, 1.4881e+23, 2.00314e+12,    1.11954, 2.84597e+29,    0.03468, 2.24988e-05, 5.61444e-14, 8.78046e-68, 1.05348e+15, 4.43931e+15, 1.50456e+11, 5.49294e+15, 1.44579e+16, 8.98348e+08,  0.0303868,  0.0122899
2.90598e+07,    65140.1, 4.92854e+06, 6.84921e+27, 1.65186e+23, 2.0838e+12,    1.12721, 2.7696e+29,    0.03468, 2.21563e-05, 5.28909e-14, 7.70153e-68, 1.04616e+15, 4.40846e+15, 1.48786e+11, 5.45477e+15, 1.53159e+16, 8.94597e+08,  0.0315715,  0.0127416
3.01598e+07,    64857.5, 4.91428e+06, 7.63703e+27, 1.82502e+23, 2.16468e+12,    1.13525, 2.69244e+29,    0.03468, 2.18059e-05, 4.97103e-14, 6.72082e-68, 1.03861e+15, 4.37664e+15, 1.47071e+11, 5.41539e+15, 1.6166e+16, 8.90716e+08,  0.0327559,  0.0131898
3.12598e+07,    64565.7, 4.89952e+06, 8.48071e+27, 2.00747e+23, 2.24578e+12,    1.14364, 2.61466e+29,    0.03468, 2.14483e-05, 4.66125e-14, 5.83512e-68, 1.03083e+15, 4.34386e+15, 1.45313e+11, 5.37484e+15, 1.7005e+16, 8.86707e+08,  0.0339401,  0.0136342
3.23598e+07,    64264.7, 4.88428e+06, 9.38177e+27, 2.19908e+23, 2.32713e+12,     1.1524, 2.53643e+29,    0.03468, 2.10839e-05, 4.36062e-14, 5.04033e-68, 1.02283e+15, 4.31016e+15, 1.43514e+11, 5.33314e+15, 1.78298e+16, 8.82573e+08,  0.0351245,  0.0140748
3.34598e+07,    63954.6, 4.86856e+06, 1.03416e+28, 2.39966e+23, 2.40872e+12,    1.16154, 2.45793e+29,    0.03468, 2.07133e-05, 4.06988e-14, 4.33157e-68, 1.01462e+15, 4.27556e+15, 1.41675e+11, 5.29032e+15, 1.86371e+16, 8.78314e+08,  0.0363091,  0.0145115
3.44598e+07,      63665, 4.85385e+06, 1.12664e+28, 2.58963e+23, 2.48311e+12,    1.17018, 2.38648e+29,    0.03468, 2.03715e-05, 3.81471e-14, 3.75738e-68, 1.00698e+15, 4.24334e+15, 1.3997e+11, 5.25046e+15, 1.93535e+16, 8.74337e+08,  0.0373865,   0.014905
3.55598e+07,    63338.1, 4.83722e+06, 1.23424e+28, 2.80676e+23, 2.56519e+12,    1.18007, 2.30794e+29,    0.03468, 1.99905e-05, 3.54455e-14, 3.1976e-68, 9.98374e+14, 4.20708e+15, 1.38062e+11, 5.2056e+15, 2.01195e+16, 8.69846e+08,  0.0385724,  0.0153339
3.66598e+07,    63002.5, 4.82012e+06, 1.34811e+28, 3.03217e+23, 2.64755e+12,    1.19035, 2.22961e+29,    0.03468, 1.96049e-05, 3.28584e-14, 2.70728e-68, 9.89573e+14,   4.17e+15, 1.3612e+11, 5.15971e+15, 2.08599e+16, 8.65237e+08,  0.0397594,  0.0157585
3.77598e+07,    62658.4, 4.80255e+06, 1.46836e+28, 3.26557e+23, 2.73018e+12,    1.20104, 2.15163e+29,    0.03468, 1.92151e-05, 3.03889e-14, 2.2804e-68, 9.80582e+14, 4.13211e+15, 1.34146e+11, 5.11283e+15, 2.15721e+16, 8.60511e+08,  0.0409477,  0.0161787
3.88598e+07,      62306, 4.78453e+06, 1.59513e+28, 3.50664e+23, 2.81311e+12,    1.21216, 2.07418e+29,    0.03468, 1.88218e-05, 2.80392e-14, 1.91097e-68, 9.71407e+14, 4.09345e+15, 1.32144e+11, 5.06499e+15, 2.22538e+16, 8.5567e+08,  0.0421377,  0.0165946
3.99598e+07,    61945.4, 4.76605e+06, 1.72851e+28, 3.75503e+23, 2.89634e+12,    1.22371, 1.99737e+29,    0.03468, 1.84254e-05, 2.58106e-14, 1.59316e-68, 9.62054e+14, 4.05403e+15, 1.30114e+11, 5.01622e+15, 2.29025e+16, 8.50717e+08,  0.0433298,  0.0170058
4.10598e+07,    61576.7, 4.74712e+06, 1.86862e+28, 4.01037e+23, 2.97988e+12,     1.2357, 1.92135e+29,    0.03468, 1.80265e-05, 2.37033e-14, 1.32137e-68, 9.5253e+14, 4.0139e+15, 1.28059e+11, 4.96656e+15, 2.35165e+16, 8.45653e+08,  0.0445244,  0.0174124
4.21598e+07,    61200.1, 4.72774e+06, 2.01555e+28, 4.27226e+23, 3.06374e+12,    1.24814, 1.84624e+29,    0.03468, 1.76255e-05, 2.1717e-14, 1.09029e-68, 9.42841e+14, 3.97307e+15, 1.25981e+11, 4.91604e+15, 2.40936e+16, 8.4048e+08,  0.0457219,  0.0178142
4.32598e+07,    60815.7, 4.70793e+06, 2.16938e+28, 4.54029e+23, 3.14794e+12,    1.26105, 1.77217e+29,    0.03468, 1.72231e-05, 1.98503e-14, 8.94986e-69, 9.32993e+14, 3.93157e+15, 1.23882e+11, 4.86469e+15, 2.46324e+16, 8.35202e+08,  0.0469227,  0.0182112
4.43598e+07,    60423.8, 4.68768e+06, 2.33022e+28, 4.81403e+23, 3.23247e+12,    1.27444, 1.69924e+29,    0.03468, 1.68196e-05, 1.81012e-14, 7.30865e-69, 9.22994e+14, 3.88944e+15, 1.21765e+11, 4.81255e+15, 2.51312e+16, 8.29819e+08,  0.0481273,  0.0186032
4.54598e+07,    60024.5,  4.667e+06, 2.49813e+28, 5.09302e+23, 3.31735e+12,    1.28832, 1.62755e+29,    0.03468, 1.64156e-05, 1.64673e-14, 5.9375e-69, 9.12849e+14, 3.84669e+15, 1.1963e+11, 4.75966e+15, 2.55888e+16, 8.24334e+08,  0.0493363,  0.0189902
4.65598e+07,    59617.9, 4.6459e+06, 2.67318e+28, 5.37682e+23, 3.4026e+12,     1.3027, 1.55721e+29,    0.03468, 1.60115e-05, 1.49455e-14, 4.79857e-69, 9.02567e+14, 3.80336e+15, 1.17482e+11, 4.70604e+15, 2.60041e+16, 8.18749e+08,  0.0505502,  0.0193721
4.76598e+07,    59204.2, 4.62438e+06, 2.85545e+28, 5.66496e+23, 3.48822e+12,     1.3176, 1.4883e+29,    0.03468, 1.56079e-05, 1.35321e-14, 3.85795e-69, 8.92153e+14, 3.75947e+15, 1.1532e+11, 4.65174e+15, 2.63762e+16, 8.13067e+08,  0.0517696,  0.0197488
4.87598e+07,    58783.6, 4.60246e+06, 3.04498e+28, 5.95694e+23, 3.57422e+12,    1.33304, 1.4209e+29,    0.03468, 1.52051e-05, 1.22233e-14, 3.08557e-69, 8.81615e+14, 3.71507e+15, 1.13148e+11, 4.59679e+15, 2.67043e+16, 8.0729e+08,  0.0529952,  0.0201202
4.98598e+07,    58356.3, 4.58012e+06, 3.24184e+28, 6.25229e+23, 3.66062e+12,    1.34902, 1.35509e+29,    0.03468, 1.48037e-05, 1.10149e-14, 2.45496e-69, 8.70958e+14, 3.67016e+15, 1.10968e+11, 4.54123e+15, 2.6988e+16, 8.01421e+08,  0.0542275,  0.0204862
5.09598e+07,    57922.3, 4.55739e+06, 3.44607e+28, 6.55051e+23, 3.74742e+12,    1.36556, 1.29091e+29,    0.03468, 1.44041e-05, 9.90227e-15, 1.94302e-69, 8.60191e+14, 3.62479e+15, 1.08781e+11, 4.48509e+15, 2.72269e+16, 7.95461e+08,  0.0554674,  0.0208468
5.20598e+07,      57482, 4.53426e+06, 3.6577e+28, 6.85112e+23, 3.83463e+12,    1.38269, 1.22844e+29,    0.03468, 1.40066e-05, 8.88078e-15, 1.52978e-69, 8.4932e+14, 3.57898e+15, 1.0659e+11, 4.4284e+15, 2.74209e+16, 7.89413e+08,  0.0567155,  0.0212019
5.31598e+07,    57035.4, 4.51075e+06, 3.87677e+28, 7.15361e+23, 3.92228e+12,    1.40042, 1.16772e+29,    0.03468, 1.36118e-05, 7.94561e-15, 1.19811e-69, 8.38352e+14, 3.53276e+15, 1.04396e+11, 4.37121e+15, 2.75699e+16, 7.83279e+08,  0.0579727,  0.0215514
5.42598e+07,    56582.8, 4.48685e+06, 4.10331e+28, 7.45749e+23, 4.01036e+12,    1.41876, 1.10878e+29,    0.03468, 1.32198e-05, 7.09187e-15, 9.33418e-70, 8.27293e+14, 3.48615e+15, 1.02201e+11, 4.31355e+15, 2.76744e+16, 7.77063e+08,  0.0592398,  0.0218952
5.53598e+07,    56124.3, 4.46258e+06, 4.33732e+28, 7.76228e+23, 4.09889e+12,    1.43774, 1.05167e+29,    0.03468, 1.28313e-05, 6.31466e-15, 7.2337e-70, 8.1615e+14, 3.4392e+15, 1.00008e+11, 4.25545e+15, 2.77345e+16, 7.70765e+08,  0.0605177,  0.0222333
5.64598e+07,    55660.1, 4.43794e+06, 4.57883e+28, 8.06749e+23, 4.18788e+12,    1.45738, 9.96399e+28,    0.03468, 1.24464e-05, 5.60908e-15, 5.57628e-70, 8.04931e+14, 3.39192e+15, 9.78172e+10, 4.19695e+15, 2.7751e+16, 7.6439e+08,  0.0618074,  0.0225657
5.75598e+07,    55190.5, 4.41294e+06, 4.82784e+28, 8.37264e+23, 4.27735e+12,    1.47769, 9.42998e+28,    0.03468, 1.20656e-05, 4.97032e-15, 4.27587e-70, 7.93642e+14, 3.34435e+15, 9.56314e+10, 4.13809e+15, 2.77245e+16, 7.57939e+08,  0.0631098,  0.0228922
5.86598e+07,    54715.4, 4.38758e+06, 5.08435e+28, 8.67727e+23, 4.36731e+12,     1.4987, 8.91473e+28,    0.03468, 1.16892e-05, 4.39364e-15, 3.26131e-70, 7.8229e+14, 3.29652e+15, 9.34522e+10, 4.0789e+15, 2.76558e+16, 7.51415e+08,   0.064426,  0.0232127
5.97598e+07,    54235.3, 4.36187e+06, 5.34834e+28, 8.98092e+23, 4.45776e+12,    1.52044, 8.41832e+28,    0.03468, 1.13174e-05, 3.87445e-15, 2.47425e-70, 7.70882e+14, 3.24844e+15, 9.12811e+10, 4.01941e+15, 2.7546e+16, 7.4482e+08,  0.0657571,  0.0235274
6.08598e+07,    53750.1, 4.33582e+06, 5.61981e+28, 9.28314e+23, 4.54873e+12,    1.54292, 7.94074e+28,    0.03468, 1.09507e-05, 3.4083e-15, 1.86713e-70, 7.59424e+14, 3.20016e+15,  8.912e+10, 3.95967e+15, 2.73963e+16, 7.38157e+08,  0.0671042,   0.023836
6.19598e+07,    53260.2, 4.30943e+06, 5.89873e+28, 9.5835e+23, 4.64022e+12,    1.56616, 7.48192e+28,    0.03468, 1.05891e-05, 2.99092e-15, 1.40144e-70, 7.47923e+14, 3.15169e+15, 8.69703e+10, 3.8997e+15, 2.72078e+16, 7.31428e+08,  0.0684687,  0.0241385
6.30598e+07,    52765.7, 4.28272e+06, 6.18507e+28, 9.88157e+23, 4.73224e+12,    1.59021, 7.04175e+28,    0.03468, 1.02331e-05, 2.61823e-15, 1.04626e-70, 7.36385e+14, 3.10307e+15, 8.48336e+10, 3.83954e+15, 2.69819e+16, 7.24636e+08,  0.0698517,   0.024435
6.41598e+07,    52266.8, 4.25568e+06, 6.4788e+28, 1.0177e+24, 4.82482e+12,    1.61508, 6.62007e+28,    0.03468, 9.88274e-06, 2.28637e-15,          0, 7.24817e+14, 3.05433e+15, 8.27114e+10, 3.77923e+15, 2.67202e+16, 7.17784e+08,  0.0712547,  0.0247253
6.52598e+07,    51763.7, 4.22832e+06, 6.77988e+28, 1.04693e+24, 4.91796e+12,     1.6408, 6.21666e+28,    0.03468, 9.53837e-06, 1.99165e-15,          0, 7.13226e+14, 3.00548e+15, 8.06052e+10, 3.71879e+15, 2.64242e+16, 7.10874e+08,   0.072679,  0.0250094
6.63598e+07,    51256.6, 4.20066e+06, 7.08825e+28, 1.07582e+24, 5.01168e+12,     1.6674, 5.83126e+28,    0.03468, 9.20016e-06, 1.73065e-15,          0, 7.01618e+14, 2.95657e+15, 7.85164e+10, 3.65826e+15, 2.60955e+16, 7.03908e+08,  0.0741263,  0.0252872
6.74598e+07,    50745.6, 4.17269e+06, 7.40387e+28, 1.10433e+24, 5.10599e+12,    1.69491, 5.46359e+28,    0.03468, 8.8683e-06, 1.50013e-15,          0, 6.89999e+14, 2.9076e+15, 7.64463e+10, 3.59768e+15, 2.57359e+16, 6.9689e+08,  0.0755981,  0.0255589
6.85598e+07,    50230.9, 4.14443e+06, 7.72667e+28, 1.13243e+24, 5.2009e+12,    1.72337, 5.1133e+28,    0.03468, 8.54294e-06, 1.29708e-15,          0, 6.78375e+14, 2.85862e+15, 7.43962e+10, 3.53707e+15, 2.53471e+16, 6.89822e+08,   0.077096,  0.0258242
6.96598e+07,    49712.8, 4.11588e+06, 8.05659e+28, 1.16008e+24, 5.29644e+12,     1.7528, 4.78004e+28,    0.03468, 8.22425e-06, 1.11873e-15,          0, 6.66753e+14, 2.80965e+15, 7.23673e+10, 3.47647e+15, 2.4931e+16, 6.82705e+08,  0.0786219,  0.0260831
7.07598e+07,    49191.4, 4.08705e+06, 8.39355e+28, 1.18727e+24, 5.39261e+12,    1.78325, 4.4634e+28,    0.03468, 7.91235e-06, 9.62482e-16,          0, 6.55138e+14, 2.7607e+15, 7.03608e+10, 3.41591e+15, 2.44894e+16, 6.75544e+08,  0.0801775,  0.0263358
7.18598e+07,    48666.8, 4.05795e+06, 8.73748e+28, 1.21395e+24, 5.48943e+12,    1.81475, 4.16298e+28,    0.03468, 7.60737e-06, 8.25982e-16,          0, 6.43537e+14, 2.71181e+15, 6.83779e+10, 3.35542e+15, 2.40243e+16, 6.6834e+08,   0.081765,   0.026582
7.29598e+07,    48139.4, 4.02857e+06, 9.08829e+28, 1.24011e+24, 5.58691e+12,    1.84734, 3.87831e+28,    0.03468, 7.30941e-06, 7.07056e-16,          0, 6.31955e+14, 2.66301e+15, 6.64195e+10, 3.29503e+15, 2.35375e+16, 6.61096e+08,  0.0833862,  0.0268218
7.40598e+07,    47609.2, 3.99894e+06, 9.44589e+28, 1.26572e+24, 5.68508e+12,    1.88106, 3.60895e+28,    0.03468, 7.01855e-06, 6.03724e-16,          0, 6.20398e+14, 2.61431e+15, 6.44867e+10, 3.23477e+15, 2.30311e+16, 6.53815e+08,  0.0850434,  0.0270552
7.51598e+07,    47076.5, 3.96906e+06, 9.81018e+28, 1.29077e+24, 5.78394e+12,    1.91595, 3.35441e+28,    0.03468, 6.73487e-06, 5.14185e-16,          0, 6.08872e+14, 2.56574e+15, 6.25805e+10, 3.17467e+15, 2.25069e+16, 6.46498e+08,  0.0867388,  0.0272822
7.62598e+07,    46541.5, 3.93892e+06, 1.01811e+29, 1.31523e+24, 5.88352e+12,    1.95206, 3.11421e+28,    0.03468, 6.45842e-06, 4.3681e-16,          0, 5.97382e+14, 2.51732e+15, 6.07016e+10, 3.11476e+15, 2.19669e+16, 6.3915e+08,  0.0884749,  0.0275027
7.73598e+07,    46004.2, 3.90855e+06, 1.05584e+29, 1.33909e+24, 5.98382e+12,    1.98943, 2.88783e+28,    0.03468, 6.18924e-06, 3.7013e-16,          0, 5.85933e+14, 2.46907e+15, 5.8851e+10, 3.05507e+15, 2.14129e+16, 6.31771e+08,  0.0902542,  0.0277167
7.84598e+07,      45465, 3.87795e+06, 1.09422e+29, 1.36234e+24, 6.08487e+12,    2.02812, 2.67477e+28,    0.03468, 5.92736e-06, 3.12823e-16,          0, 5.74531e+14, 2.42103e+15, 5.70293e+10, 2.99562e+15, 2.0847e+16, 6.24365e+08,  0.0920793,  0.0279243
7.95598e+07,    44923.9, 3.84712e+06, 1.13321e+29, 1.38495e+24, 6.18669e+12,    2.06816, 2.47452e+28,    0.03468, 5.67279e-06, 2.63707e-16,          0, 5.63181e+14, 2.3732e+15, 5.52374e+10, 2.93644e+15, 2.02709e+16, 6.16934e+08,  0.0939531,  0.0281254
8.06598e+07,    44381.3, 3.81608e+06, 1.17282e+29, 1.40693e+24, 6.28928e+12,    2.10963, 2.28656e+28,    0.03468, 5.42554e-06, 2.21726e-16,          0, 5.51888e+14, 2.32561e+15, 5.34759e+10, 2.87755e+15, 1.96865e+16, 6.09481e+08,  0.0958786,    0.02832
8.17598e+07,    43837.1, 3.78482e+06, 1.21304e+29, 1.42826e+24, 6.39267e+12,    2.15257, 2.11036e+28,    0.03468, 5.18559e-06, 1.85943e-16,          0, 5.40657e+14, 2.27828e+15, 5.17453e+10, 2.81899e+15, 1.90955e+16, 6.02008e+08,  0.0978588,  0.0285081
8.28598e+07,    43291.7, 3.75336e+06, 1.25383e+29, 1.44894e+24, 6.49688e+12,    2.19704, 1.94542e+28,    0.03468, 4.95292e-06, 1.55528e-16,          0, 5.29492e+14, 2.23124e+15, 5.00462e+10, 2.76078e+15, 1.84997e+16, 5.94517e+08,  0.0998971,  0.0286897
8.39598e+07,    42745.2, 3.7217e+06, 1.2952e+29, 1.46896e+24, 6.60193e+12,    2.24311, 1.79123e+28,    0.03468, 4.72749e-06, 1.29745e-16,          0, 5.18399e+14, 2.18449e+15, 4.83791e+10, 2.70294e+15, 1.79007e+16, 5.87011e+08,   0.101997,  0.0288649
8.50598e+07,    42197.8, 3.68986e+06, 1.33713e+29, 1.48832e+24, 6.70783e+12,    2.29084, 1.64726e+28,    0.03468, 4.50925e-06, 1.07951e-16,          0, 5.07381e+14, 2.13806e+15, 4.67444e+10, 2.64549e+15, 1.73003e+16, 5.79493e+08,   0.104162,  0.0290335
8.61598e+07,    41649.6, 3.65783e+06, 1.3796e+29, 1.50702e+24, 6.81461e+12,    2.34029, 1.51304e+28,    0.03468, 4.29815e-06, 8.95789e-17,          0, 4.96443e+14, 2.09197e+15, 4.51425e+10, 2.58845e+15, 1.66998e+16, 5.71964e+08,   0.106396,  0.0291957
8.72598e+07,    41100.8, 3.62563e+06, 1.4226e+29, 1.52506e+24, 6.92228e+12,    2.39154, 1.38806e+28,    0.03468, 4.09412e-06, 7.41353e-17,          0, 4.85589e+14, 2.04623e+15, 4.35737e+10, 2.53186e+15, 1.61009e+16, 5.64427e+08,   0.108704,  0.0293515
8.83598e+07,    40551.6, 3.59326e+06, 1.46612e+29, 1.54244e+24, 7.03086e+12,    2.44467, 1.27184e+28,    0.03468, 3.89708e-06, 6.11895e-17,          0, 4.74823e+14, 2.00086e+15, 4.20383e+10, 2.47573e+15, 1.55048e+16, 5.56885e+08,   0.111089,  0.0295008
8.94598e+07,    40002.2, 3.56073e+06, 1.51013e+29, 1.55917e+24, 7.14038e+12,    2.49975, 1.16393e+28,    0.03468, 3.70695e-06, 5.03681e-17,          0, 4.6415e+14, 1.95589e+15, 4.05366e+10, 2.42008e+15, 1.49131e+16, 5.49339e+08,   0.113556,  0.0296437
9.05598e+07,    39452.7, 3.52805e+06, 1.55462e+29, 1.57525e+24, 7.25086e+12,    2.55687, 1.06385e+28,    0.03468, 3.52363e-06, 4.13479e-17,          0, 4.53572e+14, 1.91131e+15, 3.90686e+10, 2.36492e+15, 1.43268e+16, 5.41792e+08,    0.11611,  0.0297802
9.16598e+07,    38903.3, 3.49522e+06, 1.59957e+29, 1.59069e+24, 7.36232e+12,    2.61611, 9.71161e+27,    0.03468, 3.34703e-06, 3.38504e-17,          0, 4.43094e+14, 1.86716e+15, 3.76346e+10, 2.31029e+15, 1.37472e+16, 5.34247e+08,   0.118756,  0.0299103
9.27598e+07,    38354.2, 3.46225e+06, 1.64497e+29, 1.6055e+24, 7.47477e+12,    2.67757, 8.85441e+27,    0.03468, 3.17703e-06, 2.76363e-17,          0, 4.32719e+14, 1.82344e+15, 3.62345e+10, 2.25619e+15, 1.31754e+16, 5.26705e+08,     0.1215,  0.0300341
9.38598e+07,    37805.4, 3.42915e+06, 1.6908e+29, 1.61968e+24, 7.58825e+12,    2.74134, 8.06269e+27,    0.03468, 3.01352e-06, 2.25006e-17,          0, 4.2245e+14, 1.78017e+15, 3.48685e+10, 2.20265e+15, 1.26124e+16, 5.19169e+08,   0.124348,  0.0301515
9.49598e+07,    37257.3, 3.39592e+06, 1.73704e+29, 1.63325e+24, 7.70278e+12,    2.80753, 7.33245e+27,    0.03468, 2.85637e-06, 1.82682e-17,          0, 4.1229e+14, 1.73735e+15, 3.35365e+10, 2.14968e+15, 1.20591e+16, 5.11641e+08,   0.127305,  0.0302626
9.60598e+07,    36709.8, 3.36257e+06, 1.78368e+29, 1.64622e+24, 7.81838e+12,    2.87623, 6.65983e+27,    0.03468, 2.70547e-06, 1.47905e-17,          0, 4.02243e+14, 1.69502e+15, 3.22385e+10, 2.09729e+15, 1.15165e+16, 5.04122e+08,   0.130378,  0.0303674
9.71598e+07,    36163.3, 3.32911e+06, 1.83068e+29, 1.65859e+24, 7.93508e+12,    2.94757, 6.04113e+27,    0.03468, 2.56069e-06, 1.1941e-17,          0, 3.92312e+14, 1.65317e+15, 3.09744e+10, 2.04551e+15, 1.09852e+16, 4.96616e+08,   0.133574,   0.030466
9.82598e+07,    35617.8, 3.29555e+06, 1.87805e+29, 1.67039e+24, 8.0529e+12,    3.02167, 5.47281e+27,    0.03468, 2.42188e-06, 9.61312e-18,          0, 3.82499e+14, 1.61181e+15, 2.9744e+10, 1.99434e+15, 1.0466e+16, 4.89125e+08,     0.1369,  0.0305584
9.93598e+07,    35073.5, 3.26188e+06, 1.92575e+29, 1.68162e+24, 8.17186e+12,    3.09864, 4.9515e+27,    0.03468, 2.28891e-06, 7.71692e-18,          0, 3.72806e+14, 1.57097e+15, 2.85473e+10, 1.9438e+15, 9.95954e+15, 4.81649e+08,   0.140365,  0.0306446
1.0046e+08,    34530.5, 3.22813e+06, 1.97377e+29, 1.69231e+24,  8.292e+12,    3.17862, 4.47395e+27,    0.03468, 2.16164e-06, 6.1769e-18,          0, 3.63236e+14, 1.53064e+15, 2.73839e+10, 1.89391e+15, 9.4663e+15, 4.74192e+08,   0.143976,  0.0307247
1.0156e+08,      33989, 3.19429e+06, 2.02209e+29, 1.70245e+24, 8.41334e+12,    3.26175, 4.03711e+27,    0.03468, 2.03992e-06, 4.92986e-18,          0, 3.53792e+14, 1.49085e+15, 2.62536e+10, 1.84467e+15, 8.98679e+15, 4.66755e+08,   0.147742,  0.0307987
1.0266e+08,    33449.1, 3.16038e+06, 2.07068e+29, 1.71208e+24, 8.53591e+12,    3.34818, 3.63807e+27,    0.03468, 1.9236e-06, 3.92307e-18,          0, 3.44476e+14, 1.45159e+15, 2.51562e+10, 1.79609e+15, 8.52139e+15, 4.59341e+08,   0.151673,  0.0308666
1.0376e+08,      32911, 3.12639e+06, 2.11954e+29, 1.72121e+24, 8.65974e+12,    3.43806, 3.27406e+27,    0.03468, 1.81254e-06, 3.11268e-18,          0, 3.35289e+14, 1.41288e+15, 2.40914e+10, 1.74819e+15, 8.07043e+15, 4.5195e+08,   0.155779,  0.0309285
1.0486e+08,    32374.7, 3.09234e+06, 2.16863e+29, 1.72984e+24, 8.78485e+12,    3.53156, 2.94247e+27,    0.03468, 1.70659e-06, 2.46235e-18,          0, 3.26233e+14, 1.37472e+15, 2.30588e+10, 1.70097e+15, 7.63419e+15, 4.44586e+08,    0.16007,  0.0309844
1.0596e+08,    31840.5, 3.05822e+06, 2.21795e+29, 1.73801e+24, 8.91128e+12,    3.62885, 2.64086e+27,    0.03468, 1.60559e-06, 1.94206e-18,          0, 3.17311e+14, 1.33712e+15, 2.20581e+10, 1.65445e+15, 7.21284e+15, 4.3725e+08,   0.164558,  0.0310345
1.0706e+08,    31308.5, 3.02406e+06, 2.26746e+29, 1.74572e+24, 9.03906e+12,    3.73011, 2.36689e+27,    0.03468, 1.50939e-06, 1.52706e-18,          0, 3.08524e+14, 1.30009e+15, 2.10888e+10, 1.60864e+15, 6.80654e+15, 4.29943e+08,   0.169255,  0.0310787
1.0816e+08,    30778.8, 2.98985e+06, 2.31715e+29, 1.75299e+24, 9.16822e+12,    3.83554, 2.11839e+27,    0.03468, 1.41784e-06, 1.19709e-18,          0, 2.99873e+14, 1.26364e+15, 2.01507e+10, 1.56353e+15, 6.41535e+15, 4.22668e+08,   0.174174,   0.031117
1.0926e+08,    30251.5, 2.95561e+06, 2.36699e+29, 1.75983e+24, 9.29879e+12,    3.94535, 1.89331e+27,    0.03468, 1.33079e-06, 9.35524e-19,          0, 2.91359e+14, 1.22776e+15, 1.92432e+10, 1.51914e+15, 6.0393e+15, 4.15427e+08,   0.179329,  0.0311496
1.1036e+08,    29726.7, 2.92133e+06, 2.41698e+29, 1.76628e+24, 9.43081e+12,    4.05974, 1.68976e+27,    0.03468, 1.24808e-06, 7.28839e-19,          0, 2.82985e+14, 1.19247e+15, 1.83658e+10, 1.47547e+15, 5.67835e+15, 4.0822e+08,   0.184735,  0.0311765
1.1146e+08,    29204.6, 2.88702e+06, 2.46708e+29, 1.77233e+24, 9.5643e+12,    4.17895, 1.50593e+27,    0.03468, 1.16957e-06, 5.66036e-19,          0, 2.7475e+14, 1.15777e+15, 1.75182e+10, 1.43254e+15, 5.33243e+15, 4.0105e+08,   0.190408,  0.0311977
1.1256e+08,    28685.3, 2.85269e+06, 2.51728e+29, 1.77801e+24, 9.69932e+12,    4.30323, 1.34016e+27,    0.03468, 1.09511e-06, 4.38205e-19,          0, 2.66656e+14, 1.12366e+15, 1.66998e+10, 1.39033e+15, 5.00141e+15, 3.93918e+08,   0.196366,  0.0312134
1.1366e+08,    28168.9, 2.81835e+06, 2.56755e+29, 1.78334e+24, 9.83588e+12,    4.43283, 1.19089e+27,    0.03468, 1.02454e-06, 3.38157e-19,          0, 2.58703e+14, 1.09015e+15, 1.59101e+10, 1.34887e+15, 4.68512e+15, 3.86826e+08,   0.202625,  0.0312235
1.1476e+08,    27655.5,  2.784e+06, 2.61787e+29, 1.78833e+24, 9.97404e+12,    4.56803, 1.05669e+27,    0.03468, 9.57717e-07, 2.60107e-19,          0, 2.50893e+14, 1.05724e+15, 1.51485e+10, 1.30814e+15, 4.38337e+15, 3.79776e+08,   0.209207,  0.0312281
1.1586e+08,    27145.3, 2.74965e+06, 2.66823e+29, 1.79299e+24, 1.01138e+13,    4.70911, 9.3622e+26,    0.03468, 8.94502e-07, 1.99418e-19,          0, 2.43225e+14, 1.02493e+15, 1.44146e+10, 1.26816e+15, 4.09591e+15, 3.72768e+08,   0.216132,  0.0312273
1.1696e+08,    26638.2, 2.71531e+06, 2.7186e+29, 1.79734e+24, 1.02553e+13,    4.85639, 8.28231e+26,    0.03468, 8.34749e-07, 1.52384e-19,          0,  2.357e+14, 9.93218e+14, 1.37077e+10, 1.22893e+15, 3.82248e+15, 3.65805e+08,   0.223423,  0.0312212
1.1806e+08,    26134.5, 2.68097e+06, 2.76897e+29, 1.8014e+24, 1.03984e+13,     5.0102, 7.31581e+26,    0.03468, 7.78318e-07, 1.16054e-19,          0, 2.28319e+14, 9.62115e+14, 1.30274e+10, 1.19045e+15, 3.56276e+15, 3.58888e+08,   0.231105,  0.0312098
1.1916e+08,    25634.3, 2.64665e+06, 2.8193e+29, 1.80519e+24, 1.05434e+13,    5.17089, 6.45214e+26,    0.03468, 7.25071e-07, 8.80866e-20,          0, 2.21082e+14, 9.31617e+14, 1.2373e+10, 1.15271e+15, 3.31643e+15, 3.52018e+08,   0.239204,  0.0311932
1.2026e+08,    25137.6, 2.61235e+06, 2.86959e+29, 1.80871e+24, 1.06901e+13,    5.33882, 5.68155e+26,    0.03468, 6.74872e-07, 6.66303e-20,          0, 2.13988e+14, 9.01725e+14, 1.17439e+10, 1.11573e+15, 3.08316e+15, 3.45196e+08,   0.247749,  0.0311714
1.2136e+08,    24644.5, 2.57807e+06, 2.9198e+29, 1.81197e+24, 1.08386e+13,    5.51439, 4.9951e+26,    0.03468, 6.27589e-07, 5.0226e-20,          0, 2.07039e+14, 8.72439e+14, 1.11396e+10, 1.07949e+15, 2.86256e+15, 3.38425e+08,   0.256769,  0.0311445
1.2246e+08,    24155.1, 2.54383e+06, 2.96993e+29, 1.81501e+24, 1.09891e+13,    5.69803, 4.38456e+26,    0.03468, 5.83092e-07, 3.77277e-20,          0, 2.00232e+14, 8.43758e+14, 1.05595e+10,  1.044e+15, 2.65426e+15, 3.31705e+08,   0.266299,  0.0311126
1.2356e+08,    23669.6, 2.50963e+06, 3.01994e+29, 1.81782e+24, 1.11414e+13,    5.89018, 3.84242e+26,    0.03468, 5.41255e-07, 2.82389e-20,          0, 1.93569e+14, 8.15681e+14, 1.00029e+10, 1.00926e+15, 2.45786e+15, 3.25037e+08,   0.276374,  0.0310757
1.2466e+08,      23188, 2.47546e+06, 3.06982e+29, 1.82042e+24, 1.12958e+13,    6.09132, 3.3618e+26,    0.03468, 5.01956e-07, 2.10606e-20,          0, 1.87049e+14, 7.88206e+14, 9.46928e+09, 9.75265e+14, 2.27296e+15, 3.18423e+08,   0.287032,   0.031034
1.2576e+08,    22710.3, 2.44135e+06, 3.11956e+29, 1.82282e+24, 1.14522e+13,    6.30196, 2.9364e+26,    0.03468, 4.65073e-07, 1.56498e-20,          0, 1.80672e+14, 7.61332e+14, 8.95802e+09, 9.42013e+14, 2.09912e+15, 3.11863e+08,   0.298316,  0.0309875
1.2686e+08,    22236.8, 2.40729e+06, 3.16912e+29, 1.82504e+24, 1.16107e+13,    6.52265, 2.56051e+26,    0.03468, 4.3049e-07, 1.15862e-20,          0, 1.74436e+14, 7.35057e+14, 8.4685e+09, 9.09502e+14, 1.93595e+15, 3.0536e+08,   0.310271,  0.0309362
1.2796e+08,    21767.3, 2.37329e+06, 3.21848e+29, 1.82709e+24, 1.17713e+13,    6.75397, 2.22893e+26,    0.03468, 3.98096e-07, 8.54558e-21,          0, 1.68342e+14, 7.09377e+14, 8.00012e+09, 8.77728e+14, 1.78299e+15, 2.98913e+08,   0.322946,  0.0308803
1.2906e+08,    21302.1, 2.33936e+06, 3.26764e+29, 1.82897e+24, 1.19341e+13,    6.99654, 1.93692e+26,    0.03468, 3.67778e-07, 6.27899e-21,          0, 1.62389e+14, 6.8429e+14, 7.55227e+09, 8.46687e+14, 1.63984e+15, 2.92525e+08,   0.336394,  0.0308198
1.3016e+08,    20841.2, 2.30549e+06, 3.31657e+29, 1.8307e+24, 1.20992e+13,    7.25103, 1.68021e+26,    0.03468, 3.39433e-07, 4.59579e-21,          0, 1.56576e+14, 6.59793e+14, 7.12434e+09, 8.16376e+14, 1.50606e+15, 2.86195e+08,   0.350673,  0.0307548
1.3126e+08,    20384.7, 2.2717e+06, 3.36525e+29, 1.83228e+24, 1.22666e+13,    7.51815, 1.45492e+26,    0.03468, 3.12956e-07, 3.35064e-21,          0, 1.50901e+14, 6.35881e+14, 6.71574e+09, 7.86789e+14, 1.38122e+15, 2.79926e+08,   0.365847,  0.0306854
1.3236e+08,    19932.6, 2.23799e+06, 3.41366e+29, 1.83374e+24, 1.24364e+13,    7.79866, 1.25756e+26,    0.03468, 2.8825e-07, 2.43313e-21,          0, 1.45365e+14, 6.12551e+14, 6.32586e+09, 7.57922e+14, 1.2649e+15, 2.73718e+08,   0.381984,  0.0306116
1.3346e+08,      19485, 2.20436e+06, 3.46178e+29, 1.83507e+24, 1.26086e+13,    8.09339, 1.08496e+26,    0.03468, 2.65218e-07, 1.75973e-21,          0, 1.39965e+14, 5.89797e+14, 5.95411e+09, 7.29768e+14, 1.15668e+15, 2.67571e+08,   0.399159,  0.0305335
1.3456e+08,      19042, 2.17081e+06, 3.5096e+29, 1.83629e+24, 1.27834e+13,    8.40322, 9.34305e+25,    0.03468, 2.43769e-07, 1.26748e-21,          0, 1.34701e+14, 5.67617e+14, 5.5999e+09, 7.02324e+14, 1.05616e+15, 2.61487e+08,   0.417453,  0.0304513
1.3566e+08,    18603.6, 2.13736e+06, 3.5571e+29, 1.8374e+24, 1.29607e+13,    8.72908, 8.03036e+25,    0.03468, 2.23814e-07, 9.09117e-22,          0, 1.29572e+14, 5.46003e+14, 5.26265e+09, 6.75581e+14, 9.62931e+14, 2.55466e+08,   0.436956,  0.0303649
1.3676e+08,    18169.8, 2.10401e+06, 3.60425e+29, 1.83841e+24, 1.31407e+13,    9.07199, 6.88874e+25,    0.03468, 2.05267e-07, 6.4931e-22,          0, 1.24577e+14, 5.24952e+14, 4.94178e+09, 6.49534e+14, 8.76593e+14, 2.4951e+08,   0.457764,  0.0302744
1.3786e+08,    17740.8, 2.07076e+06, 3.65104e+29, 1.83933e+24, 1.33233e+13,    9.43305, 5.89778e+25,    0.03468, 1.88049e-07, 4.61748e-22,          0, 1.19713e+14, 5.04457e+14, 4.63672e+09, 6.24175e+14, 7.96764e+14, 2.43619e+08,   0.479984,    0.03018
1.3896e+08,    17316.6, 2.03762e+06, 3.69746e+29, 1.84016e+24, 1.35088e+13,    9.81342, 5.03925e+25,    0.03468, 1.7208e-07, 3.26922e-22,          0, 1.1498e+14, 4.84513e+14, 4.34691e+09, 5.99498e+14, 7.2307e+14, 2.37793e+08,   0.503733,  0.0300818
1.4006e+08,    16897.2, 2.00458e+06, 3.74348e+29, 1.84092e+24, 1.36972e+13,    10.2144, 4.2969e+25,    0.03468, 1.57285e-07, 2.30428e-22,          0, 1.10376e+14, 4.65114e+14, 4.0718e+09, 5.75495e+14, 6.55148e+14, 2.32033e+08,   0.529139,  0.0299797
1.4116e+08,    16482.7, 1.97166e+06, 3.78909e+29, 1.8416e+24, 1.38886e+13,    10.6373, 3.65628e+25,    0.03468, 1.43594e-07, 1.61675e-22,          0, 1.05901e+14, 4.46253e+14, 3.81085e+09, 5.52158e+14, 5.92646e+14, 2.26341e+08,   0.556343,  0.0298739
1.4226e+08,    16073.1, 1.93886e+06, 3.83427e+29, 1.84222e+24, 1.4083e+13,    11.0836, 3.10458e+25,    0.03468, 1.30937e-07, 1.12908e-22,          0, 1.01551e+14, 4.27924e+14, 3.56351e+09, 5.29479e+14, 5.35226e+14, 2.20716e+08,   0.585498,  0.0297644
1.4336e+08,    15668.4, 1.90618e+06, 3.87901e+29, 1.84278e+24, 1.42805e+13,    11.5549, 2.63042e+25,    0.03468, 1.19251e-07, 7.84772e-23,          0, 9.73258e+13, 4.1012e+14, 3.32927e+09, 5.07449e+14, 4.8256e+14, 2.15159e+08,   0.616776,  0.0296514
1.4446e+08,    15268.8, 1.87363e+06, 3.92329e+29, 1.84329e+24, 1.44813e+13,     12.053, 2.22376e+25,    0.03468, 1.08472e-07, 5.4282e-23,          0, 9.32237e+13, 3.92834e+14, 3.10761e+09, 4.86061e+14, 4.34336e+14, 2.09671e+08,   0.650363,  0.0295349
1.4556e+08,    14874.2, 1.84121e+06, 3.9671e+29, 1.84374e+24, 1.46855e+13,    12.5797, 1.87574e+25,    0.03468, 9.85418e-08, 3.73611e-23,          0, 8.92429e+13, 3.76059e+14, 2.89802e+09, 4.65305e+14, 3.90253e+14, 2.04252e+08,   0.686466,   0.029415
1.4666e+08,    14484.6, 1.80892e+06, 4.01041e+29, 1.84415e+24, 1.4893e+13,    13.1369, 1.57854e+25,    0.03468, 8.94046e-08, 2.55851e-23,          0, 8.53816e+13, 3.59788e+14, 2.70002e+09, 4.45173e+14, 3.50026e+14, 1.98903e+08,   0.725315,  0.0292918
1.4776e+08,    14100.2, 1.77677e+06, 4.05322e+29, 1.84451e+24, 1.51041e+13,     13.727, 1.32531e+25,    0.03468, 8.1007e-08, 1.74306e-23,          0, 8.16381e+13, 3.44014e+14, 2.51311e+09, 4.25654e+14, 3.13379e+14, 1.93624e+08,   0.767162,  0.0291653
1.4886e+08,    13720.9, 1.74476e+06, 4.09552e+29, 1.84484e+24, 1.53189e+13,    14.3523, 1.11003e+25,    0.03468, 7.32987e-08, 1.18125e-23,          0, 7.80106e+13, 3.28728e+14, 2.33684e+09, 4.06741e+14, 2.80054e+14, 1.88414e+08,   0.812288,  0.0290357
1.4996e+08,    13346.7, 1.71289e+06, 4.13728e+29, 1.84513e+24, 1.55374e+13,    15.0153, 9.27429e+24,    0.03468, 6.62318e-08, 7.96211e-24,          0, 7.44973e+13, 3.13923e+14, 2.17074e+09, 3.88422e+14, 2.49804e+14, 1.83276e+08,   0.861004,  0.0289031
1.5106e+08,    12977.7, 1.68117e+06, 4.17849e+29, 1.84539e+24, 1.57598e+13,    15.7189, 7.7292e+24,    0.03468, 5.97613e-08, 5.33718e-24,          0, 7.10962e+13, 2.99591e+14, 2.01436e+09, 3.7069e+14, 2.22395e+14, 1.78209e+08,   0.913656,  0.0287674
1.5216e+08,    12613.9, 1.6496e+06, 4.21914e+29, 1.84562e+24, 1.59862e+13,    16.4662, 6.42492e+24,    0.03468, 5.38445e-08, 3.55743e-24,          0, 6.78056e+13, 2.85725e+14, 1.86727e+09, 3.53532e+14, 1.97606e+14, 1.73213e+08,   0.970629,  0.0286288
1.5326e+08,    12255.3, 1.61819e+06, 4.25922e+29, 1.84582e+24, 1.62168e+13,    17.2604, 5.32663e+24,    0.03468, 4.84412e-08, 2.35744e-24,          0, 6.46234e+13, 2.72316e+14, 1.72904e+09, 3.36941e+14, 1.75228e+14, 1.68289e+08,    1.03235,  0.0284874
1.5436e+08,    11901.9, 1.58693e+06, 4.29872e+29, 1.84601e+24, 1.64516e+13,    18.1052, 4.40414e+24,    0.03468, 4.35136e-08, 1.55297e-24,          0, 6.15478e+13, 2.59355e+14, 1.59927e+09, 3.20905e+14, 1.55067e+14, 1.63436e+08,    1.09931,  0.0283433
1.5546e+08,    11553.8, 1.55583e+06, 4.33762e+29, 1.84617e+24, 1.66909e+13,    19.0047, 3.63129e+24,    0.03468, 3.90259e-08, 1.01679e-24,          0, 5.85768e+13, 2.46836e+14, 1.47755e+09, 3.05414e+14, 1.36938e+14, 1.58656e+08,    1.17203,  0.0281965
1.5656e+08,    11210.9, 1.5249e+06, 4.37591e+29, 1.84631e+24, 1.69348e+13,    19.9632, 2.98554e+24,    0.03468, 3.49448e-08, 6.61582e-25,          0, 5.57084e+13, 2.34749e+14, 1.3635e+09, 2.90459e+14, 1.20669e+14, 1.53947e+08,    1.25112,  0.0280471
1.5766e+08,    10873.3, 1.49413e+06, 4.41358e+29, 1.84643e+24, 1.71833e+13,    20.9855, 2.44743e+24,    0.03468, 3.12388e-08,  4.277e-25,          0, 5.29407e+13, 2.23086e+14, 1.25674e+09, 2.76028e+14, 1.06098e+14, 1.49311e+08,    1.33726,  0.0278952
1.5876e+08,      10541, 1.46353e+06, 4.45063e+29, 1.84654e+24, 1.74368e+13,    22.0768, 2.00027e+24,    0.03468, 2.78783e-08, 2.74677e-25,          0, 5.02716e+13, 2.11839e+14, 1.15691e+09, 2.62111e+14, 9.30766e+13, 1.44748e+08,     1.4312,  0.0277409
1.5986e+08,      10214, 1.4331e+06, 4.48703e+29, 1.84664e+24, 1.76954e+13,     23.243, 1.62975e+24,    0.03468, 2.48359e-08, 1.75207e-25,          0, 4.76992e+13, 2.00999e+14, 1.06365e+09, 2.48699e+14, 8.14637e+13, 1.40257e+08,     1.5338,  0.0275842
1.6096e+08,    9892.25, 1.40285e+06, 4.52279e+29, 1.84672e+24, 1.79592e+13,    24.4904, 1.32364e+24,    0.03468, 2.20857e-08, 1.10979e-25,          0, 4.52214e+13, 1.90557e+14, 9.76632e+08, 2.3578e+14, 7.11299e+13, 1.35839e+08,    1.64602,  0.0274253
1.6206e+08,    9575.81, 1.37277e+06, 4.55788e+29, 1.8468e+24, 1.82284e+13,    25.8261, 1.0715e+24,    0.03468, 1.96037e-08, 6.97904e-26,          0, 4.28362e+13, 1.80506e+14, 8.95526e+08, 2.23344e+14, 6.19548e+13, 1.31494e+08,    1.76897,  0.0272642
1.6316e+08,    9264.65, 1.34287e+06, 4.59231e+29, 1.84686e+24, 1.85033e+13,    27.2578, 8.6445e+23,    0.03468, 1.73675e-08, 4.35635e-26,          0, 4.05415e+13, 1.70837e+14, 8.20014e+08, 2.1138e+14, 5.38272e+13, 1.27221e+08,    1.90387,   0.027101
1.6426e+08,    8958.79, 1.31315e+06, 4.62607e+29, 1.84691e+24, 1.87841e+13,    28.7942, 6.94979e+23,    0.03468, 1.5356e-08, 2.69848e-26,          0, 3.83355e+13, 1.61541e+14, 7.49795e+08, 1.99877e+14, 4.66444e+13, 1.23021e+08,    2.05214,  0.0269357
1.6536e+08,    8658.22, 1.28361e+06, 4.65914e+29, 1.84696e+24, 1.90709e+13,    30.4447, 5.56721e+23,    0.03468, 1.35499e-08, 1.65836e-26,          0, 3.62159e+13, 1.5261e+14, 6.84574e+08, 1.88826e+14, 4.0312e+13, 1.18893e+08,    2.21539,  0.0267686
1.6646e+08,    8362.95, 1.25426e+06, 4.69151e+29,  1.847e+24, 1.93641e+13,      32.22, 4.44309e+23,    0.03468, 1.19311e-08, 1.01084e-26,          0, 3.41809e+13, 1.44034e+14, 6.24072e+08, 1.78216e+14, 3.4743e+13, 1.14838e+08,    2.39543,  0.0265996
1.6756e+08,    8072.95, 1.22509e+06, 4.7232e+29, 1.84704e+24, 1.96638e+13,    34.1319, 3.53231e+23,    0.03468, 1.04829e-08, 6.10965e-27,          0, 3.22284e+13, 1.35807e+14, 5.68018e+08, 1.68036e+14, 2.98581e+13, 1.10856e+08,    2.59437,  0.0264287
1.6866e+08,    7788.23, 1.19611e+06, 4.75417e+29, 1.84707e+24, 1.99703e+13,    36.1934, 2.79705e+23,    0.03468, 9.18975e-09, 3.66056e-27,          0, 3.03563e+13, 1.27918e+14, 5.16154e+08, 1.58275e+14, 2.55844e+13, 1.06946e+08,    2.81462,  0.0262562
1.6976e+08,    7508.77, 1.16733e+06, 4.78444e+29, 1.84709e+24, 2.0284e+13,    38.4194, 2.2057e+23,    0.03468, 8.03739e-09, 2.17341e-27,          0, 2.85627e+13, 1.2036e+14, 4.68231e+08, 1.48923e+14, 2.18557e+13, 1.03109e+08,    3.05893,  0.0260821
1.7086e+08,    7234.58, 1.13873e+06,  4.814e+29, 1.84712e+24, 2.06051e+13,    40.8261, 1.73195e+23,    0.03468, 7.01257e-09, 1.27836e-27,          0, 2.68456e+13, 1.13124e+14, 4.24012e+08, 1.3997e+14, 1.86115e+13, 9.93437e+07,    3.33049,  0.0259063
1.7196e+08,    6965.63, 1.11033e+06, 4.84283e+29, 1.84714e+24, 2.09339e+13,    43.4321, 1.35392e+23,    0.03468, 6.1031e-09, 7.44604e-28,          0, 2.5203e+13, 1.06202e+14, 3.83269e+08, 1.31406e+14, 1.5797e+13, 9.56505e+07,    3.63299,  0.0257292
1.7306e+08,    6701.92, 1.08213e+06, 4.87094e+29, 1.84715e+24, 2.12708e+13,    46.2581, 1.05352e+23,    0.03468, 5.29776e-09, 4.29337e-28,          0, 2.36329e+13, 9.95862e+13, 3.45786e+08, 1.23219e+14, 1.33627e+13, 9.20292e+07,     3.9707,  0.0255506
1.7416e+08,    6443.43, 1.05412e+06, 4.89832e+29, 1.84717e+24, 2.16161e+13,    49.3274, 8.15849e+22,    0.03468, 4.58625e-09, 2.44959e-28,          0, 2.21333e+13, 9.32672e+13, 3.11354e+08, 1.15401e+14, 1.12637e+13, 8.84797e+07,    4.34861,  0.0253707
1.7526e+08,    6190.15, 1.02631e+06, 4.92497e+29, 1.84718e+24, 2.19702e+13,    52.6665, 6.28645e+22,    0.03468, 3.95913e-09, 1.38237e-28,          0, 2.07024e+13, 8.72373e+13, 2.79777e+08, 1.0794e+14, 9.45965e+12, 8.50016e+07,    4.77251,  0.0251895
1.7636e+08,    5942.06,     998706, 4.95088e+29, 1.84719e+24, 2.23335e+13,    56.3053, 4.8188e+22,    0.03468, 3.40772e-09, 7.71243e-29,          0, 1.93381e+13, 8.14884e+13, 2.50866e+08, 1.00827e+14, 7.91427e+12, 8.15949e+07,     5.2492,  0.0250071
1.7746e+08,    5699.15,     971299, 4.97606e+29, 1.84719e+24, 2.27064e+13,    60.2778, 3.67378e+22,    0.03468, 2.92414e-09, 4.25185e-29,          0, 1.80386e+13, 7.60123e+13, 2.24441e+08, 9.40511e+13, 6.59506e+12, 7.82593e+07,    5.78667,  0.0248237
1.7856e+08,     5461.4,     944095, 5.0005e+29, 1.8472e+24, 2.30894e+13,    64.6226, 2.78498e+22,    0.03468, 2.50116e-09, 2.31502e-29,          0, 1.68019e+13, 7.08011e+13, 2.00333e+08, 8.76032e+13, 5.47297e+12, 7.49945e+07,    6.39435,  0.0246392
1.7966e+08,    5228.79,     917093, 5.0242e+29, 1.84721e+24, 2.3483e+13,    69.3839, 2.09871e+22,    0.03468, 2.13222e-09, 1.24415e-29,          0, 1.56262e+13, 6.58469e+13, 1.78379e+08, 8.14732e+13, 4.52214e+12, 7.18003e+07,    7.08338,  0.0244538
1.8076e+08,     5001.3,     890297, 5.04716e+29, 1.84721e+24, 2.38877e+13,    74.6126, 1.57175e+22,    0.03468, 1.81133e-09, 6.59577e-30,          0, 1.45096e+13, 6.11418e+13, 1.58427e+08, 7.56516e+13, 3.71958e+12, 6.86764e+07,    7.86704,  0.0242674
1.8186e+08,    4778.91,     863705, 5.06938e+29, 1.84721e+24, 2.43041e+13,    80.3668, 1.16946e+22,    0.03468, 1.53309e-09, 3.44704e-30,          0, 1.34503e+13, 5.66781e+13, 1.40331e+08, 7.01286e+13, 3.04495e+12, 6.56227e+07,    8.76114,  0.0240803
1.8296e+08,    4561.61,     837320, 5.09086e+29, 1.84722e+24, 2.47329e+13,    86.7137, 8.64199e+21,    0.03468, 1.29259e-09, 1.77461e-30,          0, 1.24465e+13, 5.24482e+13, 1.23953e+08, 6.48948e+13, 2.48028e+12, 6.26387e+07,    9.78466,  0.0238924
1.8406e+08,    4349.37,     811142, 5.11159e+29, 1.84722e+24, 2.51746e+13,    93.7313, 6.3404e+21,    0.03468, 1.0854e-09, 8.99288e-31,          0, 1.14964e+13, 4.84444e+13, 1.09164e+08, 5.9941e+13, 2.00976e+12, 5.97243e+07,    10.9605,  0.0237039
1.8516e+08,    4142.17,     785172, 5.13159e+29, 1.84722e+24,  2.563e+13,     101.51, 4.61666e+21,    0.03468, 9.07535e-10, 4.48197e-31,          0, 1.05982e+13, 4.46595e+13, 9.58406e+07, 5.52577e+13, 1.61955e+12, 5.6879e+07,    12.3162,  0.0235147
1.8626e+08,    3939.99,     759410, 5.15086e+29, 1.84722e+24, 2.60999e+13,    110.155, 3.33477e+21,    0.03468,  7.554e-10, 2.19491e-31,          0, 9.75014e+12, 4.10859e+13, 8.38679e+07, 5.08361e+13, 1.29754e+12, 5.41028e+07,    13.8855,   0.023325
1.8736e+08,    3742.81,     733857, 5.16938e+29, 1.84723e+24, 2.65851e+13,    119.791, 2.38854e+21,    0.03468, 6.25778e-10, 1.05514e-31,          0, 8.95053e+12, 3.77164e+13, 7.31369e+07, 4.6667e+13, 1.03319e+12, 5.13951e+07,    15.7095,  0.0231348
1.8846e+08,    3550.61,     708514, 5.18718e+29, 1.84723e+24, 2.70866e+13,    130.563, 1.69557e+21,    0.03468, 5.15789e-10, 4.97363e-32,          0, 8.19767e+12, 3.45439e+13, 6.35453e+07, 4.27417e+13, 8.17378e+11, 4.87559e+07,    17.8389,  0.0229443
1.8947e+08,     3378.5,     685428, 5.20288e+29, 1.84723e+24, 2.75622e+13,    141.601, 1.22758e+21,    0.03468, 4.29881e-10,  2.448e-32,          0, 7.54614e+12, 3.17985e+13, 5.56594e+07, 3.93447e+13, 6.55183e+11, 4.63925e+07,    20.1164,   0.022769
1.9048e+08,    3210.55,     662520, 5.21797e+29, 1.84723e+24, 2.80533e+13,    153.899, 8.81278e+20,    0.03468, 3.56576e-10, 1.18273e-32,          0, 6.93135e+12, 2.92078e+13, 4.85833e+07, 3.61392e+13, 5.21963e+11, 4.40862e+07,    22.7639,  0.0225935
1.9149e+08,    3046.75,     639790, 5.23245e+29, 1.84723e+24, 2.85606e+13,    167.641, 6.27022e+20,    0.03468, 2.9428e-10, 5.60294e-33,          0, 6.35203e+12, 2.67667e+13, 4.22512e+07, 3.31187e+13, 4.13142e+11, 4.18369e+07,     25.855,  0.0224179
 1.925e+08,    2887.08,     617236, 5.24633e+29, 1.84723e+24, 2.90853e+13,    183.049, 4.41898e+20,    0.03468, 2.41568e-10, 2.59945e-33,          0, 5.80695e+12, 2.44698e+13, 3.66012e+07, 3.02768e+13, 3.24764e+11, 3.96443e+07,    29.4807,  0.0222421
1.9351e+08,    2731.52,     594861, 5.25961e+29, 1.84723e+24, 2.96285e+13,     200.38, 3.08296e+20,    0.03468, 1.9717e-10, 1.17952e-33,          0, 5.2949e+12, 2.2312e+13, 3.15755e+07, 2.7607e+13, 2.53431e+11, 3.75082e+07,    33.7549,  0.0220662
1.9452e+08,    2580.06,     572662, 5.27229e+29, 1.84723e+24, 3.01914e+13,    219.948, 2.12781e+20,    0.03468, 1.59956e-10, 5.22702e-34,          0, 4.81467e+12, 2.02884e+13, 2.71197e+07, 2.51031e+13, 1.96231e+11, 3.54284e+07,    38.8199,  0.0218904
1.9553e+08,    2432.68,     550642, 5.28439e+29, 1.84723e+24, 3.07753e+13,    242.127, 1.45177e+20,    0.03468, 1.28925e-10, 2.25853e-34,          0, 4.36509e+12, 1.83939e+13, 2.31829e+07, 2.27591e+13, 1.50681e+11, 3.34047e+07,    44.8562,  0.0217145
1.9654e+08,    2289.38,     528799, 5.2959e+29, 1.84723e+24, 3.13817e+13,    267.369, 9.78375e+19,    0.03468, 1.03194e-10, 9.49824e-35,          0,  3.945e+12, 1.66237e+13, 1.97176e+07, 2.05687e+13, 1.14679e+11, 3.14369e+07,    52.0935,  0.0215387
1.9755e+08,    2150.13,     507134, 5.30684e+29, 1.84723e+24, 3.20123e+13,    296.226, 6.50676e+19,    0.03468, 8.19843e-11, 3.8801e-35,          0, 3.55325e+12, 1.4973e+13, 1.66794e+07, 1.85262e+13, 8.64488e+10, 2.95248e+07,    60.8269,  0.0213631
1.9856e+08,    2014.93,     485646, 5.31721e+29, 1.84723e+24, 3.2669e+13,    329.374, 4.26615e+19,    0.03468, 6.46122e-11, 1.53624e-35,          0, 3.18874e+12, 1.34369e+13, 1.40271e+07, 1.66257e+13, 6.45011e+10, 2.76683e+07,    71.4394,  0.0211876
1.9957e+08,    1883.77,     464335, 5.32701e+29, 1.84723e+24, 3.33537e+13,    367.652, 2.75438e+19,    0.03468, 5.0481e-11, 5.88041e-36,          0, 2.85035e+12, 1.2011e+13, 1.17224e+07, 1.48614e+13, 4.75944e+10, 2.58672e+07,    84.4326,  0.0210124
2.0058e+08,    1756.64,     443201, 5.33625e+29, 1.84723e+24, 3.40688e+13,    412.099, 1.74894e+19,    0.03468, 3.90714e-11, 2.17005e-36,          0,  2.537e+12, 1.06906e+13, 9.72952e+06, 1.32276e+13, 3.46996e+10, 2.41215e+07,     100.47,  0.0208374
2.0159e+08,    1633.52,     422243, 5.34495e+29, 1.84723e+24, 3.48169e+13,    464.028, 1.09057e+19,    0.03468, 2.99331e-11, 7.69591e-37,          0, 2.24764e+12, 9.47127e+12, 8.01568e+06, 1.17189e+13, 2.49703e+10, 2.24309e+07,    120.441,  0.0206627
 2.026e+08,    1514.42,     401462, 5.35311e+29, 1.84723e+24, 3.5601e+13,    525.103, 6.66732e+18,    0.03468, 2.26778e-11, 2.61341e-37,          0, 1.98121e+12, 8.34857e+12, 6.55039e+06, 1.03298e+13, 1.77148e+10, 2.07955e+07,    145.549,  0.0204884
2.0361e+08,    1399.34,     380856, 5.36073e+29, 1.84723e+24, 3.64245e+13,    597.459, 3.98879e+18,    0.03468, 1.69724e-11, 8.46271e-38,          0, 1.73669e+12, 7.3182e+12, 5.3056e+06, 9.0549e+12, 1.2373e+10, 1.92152e+07,    177.451,  0.0203146
2.0462e+08,    1288.27,     360426, 5.36784e+29, 1.84723e+24, 3.72912e+13,    683.869, 2.33013e+18,    0.03468, 1.25328e-11, 2.6007e-38,          0, 1.51308e+12, 6.37591e+12, 4.25555e+06,  7.889e+12, 8.49489e+09,  1.769e+07,    218.456,  0.0201412
2.0563e+08,    1181.21,     340171, 5.37443e+29, 1.84723e+24, 3.82057e+13,    787.979, 1.32577e+18,    0.03468, 9.11783e-12, 7.54294e-39,          0, 1.30937e+12, 5.51753e+12, 3.37659e+06, 6.8269e+12, 5.72269e+09, 1.62199e+07,    271.836,  0.0199683
2.0664e+08,    1078.18,     320090, 5.38052e+29, 1.84723e+24, 3.91733e+13,    914.653, 7.32526e+17,    0.03468, 6.52459e-12, 2.05137e-39,          0, 1.12461e+12, 4.73895e+12, 2.64715e+06, 5.86356e+12, 3.77469e+09, 1.48051e+07,    342.318,   0.019796
2.0765e+08,    979.174,     300183, 5.38612e+29, 1.84723e+24, 3.94066e+13,    1070.48, 3.9168e+17,    0.03468, 4.58331e-12, 5.19131e-40,          0, 9.57822e+11, 4.03614e+12, 2.04754e+06, 4.99396e+12, 2.43171e+09, 1.34456e+07,    436.864,  0.0196243
2.0866e+08,    884.222,     280449, 5.39124e+29, 1.84723e+24, 3.94066e+13,    1264.54, 2.01833e+17,    0.03468, 3.15319e-12, 1.21139e-40,          0, 8.08079e+11, 3.40514e+12, 1.55992e+06, 4.21322e+12, 1.52546e+09, 1.21418e+07,    565.958,  0.0194533
2.0967e+08,    793.341,     260887, 5.39589e+29, 1.84723e+24, 3.94066e+13,    1509.61, 9.97313e+16,    0.03468, 2.11858e-12, 2.57812e-41,          0, 6.74453e+11, 2.84206e+12, 1.16815e+06, 3.51651e+12, 9.28511e+08, 1.08938e+07,    745.803,  0.0192829
2.1068e+08,    706.559,     241497, 5.4001e+29, 1.84723e+24, 3.94066e+13,    1824.06, 4.69687e+16,    0.03468, 1.38539e-12, 4.93775e-42,          0, 5.56031e+11, 2.34305e+12,     857702, 2.89908e+12, 5.45978e+08, 9.70219e+06,    1002.16,  0.0191134
2.1169e+08,    623.915,     222278, 5.40386e+29, 1.84723e+24, 3.94066e+13,       2235, 2.09245e+16,    0.03468, 8.7798e-13, 8.37132e-43,          0, 4.51919e+11, 1.90433e+12,     615565, 2.35625e+12, 3.08475e+08, 8.56734e+06,    1377.35,  0.0189446
 2.127e+08,    545.454,     203229, 5.4072e+29, 1.84723e+24, 3.94066e+13,    2783.62, 8.73516e+15,    0.03468, 5.3638e-13, 1.23053e-43,          0, 3.61229e+11, 1.52217e+12,     430159, 1.8834e+12, 1.66332e+08, 7.48996e+06,    1943.61,  0.0187767
2.1371e+08,    471.238,     184348, 5.41013e+29, 1.84723e+24, 3.94066e+13,    3534.73, 3.37602e+15,    0.03468, 3.13743e-13, 1.52724e-44,          0, 2.83087e+11, 1.19289e+12,     291238, 1.47598e+12, 8.48543e+07, 6.47085e+06,    2829.82,  0.0186097
2.1472e+08,    401.343,     165637, 5.41267e+29, 1.84723e+24, 3.94066e+13,    4594.52, 1.18903e+15,    0.03468, 1.74147e-13, 1.54583e-45,          0, 2.16626e+11, 9.12835e+11,     189808, 1.12946e+12, 4.04935e+07, 5.51108e+06,    4278.31,  0.0184437
2.1573e+08,    335.864,     147092, 5.41483e+29, 1.84723e+24, 3.94066e+13,    6145.84, 3.73601e+14,    0.03468, 9.06345e-14, 1.21791e-46,          0, 1.60987e+11, 6.7838e+11,     118044, 8.39367e+11, 1.78028e+07, 4.61195e+06,    6774.68,  0.0182787
2.1674e+08,    274.926,     128713, 5.41664e+29, 1.84723e+24, 3.94066e+13,    8523.09, 1.01682e+14,    0.03468, 4.34994e-14, 7.00085e-48,          0, 1.15313e+11, 4.85914e+11,      69212, 6.01226e+11, 7.05969e+06, 3.77517e+06,    11370.9,  0.0181148
2.1775e+08,    218.686,     110499, 5.41812e+29, 1.84723e+24, 3.94066e+13,    12386.3, 2.29711e+13,    0.03468, 1.87948e-14, 2.6738e-49,          0, 7.87446e+10, 3.3182e+11,      37595, 4.10564e+11, 2.44898e+06, 3.00291e+06,    20582.4,  0.0179521
2.1876e+08,    167.355,    92449.6, 5.41928e+29, 1.84723e+24, 3.94066e+13,    19173.7, 4.03639e+12,    0.03468, 7.04748e-15, 5.88282e-51,          0, 5.04177e+10, 2.12454e+11,    18420.8, 2.62871e+11,     709280, 2.29805e+06,      41250,  0.0177905
2.1977e+08,    121.216,    74562.2, 5.42016e+29, 1.84723e+24, 3.94066e+13,    32471.5, 4.95997e+11,    0.03468, 2.15979e-15, 5.90369e-53,          0, 2.94522e+10, 1.24108e+11,    7794.09, 1.5356e+11,     158897, 1.66449e+06,    95564.8,  0.0176302
2.2078e+08,     80.671,    56836.1, 5.42078e+29, 1.84723e+24, 3.94066e+13,    63145.7, 3.51565e+10,    0.03468, 4.85277e-16, 1.77084e-55,          0, 1.4941e+10, 6.29596e+10,     2631.4, 7.79007e+10,    23979.3, 1.10774e+06,     276693,  0.0174713
2.2179e+08,    46.3307,    39269.8, 5.42117e+29, 1.84723e+24, 3.94066e+13,     156218, 9.56071e+08,    0.03468, 6.35153e-17, 6.48741e-59,          0, 5.9288e+09, 2.49832e+10,    599.686, 3.0912e+10,    1819.03,     636194, 1.18086e+06,  0.0173138
 2.228e+08,    19.2446,    21861.8, 5.42137e+29, 1.84723e+24, 3.94066e+13,     656059, 3.16487e+06,    0.03468, 2.53413e-18, 2.33612e-64,          0, 1.37099e+09, 5.77718e+09,    57.6014, 7.14817e+09,    30.4213,     264259, 9.80127e+06,  0.0171578
2.2392e+08,   0.854393,    2741.05, 5.42143e+29, 1.84723e+24, 3.94826e+13, 1.06237e+08,  0.0051064,    0.03468, 2.78037e-23,          0,          0, 7.63157e+06, 3.21585e+07,  0.0142351,  3.979e+07, 1.49677e-05,    11732.2,    2.05383,  0.0169868
